3 0 0 0.000000 3.99339604377747 0 -4.0000000000
3 0 1 73728.000000 3.75675463676453 5 -2.7500000000
3 0 2 147456.000000 0.32956105470657 0 -4.5000000000
3 0 3 221184.000000 0.10221575200558 4 -5.2500000000
3 0 4 294912.000000 0.03490374982357 3 -6.2500000000
3 0 5 368640.000000 0.01009071338922 5 -6.7500000000
3 0 6 442368.000000 0.00424030469730 5 -7.2500000000
3 0 7 516096.000000 0.00115276174620 4 -8.0000000000
3 0 8 589824.000000 0.00042444089195 3 -9.0000000000
3 0 9 663552.000000 0.00014697863662 3 -10.0000000000
3 0 10 737280.000000 0.00003213072705 3 -10.7500000000
3 0 11 811008.000000 0.00000897446807 3 -11.7500000000
3 0 12 884736.000000 0.00000293764174 4 -12.5000000000
3 0 13 958464.000000 0.00000072935751 3 -13.5000000000
3 0 14 1032192.000000 0.00000016181690 3 -14.5000000000
3 0 15 1105920.000000 0.00000004645749 3 -15.5000000000
3 0 16 1179648.000000 0.00000001082311 3 -16.5000000000
3 1 0 0.000000 0.38191488385201 0 -4.0000000000
3 1 1 73728.000000 0.16648240387440 0 -4.0000000000
3 1 2 147456.000000 0.02764566428959 5 -4.5000000000
3 1 3 221184.000000 0.01020209491253 4 -5.2500000000
3 1 4 294912.000000 0.00355498236604 5 -5.7500000000
3 1 5 368640.000000 0.00113001524005 4 -6.5000000000
3 1 6 442368.000000 0.00040016716230 4 -7.2500000000
3 1 7 516096.000000 0.00011982013530 4 -8.0000000000
3 1 8 589824.000000 0.00003171585558 3 -9.0000000000
3 1 9 663552.000000 0.00000790652848 3 -10.0000000000
3 1 10 737280.000000 0.00000212747682 3 -11.0000000000
3 1 11 811008.000000 0.00000049173178 3 -12.0000000000
3 1 12 884736.000000 0.00000013302306 3 -13.0000000000
3 1 13 958464.000000 0.00000003900821 3 -14.0000000000
3 1 14 1032192.000000 0.00000001032933 4 -14.7500000000
3 1 15 1105920.000000 0.00000000261550 3 -15.7500000000
3 1 16 1179648.000000 0.00000000065552 3 -16.7500000000
3 2 0 0.000000 0.14777614176273 0 -4.0000000000
3 2 1 73728.000000 0.10247724503279 0 -4.0000000000
3 2 2 147456.000000 0.00669585820287 3 -5.0000000000
3 2 3 221184.000000 0.00185946444981 4 -5.7500000000
3 2 4 294912.000000 0.00080187123967 4 -6.5000000000
3 2 5 368640.000000 0.00034006766509 5 -7.0000000000
3 2 6 442368.000000 0.00014970512711 4 -7.7500000000
3 2 7 516096.000000 0.00004844353680 5 -8.2500000000
3 2 8 589824.000000 0.00001531507587 4 -9.0000000000
3 2 9 663552.000000 0.00000380663550 3 -10.0000000000
3 2 10 737280.000000 0.00000109397786 3 -11.0000000000
3 2 11 811008.000000 0.00000030268953 4 -11.7500000000
3 2 12 884736.000000 0.00000008136595 3 -12.7500000000
3 2 13 958464.000000 0.00000002104357 3 -13.7500000000
3 2 14 1032192.000000 0.00000000480332 3 -14.7500000000
3 2 15 1105920.000000 0.00000000116042 3 -15.7500000000
3 2 16 1179648.000000 0.00000000031793 3 -16.7500000000
3 3 0 0.000000 0.48997804522514 0 -4.0000000000
3 3 1 73728.000000 0.24004156887531 0 -4.0000000000
3 3 2 147456.000000 0.02881374955177 5 -4.5000000000
3 3 3 221184.000000 0.01235291548073 4 -5.2500000000
3 3 4 294912.000000 0.00473217759281 4 -6.0000000000
3 3 5 368640.000000 0.00205040653236 5 -6.5000000000
3 3 6 442368.000000 0.00086276314687 5 -7.0000000000
3 3 7 516096.000000 0.00022995403560 4 -7.7500000000
3 3 8 589824.000000 0.00006591221609 3 -8.7500000000
3 3 9 663552.000000 0.00001971443453 4 -9.5000000000
3 3 10 737280.000000 0.00000417258207 3 -10.5000000000
3 3 11 811008.000000 0.00000113852298 3 -11.5000000000
3 3 12 884736.000000 0.00000030023659 3 -12.5000000000
3 3 13 958464.000000 0.00000006969348 3 -13.5000000000
3 3 14 1032192.000000 0.00000001792281 3 -14.5000000000
3 3 15 1105920.000000 0.00000000463195 3 -15.5000000000
3 3 16 1179648.000000 0.00000000122213 3 -16.5000000000
3 4 0 0.000000 0.02711580879986 0 -5.0000000000
3 4 1 73728.000000 0.01299108192325 1 -4.7500000000
3 4 2 147456.000000 0.00263371830806 6 -5.0000000000
3 4 3 221184.000000 0.00088661198970 4 -5.7500000000
3 4 4 294912.000000 0.00030700507341 3 -6.7500000000
3 4 5 368640.000000 0.00011812154844 4 -7.5000000000
3 4 6 442368.000000 0.00004031609933 5 -8.0000000000
3 4 7 516096.000000 0.00001254943982 4 -8.7500000000
3 4 8 589824.000000 0.00000364863308 3 -9.7500000000
3 4 9 663552.000000 0.00000104851983 4 -10.5000000000
3 4 10 737280.000000 0.00000026149257 3 -11.5000000000
3 4 11 811008.000000 0.00000006347469 3 -12.5000000000
3 4 12 884736.000000 0.00000001565945 3 -13.5000000000
3 4 13 958464.000000 0.00000000423338 3 -14.5000000000
3 4 14 1032192.000000 0.00000000097713 3 -15.5000000000
3 4 15 1105920.000000 0.00000000027402 3 -16.5000000000
3 4 16 1179648.000000 0.00000000007003 3 -17.5000000000
3 5 0 0.000000 0.00437550712377 0 -5.0000000000
3 5 1 73728.000000 0.00210425211117 0 -5.0000000000
3 5 2 147456.000000 0.00048547322513 4 -5.7500000000
3 5 3 221184.000000 0.00018643854128 5 -6.2500000000
3 5 4 294912.000000 0.00009213414160 4 -7.0000000000
3 5 5 368640.000000 0.00004669526606 5 -7.5000000000
3 5 6 442368.000000 0.00002230075370 7 -7.5000000000
3 5 7 516096.000000 0.00000716058412 4 -8.2500000000
3 5 8 589824.000000 0.00000220615925 4 -9.0000000000
3 5 9 663552.000000 0.00000055072542 3 -10.0000000000
3 5 10 737280.000000 0.00000014900839 3 -11.0000000000
3 5 11 811008.000000 0.00000003594293 3 -12.0000000000
3 5 12 884736.000000 0.00000000884228 3 -13.0000000000
3 5 13 958464.000000 0.00000000218792 3 -14.0000000000
3 5 14 1032192.000000 0.00000000058007 3 -15.0000000000
3 5 15 1105920.000000 0.00000000012887 3 -16.0000000000
3 5 16 1179648.000000 0.00000000003595 3 -17.0000000000
3 6 0 0.000000 0.13888852298260 0 -4.0000000000
3 6 1 73728.000000 0.08979076892138 0 -4.0000000000
3 6 2 147456.000000 0.00643423479050 3 -5.0000000000
3 6 3 221184.000000 0.00216955179349 3 -6.0000000000
3 6 4 294912.000000 0.00078798568575 4 -6.7500000000
3 6 5 368640.000000 0.00030249822885 6 -7.0000000000
3 6 6 442368.000000 0.00012653504382 4 -7.7500000000
3 6 7 516096.000000 0.00005475854778 4 -8.5000000000
3 6 8 589824.000000 0.00001486291512 5 -9.0000000000
3 6 9 663552.000000 0.00000409908398 3 -10.0000000000
3 6 10 737280.000000 0.00000129080479 3 -11.0000000000
3 6 11 811008.000000 0.00000033226837 4 -11.7500000000
3 6 12 884736.000000 0.00000009569357 3 -12.7500000000
3 6 13 958464.000000 0.00000002085501 3 -13.7500000000
3 6 14 1032192.000000 0.00000000518933 3 -14.7500000000
3 6 15 1105920.000000 0.00000000133578 3 -15.7500000000
3 6 16 1179648.000000 0.00000000030034 3 -16.7500000000
3 7 0 0.000000 0.00299010588787 0 -5.0000000000
3 7 1 73728.000000 0.00154372758698 0 -5.0000000000
3 7 2 147456.000000 0.00028899475001 4 -5.7500000000
3 7 3 221184.000000 0.00009267616406 4 -6.5000000000
3 7 4 294912.000000 0.00003408640623 3 -7.5000000000
3 7 5 368640.000000 0.00001144046564 5 -8.0000000000
3 7 6 442368.000000 0.00000412540248 4 -8.7500000000
3 7 7 516096.000000 0.00000124407507 4 -9.5000000000
3 7 8 589824.000000 0.00000037018850 4 -10.2500000000
3 7 9 663552.000000 0.00000010042376 3 -11.2500000000
3 7 10 737280.000000 0.00000002478871 3 -12.2500000000
3 7 11 811008.000000 0.00000000824235 4 -13.0000000000
3 7 12 884736.000000 0.00000000223935 3 -14.0000000000
3 7 13 958464.000000 0.00000000052863 3 -15.0000000000
3 7 14 1032192.000000 0.00000000012468 3 -16.0000000000
3 7 15 1105920.000000 0.00000000003177 3 -17.0000000000
3 7 16 1179648.000000 0.00000000000843 3 -18.0000000000
3 8 0 0.000000 0.00083876302233 0 -6.0000000000
3 8 1 73728.000000 0.00080372643424 5 -4.7500000000
3 8 2 147456.000000 0.00013606595166 2 -6.0000000000
3 8 3 221184.000000 0.00005546141983 6 -6.2500000000
3 8 4 294912.000000 0.00002196555579 3 -7.2500000000
3 8 5 368640.000000 0.00000985364568 5 -7.7500000000
3 8 6 442368.000000 0.00000360814624 6 -8.0000000000
3 8 7 516096.000000 0.00000123762356 4 -8.7500000000
3 8 8 589824.000000 0.00000034651544 3 -9.7500000000
3 8 9 663552.000000 0.00000010671239 4 -10.5000000000
3 8 10 737280.000000 0.00000002443705 3 -11.5000000000
3 8 11 811008.000000 0.00000000737993 3 -12.5000000000
3 8 12 884736.000000 0.00000000179888 3 -13.5000000000
3 8 13 958464.000000 0.00000000044883 3 -14.5000000000
3 8 14 1032192.000000 0.00000000011511 3 -15.5000000000
3 8 15 1105920.000000 0.00000000002642 3 -16.5000000000
3 8 16 1179648.000000 0.00000000000744 3 -17.5000000000
