1 0 0 0.000000 8.95843505859375 0 -3.0000000000
1 0 1 12288.000000 6.12733983993530 0 -3.0000000000
1 0 2 24576.000000 2.30422711372375 2 -4.2500000000
1 0 3 36864.000000 0.37898504734039 5 -4.2500000000
1 0 4 49152.000000 0.19581931829453 5 -4.7500000000
1 0 5 61440.000000 0.05961170047522 4 -5.5000000000
1 0 6 73728.000000 0.02013626322150 4 -6.2500000000
1 0 7 86016.000000 0.00672997580841 3 -7.2500000000
1 0 8 98304.000000 0.00155352405272 3 -8.2500000000
1 0 9 110592.000000 0.00048909446923 4 -9.0000000000
1 0 10 122880.000000 0.00012090273231 2 -10.2500000000
1 0 11 135168.000000 0.00001899080235 3 -11.2500000000
1 0 12 147456.000000 0.00000595055144 4 -12.0000000000
1 0 13 159744.000000 0.00000160369098 2 -13.2500000000
1 0 14 172032.000000 0.00000043692381 3 -14.2500000000
1 0 15 184320.000000 0.00000008365548 3 -15.2500000000
1 0 16 196608.000000 0.00000002588567 3 -16.2500000000
1 1 0 0.000000 1.11967504024506 0 -3.0000000000
1 1 1 12288.000000 0.53532373905182 2 -2.5000000000
1 1 2 24576.000000 0.10128559917212 4 -3.2500000000
1 1 3 36864.000000 0.02892702072859 4 -4.0000000000
1 1 4 49152.000000 0.00832992419600 5 -4.5000000000
1 1 5 61440.000000 0.00266347941943 4 -5.2500000000
1 1 6 73728.000000 0.00079183076741 3 -6.2500000000
1 1 7 86016.000000 0.00025714453659 5 -6.7500000000
1 1 8 98304.000000 0.00005766930917 3 -7.7500000000
1 1 9 110592.000000 0.00001764993613 3 -8.7500000000
1 1 10 122880.000000 0.00000411503424 3 -9.7500000000
1 1 11 135168.000000 0.00000098474300 3 -10.7500000000
1 1 12 147456.000000 0.00000032776748 3 -11.7500000000
1 1 13 159744.000000 0.00000009261788 4 -12.5000000000
1 1 14 172032.000000 0.00000002331146 3 -13.5000000000
1 1 15 184320.000000 0.00000000508885 3 -14.5000000000
1 1 16 196608.000000 0.00000000132145 3 -15.5000000000
1 2 0 0.000000 0.53717756271362 0 -3.0000000000
1 2 1 12288.000000 0.55224287509918 0 -3.0000000000
1 2 2 24576.000000 0.06249965354800 5 -3.5000000000
1 2 3 36864.000000 0.01104805618525 4 -4.2500000000
1 2 4 49152.000000 0.00424509216100 4 -5.0000000000
1 2 5 61440.000000 0.00138318736572 4 -5.7500000000
1 2 6 73728.000000 0.00041476247134 5 -6.2500000000
1 2 7 86016.000000 0.00014138233382 3 -7.2500000000
1 2 8 98304.000000 0.00002493887951 3 -8.2500000000
1 2 9 110592.000000 0.00001094281834 3 -9.2500000000
1 2 10 122880.000000 0.00000257696274 3 -10.2500000000
1 2 11 135168.000000 0.00000063431992 4 -11.0000000000
1 2 12 147456.000000 0.00000019942945 3 -12.0000000000
1 2 13 159744.000000 0.00000004711919 3 -13.0000000000
1 2 14 172032.000000 0.00000000883153 3 -14.0000000000
1 2 15 184320.000000 0.00000000308030 3 -15.0000000000
1 2 16 196608.000000 0.00000000065052 3 -16.0000000000
1 3 0 0.000000 0.02546842023730 0 -4.0000000000
1 3 1 12288.000000 0.01506564673036 0 -4.0000000000
1 3 2 24576.000000 0.00252964138053 6 -4.2500000000
1 3 3 36864.000000 0.00083955121227 4 -5.0000000000
1 3 4 49152.000000 0.00030615116702 4 -5.7500000000
1 3 5 61440.000000 0.00012564018834 5 -6.2500000000
1 3 6 73728.000000 0.00003903405741 4 -7.0000000000
1 3 7 86016.000000 0.00000995531900 4 -7.7500000000
1 3 8 98304.000000 0.00000276250717 3 -8.7500000000
1 3 9 110592.000000 0.00000070641585 3 -9.7500000000
1 3 10 122880.000000 0.00000017875188 3 -10.7500000000
1 3 11 135168.000000 0.00000004511545 3 -11.7500000000
1 3 12 147456.000000 0.00000001142686 3 -12.7500000000
1 3 13 159744.000000 0.00000000280158 3 -13.7500000000
1 3 14 172032.000000 0.00000000070728 3 -14.7500000000
1 3 15 184320.000000 0.00000000017872 3 -15.7500000000
1 3 16 196608.000000 0.00000000004791 3 -16.7500000000
1 4 0 0.000000 0.13185963034630 0 -4.0000000000
1 4 1 12288.000000 0.04990189522505 3 -3.2500000000
1 4 2 24576.000000 0.01529280375689 1 -4.7500000000
1 4 3 36864.000000 0.00627174321562 7 -4.7500000000
1 4 4 49152.000000 0.00132585875690 4 -5.5000000000
1 4 5 61440.000000 0.00036660733167 4 -6.2500000000
1 4 6 73728.000000 0.00009491951641 4 -7.0000000000
1 4 7 86016.000000 0.00003920766176 4 -7.7500000000
1 4 8 98304.000000 0.00000979557080 3 -8.7500000000
1 4 9 110592.000000 0.00000206015920 3 -9.7500000000
1 4 10 122880.000000 0.00000077590494 3 -10.7500000000
1 4 11 135168.000000 0.00000022108331 4 -11.5000000000
1 4 12 147456.000000 0.00000003486398 3 -12.5000000000
1 4 13 159744.000000 0.00000001211381 3 -13.5000000000
1 4 14 172032.000000 0.00000000196570 3 -14.5000000000
1 4 15 184320.000000 0.00000000069858 3 -15.5000000000
1 4 16 196608.000000 0.00000000014962 3 -16.5000000000
1 5 0 0.000000 0.63965743780136 0 -3.0000000000
1 5 1 12288.000000 0.39933192729950 3 -2.2500000000
1 5 2 24576.000000 0.06874699890614 2 -3.5000000000
1 5 3 36864.000000 0.02223873697221 4 -4.2500000000
1 5 4 49152.000000 0.00664857309312 4 -5.0000000000
1 5 5 61440.000000 0.00187895249110 5 -5.5000000000
1 5 6 73728.000000 0.00064942869358 3 -6.5000000000
1 5 7 86016.000000 0.00023964521824 4 -7.2500000000
1 5 8 98304.000000 0.00005303303624 4 -8.0000000000
1 5 9 110592.000000 0.00001378815614 3 -9.0000000000
1 5 10 122880.000000 0.00000355461270 3 -10.0000000000
1 5 11 135168.000000 0.00000086667666 3 -11.0000000000
1 5 12 147456.000000 0.00000019112802 3 -12.0000000000
1 5 13 159744.000000 0.00000006082403 3 -13.0000000000
1 5 14 172032.000000 0.00000001506934 3 -14.0000000000
1 5 15 184320.000000 0.00000000449017 3 -15.0000000000
1 5 16 196608.000000 0.00000000091118 3 -16.0000000000
1 6 0 0.000000 0.04096340388060 0 -4.0000000000
1 6 1 12288.000000 0.02555356733501 1 -3.7500000000
1 6 2 24576.000000 0.00361002632417 5 -4.2500000000
1 6 3 36864.000000 0.00094073510263 3 -5.2500000000
1 6 4 49152.000000 0.00032138839015 4 -6.0000000000
1 6 5 61440.000000 0.00010691138596 4 -6.7500000000
1 6 6 73728.000000 0.00003574017683 3 -7.7500000000
1 6 7 86016.000000 0.00001027434428 5 -8.2500000000
1 6 8 98304.000000 0.00000295249197 3 -9.2500000000
1 6 9 110592.000000 0.00000068493432 3 -10.2500000000
1 6 10 122880.000000 0.00000016541682 3 -11.2500000000
1 6 11 135168.000000 0.00000004555534 3 -12.2500000000
1 6 12 147456.000000 0.00000001487473 4 -13.0000000000
1 6 13 159744.000000 0.00000000382863 3 -14.0000000000
1 6 14 172032.000000 0.00000000081990 3 -15.0000000000
1 6 15 184320.000000 0.00000000023324 3 -16.0000000000
1 6 16 196608.000000 0.00000000005402 3 -17.0000000000
1 7 0 0.000000 0.03303404152393 0 -4.0000000000
1 7 1 12288.000000 0.01525924447924 2 -3.5000000000
1 7 2 24576.000000 0.00300619960763 5 -4.0000000000
1 7 3 36864.000000 0.00096589833265 4 -4.7500000000
1 7 4 49152.000000 0.00030906786560 4 -5.5000000000
1 7 5 61440.000000 0.00009207164840 3 -6.5000000000
1 7 6 73728.000000 0.00002756598769 4 -7.2500000000
1 7 7 86016.000000 0.00000884806286 4 -8.0000000000
1 7 8 98304.000000 0.00000272937564 3 -9.0000000000
1 7 9 110592.000000 0.00000066738272 4 -9.7500000000
1 7 10 122880.000000 0.00000018761773 3 -10.7500000000
1 7 11 135168.000000 0.00000004438090 3 -11.7500000000
1 7 12 147456.000000 0.00000001171359 3 -12.7500000000
1 7 13 159744.000000 0.00000000305781 3 -13.7500000000
1 7 14 172032.000000 0.00000000070947 3 -14.7500000000
1 7 15 184320.000000 0.00000000017502 3 -15.7500000000
1 7 16 196608.000000 0.00000000004204 3 -16.7500000000
1 8 0 0.000000 0.00700521934777 0 -4.0000000000
1 8 1 12288.000000 0.00467042671517 0 -4.0000000000
1 8 2 24576.000000 0.00101263390388 6 -4.2500000000
1 8 3 36864.000000 0.00029115143116 4 -5.0000000000
1 8 4 49152.000000 0.00008026315481 3 -6.0000000000
1 8 5 61440.000000 0.00002479283830 4 -6.7500000000
1 8 6 73728.000000 0.00000751159541 3 -7.7500000000
1 8 7 86016.000000 0.00000206474033 4 -8.5000000000
1 8 8 98304.000000 0.00000052812851 3 -9.5000000000
1 8 9 110592.000000 0.00000018389645 3 -10.5000000000
1 8 10 122880.000000 0.00000004667785 4 -11.2500000000
1 8 11 135168.000000 0.00000001193325 3 -12.2500000000
1 8 12 147456.000000 0.00000000307272 3 -13.2500000000
1 8 13 159744.000000 0.00000000063826 3 -14.2500000000
1 8 14 172032.000000 0.00000000018654 3 -15.2500000000
1 8 15 184320.000000 0.00000000004754 3 -16.2500000000
1 8 16 196608.000000 0.00000000001219 3 -17.2500000000
1 9 0 0.000000 0.00159605336376 0 -5.0000000000
1 9 1 12288.000000 0.00144821126014 0 -5.0000000000
1 9 2 24576.000000 0.00036995133269 10 -4.2500000000
1 9 3 36864.000000 0.00009887007764 2 -5.5000000000
1 9 4 49152.000000 0.00003160183041 3 -6.5000000000
1 9 5 61440.000000 0.00000832719161 4 -7.2500000000
1 9 6 73728.000000 0.00000251403935 4 -8.0000000000
1 9 7 86016.000000 0.00000070876365 3 -9.0000000000
1 9 8 98304.000000 0.00000016084827 3 -10.0000000000
1 9 9 110592.000000 0.00000003879901 3 -11.0000000000
1 9 10 122880.000000 0.00000001020805 3 -12.0000000000
1 9 11 135168.000000 0.00000000284667 3 -13.0000000000
1 9 12 147456.000000 0.00000000066138 3 -14.0000000000
1 9 13 159744.000000 0.00000000020951 4 -14.7500000000
1 9 14 172032.000000 0.00000000005833 3 -15.7500000000
1 9 15 184320.000000 0.00000000001434 3 -16.7500000000
1 9 16 196608.000000 0.00000000000427 3 -17.7500000000
1 10 0 0.000000 0.42431354522705 0 -3.0000000000
1 10 1 12288.000000 0.49266362190247 1 -2.7500000000
1 10 2 24576.000000 0.05074907839298 4 -3.5000000000
1 10 3 36864.000000 0.00932520348579 5 -4.0000000000
1 10 4 49152.000000 0.00221801106818 2 -5.2500000000
1 10 5 61440.000000 0.00119640398771 6 -5.5000000000
1 10 6 73728.000000 0.00032557637314 2 -6.7500000000
1 10 7 86016.000000 0.00009814976511 4 -7.5000000000
1 10 8 98304.000000 0.00004238474867 4 -8.2500000000
1 10 9 110592.000000 0.00000804417687 3 -9.2500000000
1 10 10 122880.000000 0.00000261125933 3 -10.2500000000
1 10 11 135168.000000 0.00000077291912 3 -11.0000000000
1 10 12 147456.000000 0.00000018857621 3 -12.0000000000
1 10 13 159744.000000 0.00000003780587 3 -13.0000000000
1 10 14 172032.000000 0.00000001284049 3 -14.0000000000
1 10 15 184320.000000 0.00000000328865 3 -15.0000000000
1 10 16 196608.000000 0.00000000084552 3 -16.0000000000
1 11 0 0.000000 0.03271944075823 0 -4.0000000000
1 11 1 12288.000000 0.01571963168681 2 -3.5000000000
1 11 2 24576.000000 0.00297610112466 6 -3.7500000000
1 11 3 36864.000000 0.00092687102733 3 -4.7500000000
1 11 4 49152.000000 0.00027274998138 4 -5.5000000000
1 11 5 61440.000000 0.00009710163431 4 -6.2500000000
1 11 6 73728.000000 0.00002705027146 4 -7.0000000000
1 11 7 86016.000000 0.00000929177895 3 -8.0000000000
1 11 8 98304.000000 0.00000252206837 3 -9.0000000000
1 11 9 110592.000000 0.00000066123567 4 -9.7500000000
1 11 10 122880.000000 0.00000015732667 3 -10.7500000000
1 11 11 135168.000000 0.00000004308999 3 -11.7500000000
1 11 12 147456.000000 0.00000001053375 3 -12.7500000000
1 11 13 159744.000000 0.00000000270933 3 -13.7500000000
1 11 14 172032.000000 0.00000000066565 3 -14.7500000000
1 11 15 184320.000000 0.00000000016036 3 -15.7500000000
1 11 16 196608.000000 0.00000000004053 3 -16.7500000000
1 12 0 0.000000 0.02975858375430 0 -4.0000000000
1 12 1 12288.000000 0.02371034026146 3 -3.2500000000
1 12 2 24576.000000 0.00347097963095 5 -3.7500000000
1 12 3 36864.000000 0.00102872739080 5 -4.2500000000
1 12 4 49152.000000 0.00031734289951 3 -5.2500000000
1 12 5 61440.000000 0.00007171625475 3 -6.2500000000
1 12 6 73728.000000 0.00001858943142 4 -7.0000000000
1 12 7 86016.000000 0.00000475456136 3 -8.0000000000
1 12 8 98304.000000 0.00000125864744 3 -9.0000000000
1 12 9 110592.000000 0.00000029603368 3 -10.0000000000
1 12 10 122880.000000 0.00000007702715 3 -11.0000000000
1 12 11 135168.000000 0.00000001967684 3 -12.0000000000
1 12 12 147456.000000 0.00000000474238 3 -13.0000000000
1 12 13 159744.000000 0.00000000114011 3 -14.0000000000
1 12 14 172032.000000 0.00000000029482 3 -15.0000000000
1 12 15 184320.000000 0.00000000008113 3 -16.0000000000
1 12 16 196608.000000 0.00000000001967 3 -17.0000000000
1 13 0 0.000000 0.00369178061374 0 -4.0000000000
1 13 1 12288.000000 0.00206023780629 0 -4.0000000000
1 13 2 24576.000000 0.00048873486230 6 -4.2500000000
1 13 3 36864.000000 0.00016174587654 4 -5.0000000000
1 13 4 49152.000000 0.00005503904686 3 -6.0000000000
1 13 5 61440.000000 0.00001708967648 4 -6.7500000000
1 13 6 73728.000000 0.00000431742319 3 -7.7500000000
1 13 7 86016.000000 0.00000115539592 4 -8.5000000000
1 13 8 98304.000000 0.00000031419432 3 -9.5000000000
1 13 9 110592.000000 0.00000007640551 3 -10.5000000000
1 13 10 122880.000000 0.00000002001602 3 -11.5000000000
1 13 11 135168.000000 0.00000000490902 3 -12.5000000000
1 13 12 147456.000000 0.00000000119012 3 -13.5000000000
1 13 13 159744.000000 0.00000000028229 3 -14.5000000000
1 13 14 172032.000000 0.00000000007327 3 -15.5000000000
1 13 15 184320.000000 0.00000000001892 3 -16.5000000000
1 13 16 196608.000000 0.00000000000557 3 -17.5000000000
1 14 0 0.000000 0.00185973523185 0 -5.0000000000
1 14 1 12288.000000 0.00186213839334 1 -4.7500000000
1 14 2 24576.000000 0.00057515368098 4 -5.5000000000
1 14 3 36864.000000 0.00014946139709 7 -5.5000000000
1 14 4 49152.000000 0.00003920378003 5 -6.0000000000
1 14 5 61440.000000 0.00001200289353 3 -7.0000000000
1 14 6 73728.000000 0.00000371149986 4 -7.7500000000
1 14 7 86016.000000 0.00000100964485 4 -8.5000000000
1 14 8 98304.000000 0.00000032681621 3 -9.5000000000
1 14 9 110592.000000 0.00000008687034 4 -10.2500000000
1 14 10 122880.000000 0.00000002142141 3 -11.2500000000
1 14 11 135168.000000 0.00000000505961 3 -12.2500000000
1 14 12 147456.000000 0.00000000134993 3 -13.2500000000
1 14 13 159744.000000 0.00000000034653 3 -14.2500000000
1 14 14 172032.000000 0.00000000009326 3 -15.2500000000
1 14 15 184320.000000 0.00000000002143 3 -16.2500000000
1 14 16 196608.000000 0.00000000000619 3 -17.2500000000
1 15 0 0.000000 0.01806982979178 0 -4.0000000000
1 15 1 12288.000000 0.01253360509872 3 -3.2500000000
1 15 2 24576.000000 0.00357926124707 3 -4.2500000000
1 15 3 36864.000000 0.00114954402670 5 -4.7500000000
1 15 4 49152.000000 0.00034893685370 4 -5.5000000000
1 15 5 61440.000000 0.00011652099784 4 -6.2500000000
1 15 6 73728.000000 0.00002987342850 3 -7.2500000000
1 15 7 86016.000000 0.00000795543929 4 -8.0000000000
1 15 8 98304.000000 0.00000233447827 3 -9.0000000000
1 15 9 110592.000000 0.00000051562461 3 -10.0000000000
1 15 10 122880.000000 0.00000016776059 4 -10.7500000000
1 15 11 135168.000000 0.00000004953577 3 -11.7500000000
1 15 12 147456.000000 0.00000001245773 3 -12.7500000000
1 15 13 159744.000000 0.00000000285372 3 -13.7500000000
1 15 14 172032.000000 0.00000000072112 3 -14.7500000000
1 15 15 184320.000000 0.00000000018049 3 -15.7500000000
1 15 16 196608.000000 0.00000000004990 3 -16.7500000000
1 16 0 0.000000 0.00421576574445 0 -5.0000000000
1 16 1 12288.000000 0.00219544628635 2 -4.5000000000
1 16 2 24576.000000 0.00041547091678 6 -4.7500000000
1 16 3 36864.000000 0.00014066476433 4 -5.5000000000
1 16 4 49152.000000 0.00004355880083 3 -6.5000000000
1 16 5 61440.000000 0.00001423106642 4 -7.2500000000
1 16 6 73728.000000 0.00000370860221 4 -8.0000000000
1 16 7 86016.000000 0.00000090942348 3 -9.0000000000
1 16 8 98304.000000 0.00000032198056 3 -10.0000000000
1 16 9 110592.000000 0.00000008790474 4 -10.7500000000
1 16 10 122880.000000 0.00000001963988 3 -11.7500000000
1 16 11 135168.000000 0.00000000467523 3 -12.7500000000
1 16 12 147456.000000 0.00000000134467 3 -13.7500000000
1 16 13 159744.000000 0.00000000034892 3 -14.7500000000
1 16 14 172032.000000 0.00000000008679 3 -15.7500000000
1 16 15 184320.000000 0.00000000002161 3 -16.7500000000
1 16 16 196608.000000 0.00000000000595 3 -17.7500000000
1 17 0 0.000000 0.00334455259144 0 -5.0000000000
1 17 1 12288.000000 0.00234947656281 3 -4.2500000000
1 17 2 24576.000000 0.00052290491294 7 -4.2500000000
1 17 3 36864.000000 0.00015529993107 4 -5.0000000000
1 17 4 49152.000000 0.00005112529834 4 -5.7500000000
1 17 5 61440.000000 0.00001542302198 3 -6.7500000000
1 17 6 73728.000000 0.00000361053708 3 -7.7500000000
1 17 7 86016.000000 0.00000099952342 3 -8.7500000000
1 17 8 98304.000000 0.00000029735455 3 -9.7500000000
1 17 9 110592.000000 0.00000008745292 4 -10.5000000000
1 17 10 122880.000000 0.00000001913464 3 -11.5000000000
1 17 11 135168.000000 0.00000000477273 3 -12.5000000000
1 17 12 147456.000000 0.00000000126905 3 -13.5000000000
1 17 13 159744.000000 0.00000000031942 3 -14.5000000000
1 17 14 172032.000000 0.00000000007356 3 -15.5000000000
1 17 15 184320.000000 0.00000000001998 3 -16.5000000000
1 17 16 196608.000000 0.00000000000550 3 -17.5000000000
1 18 0 0.000000 0.00042580580339 0 -5.0000000000
1 18 1 12288.000000 0.00021862768335 1 -4.7500000000
1 18 2 24576.000000 0.00006552036211 5 -5.2500000000
1 18 3 36864.000000 0.00002797850175 3 -6.2500000000
1 18 4 49152.000000 0.00000913213808 5 -6.7500000000
1 18 5 61440.000000 0.00000334161064 4 -7.5000000000
1 18 6 73728.000000 0.00000098817452 3 -8.5000000000
1 18 7 86016.000000 0.00000031974326 4 -9.2500000000
1 18 8 98304.000000 0.00000009023702 4 -10.0000000000
1 18 9 110592.000000 0.00000002347604 3 -11.0000000000
1 18 10 122880.000000 0.00000000602120 3 -12.0000000000
1 18 11 135168.000000 0.00000000157840 3 -13.0000000000
1 18 12 147456.000000 0.00000000038078 3 -14.0000000000
1 18 13 159744.000000 0.00000000008697 3 -15.0000000000
1 18 14 172032.000000 0.00000000002504 3 -16.0000000000
1 18 15 184320.000000 0.00000000000697 3 -17.0000000000
1 18 16 196608.000000 0.00000000000212 3 -18.0000000000
1 19 0 0.000000 0.00008179001452 0 -6.0000000000
1 19 1 12288.000000 0.00004986760541 0 -6.0000000000
1 19 2 24576.000000 0.00001595585854 4 -6.7500000000
1 19 3 36864.000000 0.00000573205898 5 -7.2500000000
1 19 4 49152.000000 0.00000224265273 5 -7.7500000000
1 19 5 61440.000000 0.00000069461265 4 -8.5000000000
1 19 6 73728.000000 0.00000023791331 4 -9.2500000000
1 19 7 86016.000000 0.00000006621624 4 -10.0000000000
1 19 8 98304.000000 0.00000001793317 3 -11.0000000000
1 19 9 110592.000000 0.00000000447574 3 -12.0000000000
1 19 10 122880.000000 0.00000000111461 3 -13.0000000000
1 19 11 135168.000000 0.00000000028025 3 -14.0000000000
1 19 12 147456.000000 0.00000000009785 4 -14.7500000000
1 19 13 159744.000000 0.00000000002084 3 -15.7500000000
1 19 14 172032.000000 0.00000000000666 3 -16.7500000000
1 19 15 184320.000000 0.00000000000217 3 -17.7500000000
1 19 16 196608.000000 0.00000000000109 3 -18.7500000000
1 20 0 0.000000 0.15588709712029 0 -4.0000000000
1 20 1 12288.000000 0.05806116387248 0 -4.0000000000
1 20 2 24576.000000 0.01088889781386 4 -4.7500000000
1 20 3 36864.000000 0.00356440432370 5 -5.2500000000
1 20 4 49152.000000 0.00129454315174 6 -5.5000000000
1 20 5 61440.000000 0.00027603219496 4 -6.2500000000
1 20 6 73728.000000 0.00009116971341 4 -7.0000000000
1 20 7 86016.000000 0.00002571662844 3 -8.0000000000
1 20 8 98304.000000 0.00000730816191 3 -9.0000000000
1 20 9 110592.000000 0.00000263254310 4 -9.7500000000
1 20 10 122880.000000 0.00000069019245 3 -10.7500000000
1 20 11 135168.000000 0.00000009367007 3 -11.7500000000
1 20 12 147456.000000 0.00000003302561 3 -12.7500000000
1 20 13 159744.000000 0.00000000656840 3 -13.7500000000
1 20 14 172032.000000 0.00000000183767 3 -14.7500000000
1 20 15 184320.000000 0.00000000058754 3 -15.7500000000
1 20 16 196608.000000 0.00000000014569 3 -16.7500000000
1 21 0 0.000000 0.00110209360719 0 -5.0000000000
1 21 1 12288.000000 0.00078326684888 0 -5.0000000000
1 21 2 24576.000000 0.00020467770810 7 -5.0000000000
1 21 3 36864.000000 0.00007089346036 4 -5.7500000000
1 21 4 49152.000000 0.00002764596138 5 -6.2500000000
1 21 5 61440.000000 0.00000934032414 3 -7.2500000000
1 21 6 73728.000000 0.00000252015866 4 -8.0000000000
1 21 7 86016.000000 0.00000071940764 3 -9.0000000000
1 21 8 98304.000000 0.00000022555180 4 -9.7500000000
1 21 9 110592.000000 0.00000005048767 3 -10.7500000000
1 21 10 122880.000000 0.00000001148035 3 -11.7500000000
1 21 11 135168.000000 0.00000000305343 3 -12.7500000000
1 21 12 147456.000000 0.00000000076708 3 -13.7500000000
1 21 13 159744.000000 0.00000000018936 3 -14.7500000000
1 21 14 172032.000000 0.00000000005283 3 -15.7500000000
1 21 15 184320.000000 0.00000000001276 3 -16.7500000000
1 21 16 196608.000000 0.00000000000426 3 -17.7500000000
1 22 0 0.000000 0.00121408782434 0 -5.0000000000
1 22 1 12288.000000 0.00102631154004 4 -4.0000000000
1 22 2 24576.000000 0.00015685024846 3 -5.0000000000
1 22 3 36864.000000 0.00003988991011 3 -6.0000000000
1 22 4 49152.000000 0.00001153731137 4 -6.7500000000
1 22 5 61440.000000 0.00000359447176 4 -7.5000000000
1 22 6 73728.000000 0.00000107441235 3 -8.5000000000
1 22 7 86016.000000 0.00000028963788 4 -9.2500000000
1 22 8 98304.000000 0.00000007610729 3 -10.2500000000
1 22 9 110592.000000 0.00000002033333 3 -11.2500000000
1 22 10 122880.000000 0.00000000496451 3 -12.2500000000
1 22 11 135168.000000 0.00000000130498 3 -13.2500000000
1 22 12 147456.000000 0.00000000030901 3 -14.2500000000
1 22 13 159744.000000 0.00000000008032 3 -15.2500000000
1 22 14 172032.000000 0.00000000002061 3 -16.2500000000
1 22 15 184320.000000 0.00000000000517 3 -17.2500000000
1 22 16 196608.000000 0.00000000000199 3 -18.2500000000
1 23 0 0.000000 0.00006123874482 0 -6.0000000000
1 23 1 12288.000000 0.00003673733954 0 -6.0000000000
1 23 2 24576.000000 0.00001220064496 5 -6.5000000000
1 23 3 36864.000000 0.00000449701201 4 -7.2500000000
1 23 4 49152.000000 0.00000166790380 5 -7.7500000000
1 23 5 61440.000000 0.00000061855786 4 -8.5000000000
1 23 6 73728.000000 0.00000018713989 4 -9.2500000000
1 23 7 86016.000000 0.00000005455101 3 -10.2500000000
1 23 8 98304.000000 0.00000001760347 4 -11.0000000000
1 23 9 110592.000000 0.00000000425860 3 -12.0000000000
1 23 10 122880.000000 0.00000000098652 3 -13.0000000000
1 23 11 135168.000000 0.00000000025106 3 -14.0000000000
1 23 12 147456.000000 0.00000000006445 3 -15.0000000000
1 23 13 159744.000000 0.00000000001688 3 -16.0000000000
1 23 14 172032.000000 0.00000000000434 3 -17.0000000000
1 23 15 184320.000000 0.00000000000178 3 -18.0000000000
1 23 16 196608.000000 0.00000000000095 3 -19.0000000000
1 24 0 0.000000 0.00013108538406 0 -6.0000000000
1 24 1 12288.000000 0.00012228747073 1 -5.7500000000
1 24 2 24576.000000 0.00002967014734 3 -6.7500000000
1 24 3 36864.000000 0.00000689285707 7 -6.7500000000
1 24 4 49152.000000 0.00000198893645 3 -7.7500000000
1 24 5 61440.000000 0.00000057955532 4 -8.5000000000
1 24 6 73728.000000 0.00000021101808 4 -9.2500000000
1 24 7 86016.000000 0.00000006680570 4 -10.0000000000
1 24 8 98304.000000 0.00000001763286 3 -11.0000000000
1 24 9 110592.000000 0.00000000595016 4 -11.7500000000
1 24 10 122880.000000 0.00000000140941 3 -12.7500000000
1 24 11 135168.000000 0.00000000035017 3 -13.7500000000
1 24 12 147456.000000 0.00000000008219 3 -14.7500000000
1 24 13 159744.000000 0.00000000002402 3 -15.7500000000
1 24 14 172032.000000 0.00000000000604 3 -16.7500000000
1 24 15 184320.000000 0.00000000000194 3 -17.7500000000
1 24 16 196608.000000 0.00000000000122 3 -18.7500000000
