2 0 0 0.000000 4.41636657714844 0 -4.0000000000
2 0 1 98304.000000 4.24437856674194 5 -2.7500000000
2 0 2 196608.000000 0.81973552703857 0 -4.5000000000
2 0 3 294912.000000 0.28101110458374 4 -5.2500000000
2 0 4 393216.000000 0.08997679501772 7 -5.2500000000
2 0 5 491520.000000 0.02556102536619 3 -6.2500000000
2 0 6 589824.000000 0.00956612825394 4 -7.0000000000
2 0 7 688128.000000 0.00267684389837 4 -7.7500000000
2 0 8 786432.000000 0.00069264823105 3 -8.7500000000
2 0 9 884736.000000 0.00022708247707 3 -9.7500000000
2 0 10 983040.000000 0.00006201502401 4 -10.5000000000
2 0 11 1081344.000000 0.00001293499099 3 -11.5000000000
2 0 12 1179648.000000 0.00000399917599 3 -12.5000000000
2 0 13 1277952.000000 0.00000083894827 3 -13.5000000000
2 0 14 1376256.000000 0.00000023962974 3 -14.5000000000
2 0 15 1474560.000000 0.00000005576517 3 -15.5000000000
2 0 16 1572864.000000 0.00000001589093 3 -16.5000000000
2 1 0 0.000000 0.56868338584900 0 -4.0000000000
2 1 1 98304.000000 0.25682193040848 0 -4.0000000000
2 1 2 196608.000000 0.04309730976820 6 -4.2500000000
2 1 3 294912.000000 0.01351868920028 5 -4.7500000000
2 1 4 393216.000000 0.00558886956424 5 -5.2500000000
2 1 5 491520.000000 0.00191390025429 3 -6.2500000000
2 1 6 589824.000000 0.00063812354347 5 -6.7500000000
2 1 7 688128.000000 0.00016541877994 3 -7.7500000000
2 1 8 786432.000000 0.00005300058911 3 -8.7500000000
2 1 9 884736.000000 0.00001431702640 4 -9.5000000000
2 1 10 983040.000000 0.00000381426253 3 -10.5000000000
2 1 11 1081344.000000 0.00000098610917 3 -11.5000000000
2 1 12 1179648.000000 0.00000020265047 3 -12.5000000000
2 1 13 1277952.000000 0.00000005759756 3 -13.5000000000
2 1 14 1376256.000000 0.00000001357926 3 -14.5000000000
2 1 15 1474560.000000 0.00000000347354 3 -15.5000000000
2 1 16 1572864.000000 0.00000000083201 3 -16.5000000000
2 2 0 0.000000 0.20334863662720 0 -4.0000000000
2 2 1 98304.000000 0.09303262084723 0 -4.0000000000
2 2 2 196608.000000 0.00916090793908 3 -5.0000000000
2 2 3 294912.000000 0.00293849757873 5 -5.5000000000
2 2 4 393216.000000 0.00131494749803 4 -6.2500000000
2 2 5 491520.000000 0.00068713165820 4 -7.0000000000
2 2 6 589824.000000 0.00027827109443 6 -7.2500000000
2 2 7 688128.000000 0.00009178538312 5 -7.7500000000
2 2 8 786432.000000 0.00002835219857 4 -8.5000000000
2 2 9 884736.000000 0.00000791939419 3 -9.5000000000
2 2 10 983040.000000 0.00000214273837 3 -10.5000000000
2 2 11 1081344.000000 0.00000065895142 4 -11.2500000000
2 2 12 1179648.000000 0.00000017211946 3 -12.2500000000
2 2 13 1277952.000000 0.00000004402936 3 -13.2500000000
2 2 14 1376256.000000 0.00000001187644 3 -14.2500000000
2 2 15 1474560.000000 0.00000000303611 3 -15.2500000000
2 2 16 1572864.000000 0.00000000075342 3 -16.2500000000
2 3 0 0.000000 0.48389038443565 0 -4.0000000000
2 3 1 98304.000000 0.26400420069695 0 -4.0000000000
2 3 2 196608.000000 0.02908201329410 5 -4.5000000000
2 3 3 294912.000000 0.00843853596598 4 -5.2500000000
2 3 4 393216.000000 0.00296122184955 4 -6.0000000000
2 3 5 491520.000000 0.00113321095705 4 -6.7500000000
2 3 6 589824.000000 0.00044432742288 5 -7.2500000000
2 3 7 688128.000000 0.00017967663007 4 -8.0000000000
2 3 8 786432.000000 0.00004982988685 4 -8.7500000000
2 3 9 884736.000000 0.00001141770917 3 -9.7500000000
2 3 10 983040.000000 0.00000337296046 3 -10.7500000000
2 3 11 1081344.000000 0.00000113386329 4 -11.5000000000
2 3 12 1179648.000000 0.00000026197921 3 -12.5000000000
2 3 13 1277952.000000 0.00000006484851 3 -13.5000000000
2 3 14 1376256.000000 0.00000001586504 3 -14.5000000000
2 3 15 1474560.000000 0.00000000412493 3 -15.5000000000
2 3 16 1572864.000000 0.00000000107804 3 -16.5000000000
2 4 0 0.000000 0.02951559796929 0 -5.0000000000
2 4 1 98304.000000 0.01365425065160 1 -4.7500000000
2 4 2 196608.000000 0.00186057190876 5 -5.2500000000
2 4 3 294912.000000 0.00062234903453 4 -6.0000000000
2 4 4 393216.000000 0.00017777025641 3 -7.0000000000
2 4 5 491520.000000 0.00005563908417 4 -7.7500000000
2 4 6 589824.000000 0.00001834720206 4 -8.5000000000
2 4 7 688128.000000 0.00000619966522 4 -9.2500000000
2 4 8 786432.000000 0.00000164773314 4 -10.0000000000
2 4 9 884736.000000 0.00000042881143 3 -11.0000000000
2 4 10 983040.000000 0.00000011109965 3 -12.0000000000
2 4 11 1081344.000000 0.00000003066678 3 -13.0000000000
2 4 12 1179648.000000 0.00000000720613 3 -14.0000000000
2 4 13 1277952.000000 0.00000000218274 3 -15.0000000000
2 4 14 1376256.000000 0.00000000061986 4 -15.7500000000
2 4 15 1474560.000000 0.00000000014660 3 -16.7500000000
2 4 16 1572864.000000 0.00000000004111 3 -17.7500000000
2 5 0 0.000000 0.00422375695780 0 -5.0000000000
2 5 1 98304.000000 0.00218585878611 0 -5.0000000000
2 5 2 196608.000000 0.00031729158945 4 -5.7500000000
2 5 3 294912.000000 0.00009267972928 4 -6.5000000000
2 5 4 393216.000000 0.00003440784349 5 -7.0000000000
2 5 5 491520.000000 0.00001265112496 4 -7.7500000000
2 5 6 589824.000000 0.00000462323169 4 -8.5000000000
2 5 7 688128.000000 0.00000169163684 3 -9.5000000000
2 5 8 786432.000000 0.00000053046449 5 -10.0000000000
2 5 9 884736.000000 0.00000015934212 4 -10.7500000000
2 5 10 983040.000000 0.00000003737360 3 -11.7500000000
2 5 11 1081344.000000 0.00000001129267 3 -12.7500000000
2 5 12 1179648.000000 0.00000000339137 4 -13.5000000000
2 5 13 1277952.000000 0.00000000080227 3 -14.5000000000
2 5 14 1376256.000000 0.00000000021097 3 -15.5000000000
2 5 15 1474560.000000 0.00000000005272 3 -16.5000000000
2 5 16 1572864.000000 0.00000000001426 3 -17.5000000000
2 6 0 0.000000 0.19548630714417 0 -4.0000000000
2 6 1 98304.000000 0.09442795068026 0 -4.0000000000
2 6 2 196608.000000 0.00782066117972 3 -5.0000000000
2 6 3 294912.000000 0.00330661470070 4 -5.7500000000
2 6 4 393216.000000 0.00111343234312 6 -6.0000000000
2 6 5 491520.000000 0.00048972881632 5 -6.5000000000
2 6 6 589824.000000 0.00019265864103 3 -7.5000000000
2 6 7 688128.000000 0.00007101686788 3 -8.5000000000
2 6 8 786432.000000 0.00001908863669 5 -9.0000000000
2 6 9 884736.000000 0.00000528687815 4 -9.7500000000
2 6 10 983040.000000 0.00000148548077 3 -10.7500000000
2 6 11 1081344.000000 0.00000038483765 3 -11.7500000000
2 6 12 1179648.000000 0.00000008750762 3 -12.7500000000
2 6 13 1277952.000000 0.00000002397361 3 -13.7500000000
2 6 14 1376256.000000 0.00000000543078 3 -14.7500000000
2 6 15 1474560.000000 0.00000000142282 3 -15.7500000000
2 6 16 1572864.000000 0.00000000048682 3 -16.7500000000
2 7 0 0.000000 0.00468022748828 0 -5.0000000000
2 7 1 98304.000000 0.00231358106248 0 -5.0000000000
2 7 2 196608.000000 0.00041016304749 5 -5.5000000000
2 7 3 294912.000000 0.00014292130072 4 -6.2500000000
2 7 4 393216.000000 0.00005841591701 5 -6.7500000000
2 7 5 491520.000000 0.00002446065628 4 -7.5000000000
2 7 6 589824.000000 0.00000940900554 5 -8.0000000000
2 7 7 688128.000000 0.00000394801964 5 -8.5000000000
2 7 8 786432.000000 0.00000115078012 4 -9.2500000000
2 7 9 884736.000000 0.00000032837491 3 -10.2500000000
2 7 10 983040.000000 0.00000010794538 4 -11.0000000000
2 7 11 1081344.000000 0.00000002618931 3 -12.0000000000
2 7 12 1179648.000000 0.00000000618373 3 -13.0000000000
2 7 13 1277952.000000 0.00000000166213 3 -14.0000000000
2 7 14 1376256.000000 0.00000000042130 3 -15.0000000000
2 7 15 1474560.000000 0.00000000010253 3 -16.0000000000
2 7 16 1572864.000000 0.00000000002669 3 -17.0000000000
2 8 0 0.000000 0.00083795987302 0 -6.0000000000
2 8 1 98304.000000 0.00083101290511 10 -3.5000000000
2 8 2 196608.000000 0.00027285897522 0 -5.2500000000
2 8 3 294912.000000 0.00002480220792 0 -7.0000000000
2 8 4 393216.000000 0.00000965942399 5 -7.5000000000
2 8 5 491520.000000 0.00000400079671 5 -8.0000000000
2 8 6 589824.000000 0.00000174718741 5 -8.5000000000
2 8 7 688128.000000 0.00000054633733 4 -9.2500000000
2 8 8 786432.000000 0.00000018156712 4 -10.0000000000
2 8 9 884736.000000 0.00000004304696 3 -11.0000000000
2 8 10 983040.000000 0.00000001120271 3 -12.0000000000
2 8 11 1081344.000000 0.00000000254355 3 -13.0000000000
2 8 12 1179648.000000 0.00000000063557 3 -14.0000000000
2 8 13 1277952.000000 0.00000000016550 3 -15.0000000000
2 8 14 1376256.000000 0.00000000004172 3 -16.0000000000
2 8 15 1474560.000000 0.00000000001115 3 -17.0000000000
2 8 16 1572864.000000 0.00000000000329 3 -18.0000000000
