4 0 0 0.000000 6.31617832183838 0 -3.0000000000
4 0 1 49152.000000 4.73407649993896 0 -3.0000000000
4 0 2 98304.000000 0.73993617296219 3 -4.0000000000
4 0 3 147456.000000 0.22416530549526 5 -4.5000000000
4 0 4 196608.000000 0.07504098117352 5 -5.0000000000
4 0 5 245760.000000 0.02878480963409 5 -5.5000000000
4 0 6 294912.000000 0.01163579802960 3 -6.5000000000
4 0 7 344064.000000 0.00349526177160 4 -7.2500000000
4 0 8 393216.000000 0.00088672363199 4 -8.0000000000
4 0 9 442368.000000 0.00027544572367 3 -9.0000000000
4 0 10 491520.000000 0.00007860254846 3 -10.0000000000
4 0 11 540672.000000 0.00001992904254 4 -10.7500000000
4 0 12 589824.000000 0.00000483898293 3 -11.7500000000
4 0 13 638976.000000 0.00000139530050 3 -12.7500000000
4 0 14 688128.000000 0.00000030300706 3 -13.7500000000
4 0 15 737280.000000 0.00000008580769 3 -14.7500000000
4 0 16 786432.000000 0.00000001959841 3 -15.7500000000
4 1 0 0.000000 0.13942550122738 0 -4.0000000000
4 1 1 49152.000000 0.06892362236977 0 -4.0000000000
4 1 2 98304.000000 0.01011042017490 4 -4.7500000000
4 1 3 147456.000000 0.00365015375428 3 -5.7500000000
4 1 4 196608.000000 0.00098492158577 4 -6.5000000000
4 1 5 245760.000000 0.00039791184827 5 -7.0000000000
4 1 6 294912.000000 0.00014516359079 4 -7.7500000000
4 1 7 344064.000000 0.00004292750964 4 -8.5000000000
4 1 8 393216.000000 0.00001134193462 3 -9.5000000000
4 1 9 442368.000000 0.00000291113020 3 -10.5000000000
4 1 10 491520.000000 0.00000072783047 3 -11.5000000000
4 1 11 540672.000000 0.00000019554886 3 -12.5000000000
4 1 12 589824.000000 0.00000004389377 3 -13.5000000000
4 1 13 638976.000000 0.00000001144483 3 -14.5000000000
4 1 14 688128.000000 0.00000000273207 3 -15.5000000000
4 1 15 737280.000000 0.00000000065907 3 -16.5000000000
4 1 16 786432.000000 0.00000000016453 3 -17.5000000000
4 2 0 0.000000 0.05670505762100 0 -5.0000000000
4 2 1 49152.000000 0.02157604694366 3 -4.2500000000
4 2 2 98304.000000 0.00343339075334 3 -5.2500000000
4 2 3 147456.000000 0.00120550848078 4 -6.0000000000
4 2 4 196608.000000 0.00041701819282 4 -6.7500000000
4 2 5 245760.000000 0.00015482105664 4 -7.5000000000
4 2 6 294912.000000 0.00007635408110 5 -8.0000000000
4 2 7 344064.000000 0.00002380316255 4 -8.7500000000
4 2 8 393216.000000 0.00000653461620 4 -9.5000000000
4 2 9 442368.000000 0.00000180374946 3 -10.5000000000
4 2 10 491520.000000 0.00000042417415 3 -11.5000000000
4 2 11 540672.000000 0.00000009952754 3 -12.5000000000
4 2 12 589824.000000 0.00000002422926 3 -13.5000000000
4 2 13 638976.000000 0.00000000641137 3 -14.5000000000
4 2 14 688128.000000 0.00000000173354 3 -15.5000000000
4 2 15 737280.000000 0.00000000044357 3 -16.5000000000
4 2 16 786432.000000 0.00000000011146 3 -17.5000000000
4 3 0 0.000000 0.24691042304039 0 -4.0000000000
4 3 1 49152.000000 0.11148610711098 0 -4.0000000000
4 3 2 98304.000000 0.01489089336246 4 -4.7500000000
4 3 3 147456.000000 0.00533035537228 4 -5.5000000000
4 3 4 196608.000000 0.00207498669624 4 -6.2500000000
4 3 5 245760.000000 0.00071864423808 4 -7.0000000000
4 3 6 294912.000000 0.00027617538581 4 -7.7500000000
4 3 7 344064.000000 0.00008778605115 5 -8.2500000000
4 3 8 393216.000000 0.00002527958168 3 -9.2500000000
4 3 9 442368.000000 0.00000774228647 4 -10.0000000000
4 3 10 491520.000000 0.00000193366282 3 -11.0000000000
4 3 11 540672.000000 0.00000043316214 3 -12.0000000000
4 3 12 589824.000000 0.00000012377050 3 -13.0000000000
4 3 13 638976.000000 0.00000003230911 3 -14.0000000000
4 3 14 688128.000000 0.00000000728404 3 -15.0000000000
4 3 15 737280.000000 0.00000000192186 3 -16.0000000000
4 3 16 786432.000000 0.00000000044128 3 -17.0000000000
4 4 0 0.000000 0.01692228764296 0 -5.0000000000
4 4 1 49152.000000 0.00836969446391 0 -5.0000000000
4 4 2 98304.000000 0.00183918757830 5 -5.5000000000
4 4 3 147456.000000 0.00074614328332 5 -6.0000000000
4 4 4 196608.000000 0.00024546234636 4 -6.7500000000
4 4 5 245760.000000 0.00009045787010 4 -7.5000000000
4 4 6 294912.000000 0.00002594397483 4 -8.2500000000
4 4 7 344064.000000 0.00000865764832 4 -9.0000000000
4 4 8 393216.000000 0.00000212393229 3 -10.0000000000
4 4 9 442368.000000 0.00000050384511 3 -11.0000000000
4 4 10 491520.000000 0.00000017379755 3 -12.0000000000
4 4 11 540672.000000 0.00000004418443 4 -12.7500000000
4 4 12 589824.000000 0.00000001081020 3 -13.7500000000
4 4 13 638976.000000 0.00000000287858 3 -14.7500000000
4 4 14 688128.000000 0.00000000067987 3 -15.7500000000
4 4 15 737280.000000 0.00000000019112 3 -16.7500000000
4 4 16 786432.000000 0.00000000004386 3 -17.7500000000
4 5 0 0.000000 0.00284538511187 0 -5.0000000000
4 5 1 49152.000000 0.00179760821629 0 -5.0000000000
4 5 2 98304.000000 0.00040887482464 4 -5.7500000000
4 5 3 147456.000000 0.00014436848869 4 -6.5000000000
4 5 4 196608.000000 0.00005969076301 4 -7.2500000000
4 5 5 245760.000000 0.00002391811176 4 -8.0000000000
4 5 6 294912.000000 0.00000954595635 5 -8.5000000000
4 5 7 344064.000000 0.00000319494688 4 -9.2500000000
4 5 8 393216.000000 0.00000105917650 4 -10.0000000000
4 5 9 442368.000000 0.00000029198577 4 -10.7500000000
4 5 10 491520.000000 0.00000007294243 3 -11.7500000000
4 5 11 540672.000000 0.00000001927033 3 -12.7500000000
4 5 12 589824.000000 0.00000000481183 3 -13.7500000000
4 5 13 638976.000000 0.00000000131054 3 -14.7500000000
4 5 14 688128.000000 0.00000000029962 3 -15.7500000000
4 5 15 737280.000000 0.00000000007671 3 -16.7500000000
4 5 16 786432.000000 0.00000000001836 3 -17.7500000000
4 6 0 0.000000 0.05986464023590 0 -5.0000000000
4 6 1 49152.000000 0.02630840241909 4 -4.0000000000
4 6 2 98304.000000 0.00422888435423 2 -5.2500000000
4 6 3 147456.000000 0.00125003827270 4 -6.0000000000
4 6 4 196608.000000 0.00045399754890 4 -6.7500000000
4 6 5 245760.000000 0.00016896349553 4 -7.5000000000
4 6 6 294912.000000 0.00006573685823 4 -8.2500000000
4 6 7 344064.000000 0.00002399760160 4 -9.0000000000
4 6 8 393216.000000 0.00000680196263 5 -9.5000000000
4 6 9 442368.000000 0.00000192354264 3 -10.5000000000
4 6 10 491520.000000 0.00000052006243 3 -11.5000000000
4 6 11 540672.000000 0.00000014862903 3 -12.5000000000
4 6 12 589824.000000 0.00000003941820 4 -13.2500000000
4 6 13 638976.000000 0.00000000956080 3 -14.2500000000
4 6 14 688128.000000 0.00000000257549 3 -15.2500000000
4 6 15 737280.000000 0.00000000062418 3 -16.2500000000
4 6 16 786432.000000 0.00000000015261 3 -17.2500000000
4 7 0 0.000000 0.00264575448819 0 -5.0000000000
4 7 1 49152.000000 0.00151309987996 0 -5.0000000000
4 7 2 98304.000000 0.00036359977094 2 -6.2500000000
4 7 3 147456.000000 0.00014763617946 5 -6.7500000000
4 7 4 196608.000000 0.00006755456707 5 -7.2500000000
4 7 5 245760.000000 0.00002435569513 5 -7.7500000000
4 7 6 294912.000000 0.00000978875232 4 -8.5000000000
4 7 7 344064.000000 0.00000326032932 5 -9.0000000000
4 7 8 393216.000000 0.00000099392662 3 -10.0000000000
4 7 9 442368.000000 0.00000029037366 4 -10.7500000000
4 7 10 491520.000000 0.00000007538527 3 -11.7500000000
4 7 11 540672.000000 0.00000001697803 3 -12.7500000000
4 7 12 589824.000000 0.00000000420765 3 -13.7500000000
4 7 13 638976.000000 0.00000000118136 3 -14.7500000000
4 7 14 688128.000000 0.00000000027895 3 -15.7500000000
4 7 15 737280.000000 0.00000000006956 3 -16.7500000000
4 7 16 786432.000000 0.00000000001756 3 -17.7500000000
4 8 0 0.000000 0.00138989253901 0 -5.0000000000
4 8 1 49152.000000 0.00116336485371 1 -4.7500000000
4 8 2 98304.000000 0.00026020611404 3 -5.7500000000
4 8 3 147456.000000 0.00009419685375 3 -6.7500000000
4 8 4 196608.000000 0.00003659928188 6 -7.0000000000
4 8 5 245760.000000 0.00001594959213 4 -7.7500000000
4 8 6 294912.000000 0.00000674631292 5 -8.2500000000
4 8 7 344064.000000 0.00000232877096 4 -9.0000000000
4 8 8 393216.000000 0.00000068831520 4 -9.7500000000
4 8 9 442368.000000 0.00000019584978 4 -10.5000000000
4 8 10 491520.000000 0.00000004359496 3 -11.5000000000
4 8 11 540672.000000 0.00000001275196 3 -12.5000000000
4 8 12 589824.000000 0.00000000321537 3 -13.5000000000
4 8 13 638976.000000 0.00000000075894 3 -14.5000000000
4 8 14 688128.000000 0.00000000020337 3 -15.5000000000
4 8 15 737280.000000 0.00000000005084 3 -16.5000000000
4 8 16 786432.000000 0.00000000001284 3 -17.5000000000
