1 0 0 0.000000 0.00001219641490 0 -3.0000000000
1 0 1 12288.000000 0.00000769935832 0 -3.0000000000
1 0 2 24576.000000 0.00000309376128 4 -3.7500000000
1 0 3 36864.000000 0.00000112901853 4 -4.5000000000
1 0 4 49152.000000 0.00000044915910 5 -5.0000000000
1 0 5 61440.000000 0.00000016927973 4 -5.7500000000
1 0 6 73728.000000 0.00000006080298 4 -6.5000000000
1 0 7 86016.000000 0.00000001715434 4 -7.2500000000
1 0 8 98304.000000 0.00000000545214 4 -8.0000000000
1 0 9 110592.000000 0.00000000150606 3 -9.0000000000
1 0 10 122880.000000 0.00000000033696 3 -10.0000000000
1 0 11 135168.000000 0.00000000008103 3 -11.0000000000
1 0 12 147456.000000 0.00000000002155 3 -12.0000000000
1 0 13 159744.000000 0.00000000000616 3 -13.0000000000
1 0 14 172032.000000 0.00000000000240 3 -14.0000000000
1 0 15 184320.000000 0.00000000000127 3 -15.0000000000
1 0 16 196608.000000 0.00000000000094 3 -16.0000000000
1 1 0 0.000000 0.00012458737183 0 -1.0000000000
1 1 1 12288.000000 0.00008812128362 0 -1.0000000000
1 1 2 24576.000000 0.00002229865640 2 -2.2500000000
1 1 3 36864.000000 0.00000835079118 4 -3.0000000000
1 1 4 49152.000000 0.00000283295594 5 -3.5000000000
1 1 5 61440.000000 0.00000092043354 4 -4.2500000000
1 1 6 73728.000000 0.00000030300055 4 -5.0000000000
1 1 7 86016.000000 0.00000007423859 3 -6.0000000000
1 1 8 98304.000000 0.00000001853245 3 -7.0000000000
1 1 9 110592.000000 0.00000000583140 3 -8.0000000000
1 1 10 122880.000000 0.00000000174662 4 -8.7500000000
1 1 11 135168.000000 0.00000000040901 3 -9.7500000000
1 1 12 147456.000000 0.00000000009472 3 -10.7500000000
1 1 13 159744.000000 0.00000000002823 3 -11.7500000000
1 1 14 172032.000000 0.00000000000759 3 -12.7500000000
1 1 15 184320.000000 0.00000000000266 3 -13.7500000000
1 1 16 196608.000000 0.00000000000137 3 -14.7500000000
1 2 0 0.000000 0.00077377026901 0 0.0000000000
1 2 1 12288.000000 0.00043058104347 0 0.0000000000
1 2 2 24576.000000 0.00010552629828 4 -0.7500000000
1 2 3 36864.000000 0.00003436574480 3 -1.7500000000
1 2 4 49152.000000 0.00001146285649 3 -2.7500000000
1 2 5 61440.000000 0.00000342549379 4 -3.5000000000
1 2 6 73728.000000 0.00000091637793 4 -4.2500000000
1 2 7 86016.000000 0.00000032798883 3 -5.2500000000
1 2 8 98304.000000 0.00000007992679 4 -6.0000000000
1 2 9 110592.000000 0.00000001838825 3 -7.0000000000
1 2 10 122880.000000 0.00000000461394 3 -8.0000000000
1 2 11 135168.000000 0.00000000128155 3 -9.0000000000
1 2 12 147456.000000 0.00000000032459 3 -10.0000000000
1 2 13 159744.000000 0.00000000008305 3 -11.0000000000
1 2 14 172032.000000 0.00000000001987 3 -12.0000000000
1 2 15 184320.000000 0.00000000000524 3 -13.0000000000
1 2 16 196608.000000 0.00000000000225 3 -14.0000000000
1 3 0 0.000000 0.00464929826558 0 1.0000000000
1 3 1 12288.000000 0.00251550599933 0 1.0000000000
1 3 2 24576.000000 0.00064993253909 3 0.0000000000
1 3 3 36864.000000 0.00022275243828 4 -0.7500000000
1 3 4 49152.000000 0.00006429864152 5 -1.2500000000
1 3 5 61440.000000 0.00002064375076 4 -2.0000000000
1 3 6 73728.000000 0.00000708877906 4 -2.7500000000
1 3 7 86016.000000 0.00000200483623 3 -3.7500000000
1 3 8 98304.000000 0.00000052521563 3 -4.7500000000
1 3 9 110592.000000 0.00000015213084 4 -5.5000000000
1 3 10 122880.000000 0.00000004188046 3 -6.5000000000
1 3 11 135168.000000 0.00000001025243 3 -7.5000000000
1 3 12 147456.000000 0.00000000238920 3 -8.5000000000
1 3 13 159744.000000 0.00000000062044 3 -9.5000000000
1 3 14 172032.000000 0.00000000015905 3 -10.5000000000
1 3 15 184320.000000 0.00000000004179 3 -11.5000000000
1 3 16 196608.000000 0.00000000001105 3 -12.5000000000
1 4 0 0.000000 0.07734192907810 0 2.0000000000
1 4 1 12288.000000 0.03265333920717 1 2.2500000000
1 4 2 24576.000000 0.00597597006708 5 1.7500000000
1 4 3 36864.000000 0.00163497356698 3 0.7500000000
1 4 4 49152.000000 0.00055435992545 3 -0.2500000000
1 4 5 61440.000000 0.00015644425002 5 -0.7500000000
1 4 6 73728.000000 0.00005033065827 3 -1.7500000000
1 4 7 86016.000000 0.00001332261309 4 -2.5000000000
1 4 8 98304.000000 0.00000445696060 4 -3.2500000000
1 4 9 110592.000000 0.00000106169159 3 -4.2500000000
1 4 10 122880.000000 0.00000025929737 3 -5.2500000000
1 4 11 135168.000000 0.00000006663482 3 -6.2500000000
1 4 12 147456.000000 0.00000001545230 3 -7.2500000000
1 4 13 159744.000000 0.00000000395932 3 -8.2500000000
1 4 14 172032.000000 0.00000000110997 3 -9.2500000000
1 4 15 184320.000000 0.00000000027396 3 -10.2500000000
1 4 16 196608.000000 0.00000000006573 3 -11.2500000000
1 5 0 0.000000 0.00001977348620 0 -2.0000000000
1 5 1 12288.000000 0.00001482792959 0 -2.0000000000
1 5 2 24576.000000 0.00000442823239 0 -3.7500000000
1 5 3 36864.000000 0.00000153148653 5 -4.2500000000
1 5 4 49152.000000 0.00000063415087 5 -4.7500000000
1 5 5 61440.000000 0.00000022379113 4 -5.5000000000
1 5 6 73728.000000 0.00000005801269 4 -6.2500000000
1 5 7 86016.000000 0.00000001997271 4 -7.0000000000
1 5 8 98304.000000 0.00000000526800 3 -8.0000000000
1 5 9 110592.000000 0.00000000132034 3 -9.0000000000
1 5 10 122880.000000 0.00000000032293 3 -10.0000000000
1 5 11 135168.000000 0.00000000007841 3 -11.0000000000
1 5 12 147456.000000 0.00000000002055 3 -12.0000000000
1 5 13 159744.000000 0.00000000000693 3 -13.0000000000
1 5 14 172032.000000 0.00000000000231 3 -14.0000000000
1 5 15 184320.000000 0.00000000000124 3 -15.0000000000
1 5 16 196608.000000 0.00000000000090 3 -16.0000000000
1 6 0 0.000000 0.00016585810226 0 -1.0000000000
1 6 1 12288.000000 0.00010061213834 0 -1.0000000000
1 6 2 24576.000000 0.00002597228740 3 -2.0000000000
1 6 3 36864.000000 0.00000963418370 4 -2.7500000000
1 6 4 49152.000000 0.00000416360535 5 -3.2500000000
1 6 5 61440.000000 0.00000156327042 4 -4.0000000000
1 6 6 73728.000000 0.00000063136861 4 -4.7500000000
1 6 7 86016.000000 0.00000020774738 5 -5.2500000000
1 6 8 98304.000000 0.00000005543724 3 -6.2500000000
1 6 9 110592.000000 0.00000001430562 3 -7.2500000000
1 6 10 122880.000000 0.00000000316548 3 -8.2500000000
1 6 11 135168.000000 0.00000000079219 3 -9.2500000000
1 6 12 147456.000000 0.00000000019815 3 -10.2500000000
1 6 13 159744.000000 0.00000000005299 3 -11.2500000000
1 6 14 172032.000000 0.00000000001241 3 -12.2500000000
1 6 15 184320.000000 0.00000000000404 3 -13.2500000000
1 6 16 196608.000000 0.00000000000175 3 -14.2500000000
1 7 0 0.000000 0.00108317751437 0 0.0000000000
1 7 1 12288.000000 0.00062262476422 0 0.0000000000
1 7 2 24576.000000 0.00014864790137 4 -0.7500000000
1 7 3 36864.000000 0.00004810875544 4 -1.5000000000
1 7 4 49152.000000 0.00001558058648 4 -2.2500000000
1 7 5 61440.000000 0.00000475106253 3 -3.2500000000
1 7 6 73728.000000 0.00000129369516 4 -4.0000000000
1 7 7 86016.000000 0.00000041154746 3 -5.0000000000
1 7 8 98304.000000 0.00000012130673 4 -5.7500000000
1 7 9 110592.000000 0.00000003182755 3 -6.7500000000
1 7 10 122880.000000 0.00000000944946 4 -7.5000000000
1 7 11 135168.000000 0.00000000258477 3 -8.5000000000
1 7 12 147456.000000 0.00000000057922 3 -9.5000000000
1 7 13 159744.000000 0.00000000015793 3 -10.5000000000
1 7 14 172032.000000 0.00000000003777 3 -11.5000000000
1 7 15 184320.000000 0.00000000001102 3 -12.5000000000
1 7 16 196608.000000 0.00000000000335 3 -13.5000000000
1 8 0 0.000000 0.00992015935481 0 1.0000000000
1 8 1 12288.000000 0.00544154597446 1 1.2500000000
1 8 2 24576.000000 0.00118099036627 5 0.7500000000
1 8 3 36864.000000 0.00041432571015 4 0.0000000000
1 8 4 49152.000000 0.00015071798407 3 -1.0000000000
1 8 5 61440.000000 0.00005166044139 5 -1.5000000000
1 8 6 73728.000000 0.00001822830018 3 -2.5000000000
1 8 7 86016.000000 0.00000485982628 4 -3.2500000000
1 8 8 98304.000000 0.00000135174650 4 -4.0000000000
1 8 9 110592.000000 0.00000033868159 3 -5.0000000000
1 8 10 122880.000000 0.00000007809505 3 -6.0000000000
1 8 11 135168.000000 0.00000002079525 3 -7.0000000000
1 8 12 147456.000000 0.00000000511343 3 -8.0000000000
1 8 13 159744.000000 0.00000000126823 3 -9.0000000000
1 8 14 172032.000000 0.00000000029569 3 -10.0000000000
1 8 15 184320.000000 0.00000000008673 3 -11.0000000000
1 8 16 196608.000000 0.00000000002184 3 -12.0000000000
1 9 0 0.000000 0.30218222737312 0 3.0000000000
1 9 1 12288.000000 0.14140073955059 0 3.0000000000
1 9 2 24576.000000 0.02288711629808 4 2.2500000000
1 9 3 36864.000000 0.00685168011114 5 1.7500000000
1 9 4 49152.000000 0.00239423080347 3 0.7500000000
1 9 5 61440.000000 0.00075933698099 4 0.0000000000
1 9 6 73728.000000 0.00022332431399 4 -0.7500000000
1 9 7 86016.000000 0.00006867855700 4 -1.5000000000
1 9 8 98304.000000 0.00002039204446 4 -2.2500000000
1 9 9 110592.000000 0.00000523736480 3 -3.2500000000
1 9 10 122880.000000 0.00000139226506 3 -4.2500000000
1 9 11 135168.000000 0.00000033250168 3 -5.2500000000
1 9 12 147456.000000 0.00000007675644 3 -6.2500000000
1 9 13 159744.000000 0.00000002274878 3 -7.2500000000
1 9 14 172032.000000 0.00000000546355 3 -8.2500000000
1 9 15 184320.000000 0.00000000129755 3 -9.2500000000
1 9 16 196608.000000 0.00000000032465 3 -10.2500000000
1 10 0 0.000000 0.00003351025589 0 -2.0000000000
1 10 1 12288.000000 0.00002252918421 0 -2.0000000000
1 10 2 24576.000000 0.00000659392117 2 -3.2500000000
1 10 3 36864.000000 0.00000259410172 5 -3.7500000000
1 10 4 49152.000000 0.00000095789460 4 -4.5000000000
1 10 5 61440.000000 0.00000038424852 5 -5.0000000000
1 10 6 73728.000000 0.00000012165115 3 -6.0000000000
1 10 7 86016.000000 0.00000003848707 4 -6.7500000000
1 10 8 98304.000000 0.00000001008578 4 -7.5000000000
1 10 9 110592.000000 0.00000000240916 3 -8.5000000000
1 10 10 122880.000000 0.00000000074600 3 -9.5000000000
1 10 11 135168.000000 0.00000000017212 3 -10.5000000000
1 10 12 147456.000000 0.00000000004540 3 -11.5000000000
1 10 13 159744.000000 0.00000000001139 3 -12.5000000000
1 10 14 172032.000000 0.00000000000367 3 -13.5000000000
1 10 15 184320.000000 0.00000000000171 3 -14.5000000000
1 10 16 196608.000000 0.00000000000102 3 -15.5000000000
1 11 0 0.000000 0.00024656680762 0 -1.0000000000
1 11 1 12288.000000 0.00015813409118 0 -1.0000000000
1 11 2 24576.000000 0.00003986293814 4 -1.7500000000
1 11 3 36864.000000 0.00001462908040 4 -2.5000000000
1 11 4 49152.000000 0.00000572869249 4 -3.2500000000
1 11 5 61440.000000 0.00000233583091 5 -3.7500000000
1 11 6 73728.000000 0.00000073136664 4 -4.5000000000
1 11 7 86016.000000 0.00000023991728 4 -5.2500000000
1 11 8 98304.000000 0.00000007719622 4 -6.0000000000
1 11 9 110592.000000 0.00000001834345 3 -7.0000000000
1 11 10 122880.000000 0.00000000471363 3 -8.0000000000
1 11 11 135168.000000 0.00000000113362 3 -9.0000000000
1 11 12 147456.000000 0.00000000029219 3 -10.0000000000
1 11 13 159744.000000 0.00000000008205 3 -11.0000000000
1 11 14 172032.000000 0.00000000002029 3 -12.0000000000
1 11 15 184320.000000 0.00000000000597 3 -13.0000000000
1 11 16 196608.000000 0.00000000000219 3 -14.0000000000
1 12 0 0.000000 0.00156942231115 0 0.0000000000
1 12 1 12288.000000 0.00094930612249 0 0.0000000000
1 12 2 24576.000000 0.00022228214948 5 -0.5000000000
1 12 3 36864.000000 0.00007223644207 4 -1.2500000000
1 12 4 49152.000000 0.00002304420195 4 -2.0000000000
1 12 5 61440.000000 0.00000663751462 3 -3.0000000000
1 12 6 73728.000000 0.00000170976534 4 -3.7500000000
1 12 7 86016.000000 0.00000053074865 3 -4.7500000000
1 12 8 98304.000000 0.00000017062578 4 -5.5000000000
1 12 9 110592.000000 0.00000003988893 3 -6.5000000000
1 12 10 122880.000000 0.00000000985338 3 -7.5000000000
1 12 11 135168.000000 0.00000000246021 3 -8.5000000000
1 12 12 147456.000000 0.00000000062014 3 -9.5000000000
1 12 13 159744.000000 0.00000000015969 3 -10.5000000000
1 12 14 172032.000000 0.00000000003621 3 -11.5000000000
1 12 15 184320.000000 0.00000000001058 3 -12.5000000000
1 12 16 196608.000000 0.00000000000341 3 -13.5000000000
1 13 0 0.000000 0.01600876264274 0 1.0000000000
1 13 1 12288.000000 0.00701152998954 2 1.5000000000
1 13 2 24576.000000 0.00158639042638 4 0.7500000000
1 13 3 36864.000000 0.00044159224490 4 0.0000000000
1 13 4 49152.000000 0.00015758059453 4 -0.7500000000
1 13 5 61440.000000 0.00004572937905 4 -1.5000000000
1 13 6 73728.000000 0.00001441925997 3 -2.5000000000
1 13 7 86016.000000 0.00000454345036 4 -3.2500000000
1 13 8 98304.000000 0.00000135874416 3 -4.2500000000
1 13 9 110592.000000 0.00000034157384 4 -5.0000000000
1 13 10 122880.000000 0.00000008257416 3 -6.0000000000
1 13 11 135168.000000 0.00000002265824 3 -7.0000000000
1 13 12 147456.000000 0.00000000569362 3 -8.0000000000
1 13 13 159744.000000 0.00000000136862 3 -9.0000000000
1 13 14 172032.000000 0.00000000034126 3 -10.0000000000
1 13 15 184320.000000 0.00000000007754 3 -11.0000000000
1 13 16 196608.000000 0.00000000002169 3 -12.0000000000
1 14 0 0.000000 0.46141588687897 0 3.0000000000
1 14 1 12288.000000 0.19217300415039 1 3.2500000000
1 14 2 24576.000000 0.03454536944628 6 3.0000000000
1 14 3 36864.000000 0.01450083591044 2 1.7500000000
1 14 4 49152.000000 0.00460042105988 6 1.5000000000
1 14 5 61440.000000 0.00135908275843 3 0.5000000000
1 14 6 73728.000000 0.00046998963808 4 -0.2500000000
1 14 7 86016.000000 0.00012749941379 4 -1.0000000000
1 14 8 98304.000000 0.00003589287007 3 -2.0000000000
1 14 9 110592.000000 0.00001098037046 4 -2.7500000000
1 14 10 122880.000000 0.00000270004534 3 -3.7500000000
1 14 11 135168.000000 0.00000068851256 3 -4.7500000000
1 14 12 147456.000000 0.00000015586383 3 -5.7500000000
1 14 13 159744.000000 0.00000004365990 3 -6.7500000000
1 14 14 172032.000000 0.00000001006674 3 -7.7500000000
1 14 15 184320.000000 0.00000000276555 3 -8.7500000000
1 14 16 196608.000000 0.00000000057854 3 -9.7500000000
1 15 0 0.000000 0.00005300752673 0 -2.0000000000
1 15 1 12288.000000 0.00003315686990 0 -2.0000000000
1 15 2 24576.000000 0.00000969860866 4 -2.7500000000
1 15 3 36864.000000 0.00000331150841 4 -3.5000000000
1 15 4 49152.000000 0.00000114195143 4 -4.2500000000
1 15 5 61440.000000 0.00000044814345 4 -5.0000000000
1 15 6 73728.000000 0.00000014474251 4 -5.7500000000
1 15 7 86016.000000 0.00000004464222 4 -6.5000000000
1 15 8 98304.000000 0.00000001347319 4 -7.2500000000
1 15 9 110592.000000 0.00000000319353 3 -8.2500000000
1 15 10 122880.000000 0.00000000091431 3 -9.2500000000
1 15 11 135168.000000 0.00000000024547 3 -10.2500000000
1 15 12 147456.000000 0.00000000005035 3 -11.2500000000
1 15 13 159744.000000 0.00000000001496 3 -12.2500000000
1 15 14 172032.000000 0.00000000000419 3 -13.2500000000
1 15 15 184320.000000 0.00000000000184 3 -14.2500000000
1 15 16 196608.000000 0.00000000000115 3 -15.2500000000
1 16 0 0.000000 0.00038487580605 0 -1.0000000000
1 16 1 12288.000000 0.00019612422329 0 -1.0000000000
1 16 2 24576.000000 0.00005726803647 5 -1.5000000000
1 16 3 36864.000000 0.00002203177246 4 -2.2500000000
1 16 4 49152.000000 0.00000757571752 4 -3.0000000000
1 16 5 61440.000000 0.00000278366588 5 -3.5000000000
1 16 6 73728.000000 0.00000095630799 4 -4.2500000000
1 16 7 86016.000000 0.00000027708282 3 -5.2500000000
1 16 8 98304.000000 0.00000007460152 4 -6.0000000000
1 16 9 110592.000000 0.00000002011058 3 -7.0000000000
1 16 10 122880.000000 0.00000000462809 3 -8.0000000000
1 16 11 135168.000000 0.00000000118148 3 -9.0000000000
1 16 12 147456.000000 0.00000000028957 3 -10.0000000000
1 16 13 159744.000000 0.00000000007401 3 -11.0000000000
1 16 14 172032.000000 0.00000000001885 3 -12.0000000000
1 16 15 184320.000000 0.00000000000548 3 -13.0000000000
1 16 16 196608.000000 0.00000000000209 3 -14.0000000000
1 17 0 0.000000 0.00242383033037 0 0.0000000000
1 17 1 12288.000000 0.00120617228094 1 0.2500000000
1 17 2 24576.000000 0.00028126564575 4 -0.5000000000
1 17 3 36864.000000 0.00009032409434 4 -1.2500000000
1 17 4 49152.000000 0.00003025756268 4 -2.0000000000
1 17 5 61440.000000 0.00001078840160 4 -2.7500000000
1 17 6 73728.000000 0.00000269393286 4 -3.5000000000
1 17 7 86016.000000 0.00000091675923 4 -4.2500000000
1 17 8 98304.000000 0.00000022399944 3 -5.2500000000
1 17 9 110592.000000 0.00000006070611 3 -6.2500000000
1 17 10 122880.000000 0.00000002320885 3 -7.2500000000
1 17 11 135168.000000 0.00000000517298 4 -8.0000000000
1 17 12 147456.000000 0.00000000124501 3 -9.0000000000
1 17 13 159744.000000 0.00000000033294 3 -10.0000000000
1 17 14 172032.000000 0.00000000007661 3 -11.0000000000
1 17 15 184320.000000 0.00000000002040 3 -12.0000000000
1 17 16 196608.000000 0.00000000000582 3 -13.0000000000
1 18 0 0.000000 0.02458842471242 0 2.0000000000
1 18 1 12288.000000 0.01395507901907 0 2.0000000000
1 18 2 24576.000000 0.00235949410126 4 1.2500000000
1 18 3 36864.000000 0.00083468004595 3 0.2500000000
1 18 4 49152.000000 0.00026430285652 4 -0.5000000000
1 18 5 61440.000000 0.00007132437895 4 -1.2500000000
1 18 6 73728.000000 0.00002060863517 3 -2.2500000000
1 18 7 86016.000000 0.00000687329657 4 -3.0000000000
1 18 8 98304.000000 0.00000189048410 3 -4.0000000000
1 18 9 110592.000000 0.00000050202408 4 -4.7500000000
1 18 10 122880.000000 0.00000013173813 3 -5.7500000000
1 18 11 135168.000000 0.00000003195733 3 -6.7500000000
1 18 12 147456.000000 0.00000000871740 3 -7.7500000000
1 18 13 159744.000000 0.00000000200191 3 -8.7500000000
1 18 14 172032.000000 0.00000000051869 3 -9.7500000000
1 18 15 184320.000000 0.00000000013312 3 -10.7500000000
1 18 16 196608.000000 0.00000000003724 3 -11.7500000000
1 19 0 0.000000 0.72908008098602 0 3.0000000000
1 19 1 12288.000000 0.33518508076668 2 3.5000000000
1 19 2 24576.000000 0.06384405493736 5 3.0000000000
1 19 3 36864.000000 0.02203417569399 5 2.5000000000
1 19 4 49152.000000 0.00962143111974 4 1.7500000000
1 19 5 61440.000000 0.00328885717317 5 1.2500000000
1 19 6 73728.000000 0.00107181852218 4 0.5000000000
1 19 7 86016.000000 0.00030514149694 3 -0.5000000000
1 19 8 98304.000000 0.00007091817679 3 -1.5000000000
1 19 9 110592.000000 0.00002418250006 4 -2.2500000000
1 19 10 122880.000000 0.00000583445308 3 -3.2500000000
1 19 11 135168.000000 0.00000157537625 3 -4.2500000000
1 19 12 147456.000000 0.00000035649103 3 -5.2500000000
1 19 13 159744.000000 0.00000009011450 3 -6.2500000000
1 19 14 172032.000000 0.00000002002554 3 -7.2500000000
1 19 15 184320.000000 0.00000000587710 3 -8.2500000000
1 19 16 196608.000000 0.00000000140663 3 -9.2500000000
1 20 0 0.000000 0.00008220846212 0 -2.0000000000
1 20 1 12288.000000 0.00004880770575 0 -2.0000000000
1 20 2 24576.000000 0.00001558841541 5 -2.5000000000
1 20 3 36864.000000 0.00000552321126 4 -3.2500000000
1 20 4 49152.000000 0.00000203411469 5 -3.7500000000
1 20 5 61440.000000 0.00000074960212 4 -4.5000000000
1 20 6 73728.000000 0.00000021531734 4 -5.2500000000
1 20 7 86016.000000 0.00000005239079 3 -6.2500000000
1 20 8 98304.000000 0.00000001681307 3 -7.2500000000
1 20 9 110592.000000 0.00000000426414 3 -8.2500000000
1 20 10 122880.000000 0.00000000123691 4 -9.0000000000
1 20 11 135168.000000 0.00000000031726 3 -10.0000000000
1 20 12 147456.000000 0.00000000008208 3 -11.0000000000
1 20 13 159744.000000 0.00000000002024 3 -12.0000000000
1 20 14 172032.000000 0.00000000000643 3 -13.0000000000
1 20 15 184320.000000 0.00000000000216 3 -14.0000000000
1 20 16 196608.000000 0.00000000000120 3 -15.0000000000
1 21 0 0.000000 0.00058114272542 0 0.0000000000
1 21 1 12288.000000 0.00037630909355 0 0.0000000000
1 21 2 24576.000000 0.00009825364396 2 -1.2500000000
1 21 3 36864.000000 0.00003406635369 4 -2.0000000000
1 21 4 49152.000000 0.00001120525212 5 -2.5000000000
1 21 5 61440.000000 0.00000336501739 4 -3.2500000000
1 21 6 73728.000000 0.00000108638483 3 -4.2500000000
1 21 7 86016.000000 0.00000033061798 4 -5.0000000000
1 21 8 98304.000000 0.00000008131820 3 -6.0000000000
1 21 9 110592.000000 0.00000002430007 3 -7.0000000000
1 21 10 122880.000000 0.00000000674486 4 -7.7500000000
1 21 11 135168.000000 0.00000000173183 3 -8.7500000000
1 21 12 147456.000000 0.00000000044401 3 -9.7500000000
1 21 13 159744.000000 0.00000000010541 3 -10.7500000000
1 21 14 172032.000000 0.00000000002532 3 -11.7500000000
1 21 15 184320.000000 0.00000000000748 3 -12.7500000000
1 21 16 196608.000000 0.00000000000245 3 -13.7500000000
1 22 0 0.000000 0.00396968750283 0 1.0000000000
1 22 1 12288.000000 0.00233197910711 0 1.0000000000
1 22 2 24576.000000 0.00053525908152 3 0.0000000000
1 22 3 36864.000000 0.00015712212189 4 -0.7500000000
1 22 4 49152.000000 0.00004099358193 3 -1.7500000000
1 22 5 61440.000000 0.00001080051152 4 -2.5000000000
1 22 6 73728.000000 0.00000353819610 3 -3.5000000000
1 22 7 86016.000000 0.00000104302046 4 -4.2500000000
1 22 8 98304.000000 0.00000027886981 3 -5.2500000000
1 22 9 110592.000000 0.00000007539450 4 -6.0000000000
1 22 10 122880.000000 0.00000002121244 3 -7.0000000000
1 22 11 135168.000000 0.00000000493739 3 -8.0000000000
1 22 12 147456.000000 0.00000000137723 3 -9.0000000000
1 22 13 159744.000000 0.00000000033093 3 -10.0000000000
1 22 14 172032.000000 0.00000000007240 3 -11.0000000000
1 22 15 184320.000000 0.00000000002223 3 -12.0000000000
1 22 16 196608.000000 0.00000000000618 3 -13.0000000000
1 23 0 0.000000 0.03758823126554 0 2.0000000000
1 23 1 12288.000000 0.01596689037979 0 2.0000000000
1 23 2 24576.000000 0.00378444208764 5 1.5000000000
1 23 3 36864.000000 0.00110495754052 4 0.7500000000
1 23 4 49152.000000 0.00036221233313 3 -0.2500000000
1 23 5 61440.000000 0.00010457391909 4 -1.0000000000
1 23 6 73728.000000 0.00003309467866 3 -2.0000000000
1 23 7 86016.000000 0.00000782071584 4 -2.7500000000
1 23 8 98304.000000 0.00000244153080 3 -3.7500000000
1 23 9 110592.000000 0.00000052349833 3 -4.7500000000
1 23 10 122880.000000 0.00000012780023 3 -5.7500000000
1 23 11 135168.000000 0.00000003268255 3 -6.7500000000
1 23 12 147456.000000 0.00000000792271 3 -7.7500000000
1 23 13 159744.000000 0.00000000209222 3 -8.7500000000
1 23 14 172032.000000 0.00000000061218 3 -9.7500000000
1 23 15 184320.000000 0.00000000017519 4 -10.5000000000
1 23 16 196608.000000 0.00000000005049 3 -11.5000000000
1 24 0 0.000000 3.30462431907654 0 5.0000000000
1 24 1 12288.000000 3.16567683219910 3 5.7500000000
1 24 2 24576.000000 0.80090367794037 1 4.2500000000
1 24 3 36864.000000 0.17808833718300 3 3.2500000000
1 24 4 49152.000000 0.04907089844346 5 2.7500000000
1 24 5 61440.000000 0.01810855045915 4 2.0000000000
1 24 6 73728.000000 0.00594774587080 4 1.2500000000
1 24 7 86016.000000 0.00186348694842 3 0.2500000000
1 24 8 98304.000000 0.00048219956807 4 -0.5000000000
1 24 9 110592.000000 0.00011064601131 3 -1.5000000000
1 24 10 122880.000000 0.00002671811126 3 -2.5000000000
1 24 11 135168.000000 0.00000750820436 3 -3.5000000000
1 24 12 147456.000000 0.00000188995182 3 -4.5000000000
1 24 13 159744.000000 0.00000048316616 3 -5.5000000000
1 24 14 172032.000000 0.00000013256017 3 -6.5000000000
1 24 15 184320.000000 0.00000002272471 3 -7.5000000000
1 24 16 196608.000000 0.00000000830052 3 -8.5000000000
