3 0 0 0.000000 0.03989320248365 0 -2.0000000000
3 0 1 73728.000000 0.03011682629585 0 -2.0000000000
3 0 2 147456.000000 0.00346333929338 1 -3.5000000000
3 0 3 221184.000000 0.00125776079949 3 -4.5000000000
3 0 4 294912.000000 0.00049444363685 5 -5.0000000000
3 0 5 368640.000000 0.00015639017511 4 -5.7500000000
3 0 6 442368.000000 0.00005330794738 4 -6.5000000000
3 0 7 516096.000000 0.00001391263686 3 -7.5000000000
3 0 8 589824.000000 0.00000668263874 5 -8.0000000000
3 0 9 663552.000000 0.00000283979057 4 -8.7500000000
3 0 10 737280.000000 0.00000102525314 4 -9.5000000000
3 0 11 811008.000000 0.00000035740561 5 -10.0000000000
3 0 12 884736.000000 0.00000008731865 3 -11.0000000000
3 0 13 958464.000000 0.00000002968972 4 -11.7500000000
3 0 14 1032192.000000 0.00000000835392 3 -12.7500000000
3 0 15 1105920.000000 0.00000000213685 3 -13.7500000000
3 0 16 1179648.000000 0.00000000041543 3 -14.7500000000
3 1 0 0.000000 0.01352400518954 0 0.0000000000
3 1 1 73728.000000 0.00808313675225 0 0.0000000000
3 1 2 147456.000000 0.00277118966915 2 -1.2500000000
3 1 3 221184.000000 0.00158548122272 1 -2.7500000000
3 1 4 294912.000000 0.00074044044595 5 -3.2500000000
3 1 5 368640.000000 0.00028867932269 4 -4.0000000000
3 1 6 442368.000000 0.00010674190708 4 -4.7500000000
3 1 7 516096.000000 0.00004044098387 4 -5.5000000000
3 1 8 589824.000000 0.00001366966353 4 -6.2500000000
3 1 9 663552.000000 0.00000508711810 4 -7.0000000000
3 1 10 737280.000000 0.00000146488685 4 -7.7500000000
3 1 11 811008.000000 0.00000045862208 4 -8.5000000000
3 1 12 884736.000000 0.00000012114607 3 -9.5000000000
3 1 13 958464.000000 0.00000002975304 3 -10.5000000000
3 1 14 1032192.000000 0.00000000659339 3 -11.5000000000
3 1 15 1105920.000000 0.00000000173236 3 -12.5000000000
3 1 16 1179648.000000 0.00000000049649 3 -13.5000000000
3 2 0 0.000000 0.22909578680992 0 1.0000000000
3 2 1 73728.000000 0.10015351325274 0 1.0000000000
3 2 2 147456.000000 0.01828945986927 6 0.7500000000
3 2 3 221184.000000 0.00615838635713 4 0.0000000000
3 2 4 294912.000000 0.00249373447150 4 -0.7500000000
3 2 5 368640.000000 0.00101137557067 4 -1.5000000000
3 2 6 442368.000000 0.00037312813220 4 -2.2500000000
3 2 7 516096.000000 0.00017460540403 3 -3.2500000000
3 2 8 589824.000000 0.00005346685430 4 -4.0000000000
3 2 9 663552.000000 0.00001451477056 3 -5.0000000000
3 2 10 737280.000000 0.00000453407893 3 -6.0000000000
3 2 11 811008.000000 0.00000148095148 3 -7.0000000000
3 2 12 884736.000000 0.00000037383802 4 -7.7500000000
3 2 13 958464.000000 0.00000008625612 3 -8.7500000000
3 2 14 1032192.000000 0.00000002061793 3 -9.7500000000
3 2 15 1105920.000000 0.00000000573230 3 -10.7500000000
3 2 16 1179648.000000 0.00000000127711 3 -11.7500000000
3 3 0 0.000000 0.02071509696543 0 -1.0000000000
3 3 1 73728.000000 0.01800413616002 0 -1.0000000000
3 3 2 147456.000000 0.00539647694677 0 -2.7500000000
3 3 3 221184.000000 0.00081626017345 0 -4.5000000000
3 3 4 294912.000000 0.00035306031350 5 -5.0000000000
3 3 5 368640.000000 0.00013095233589 5 -5.5000000000
3 3 6 442368.000000 0.00006315309292 4 -6.2500000000
3 3 7 516096.000000 0.00002601551205 4 -7.0000000000
3 3 8 589824.000000 0.00001126712050 4 -7.7500000000
3 3 9 663552.000000 0.00000358293960 5 -8.2500000000
3 3 10 737280.000000 0.00000119945253 5 -8.7500000000
3 3 11 811008.000000 0.00000041871081 3 -9.7500000000
3 3 12 884736.000000 0.00000012378092 4 -10.5000000000
3 3 13 958464.000000 0.00000003150583 3 -11.5000000000
3 3 14 1032192.000000 0.00000000857404 4 -12.2500000000
3 3 15 1105920.000000 0.00000000226607 3 -13.2500000000
3 3 16 1179648.000000 0.00000000050476 3 -14.2500000000
3 4 0 0.000000 0.02827557548881 0 0.0000000000
3 4 1 73728.000000 0.01522962749004 0 0.0000000000
3 4 2 147456.000000 0.00318259652704 5 -0.5000000000
3 4 3 221184.000000 0.00112631113734 4 -1.2500000000
3 4 4 294912.000000 0.00065356737468 3 -2.2500000000
3 4 5 368640.000000 0.00036422806443 3 -3.2500000000
3 4 6 442368.000000 0.00016655647778 3 -4.2500000000
3 4 7 516096.000000 0.00005483047062 5 -4.7500000000
3 4 8 589824.000000 0.00001638418144 4 -5.5000000000
3 4 9 663552.000000 0.00000472150487 3 -6.5000000000
3 4 10 737280.000000 0.00000152661141 4 -7.2500000000
3 4 11 811008.000000 0.00000034558738 3 -8.2500000000
3 4 12 884736.000000 0.00000008594294 3 -9.2500000000
3 4 13 958464.000000 0.00000002385028 3 -10.2500000000
3 4 14 1032192.000000 0.00000000639387 3 -11.2500000000
3 4 15 1105920.000000 0.00000000198431 4 -12.0000000000
3 4 16 1179648.000000 0.00000000049841 3 -13.0000000000
3 5 0 0.000000 0.50481706857681 0 2.0000000000
3 5 1 73728.000000 0.27372604608536 0 2.0000000000
3 5 2 147456.000000 0.04171217605472 2 0.7500000000
3 5 3 221184.000000 0.01853691972792 5 0.2500000000
3 5 4 294912.000000 0.00991464126855 5 -0.2500000000
3 5 5 368640.000000 0.00433725072071 6 -0.5000000000
3 5 6 442368.000000 0.00173201563302 5 -1.0000000000
3 5 7 516096.000000 0.00054538244149 3 -2.0000000000
3 5 8 589824.000000 0.00018956860004 4 -2.7500000000
3 5 9 663552.000000 0.00006244832912 3 -3.7500000000
3 5 10 737280.000000 0.00001838047501 3 -4.7500000000
3 5 11 811008.000000 0.00000505415073 3 -5.7500000000
3 5 12 884736.000000 0.00000120944139 3 -6.7500000000
3 5 13 958464.000000 0.00000028066935 3 -7.7500000000
3 5 14 1032192.000000 0.00000007702731 3 -8.7500000000
3 5 15 1105920.000000 0.00000001858822 3 -9.7500000000
3 5 16 1179648.000000 0.00000000463408 3 -10.7500000000
3 6 0 0.000000 0.00695799663663 0 -1.0000000000
3 6 1 73728.000000 0.00506615871564 0 -1.0000000000
3 6 2 147456.000000 0.00214262888767 0 -2.7500000000
3 6 3 221184.000000 0.00087519921362 4 -3.5000000000
3 6 4 294912.000000 0.00041336822324 4 -4.2500000000
3 6 5 368640.000000 0.00016723155568 5 -4.7500000000
3 6 6 442368.000000 0.00006357646635 4 -5.5000000000
3 6 7 516096.000000 0.00002227717960 5 -6.0000000000
3 6 8 589824.000000 0.00000883206940 4 -6.7500000000
3 6 9 663552.000000 0.00000310486553 4 -7.5000000000
3 6 10 737280.000000 0.00000086193324 4 -8.2500000000
3 6 11 811008.000000 0.00000024995006 3 -9.2500000000
3 6 12 884736.000000 0.00000007679700 3 -10.2500000000
3 6 13 958464.000000 0.00000001878495 4 -11.0000000000
3 6 14 1032192.000000 0.00000000508502 3 -12.0000000000
3 6 15 1105920.000000 0.00000000123855 3 -13.0000000000
3 6 16 1179648.000000 0.00000000039286 4 -13.7500000000
3 7 0 0.000000 0.08878265321255 0 1.0000000000
3 7 1 73728.000000 0.04133199527860 0 1.0000000000
3 7 2 147456.000000 0.00668919272721 2 -0.2500000000
3 7 3 221184.000000 0.00237009022385 5 -0.7500000000
3 7 4 294912.000000 0.00112465862185 4 -1.5000000000
3 7 5 368640.000000 0.00055998243624 5 -2.0000000000
3 7 6 442368.000000 0.00030604194035 4 -2.7500000000
3 7 7 516096.000000 0.00015347469889 4 -3.5000000000
3 7 8 589824.000000 0.00006412291259 4 -4.2500000000
3 7 9 663552.000000 0.00001722366142 4 -5.0000000000
3 7 10 737280.000000 0.00000516299542 3 -6.0000000000
3 7 11 811008.000000 0.00000142763258 3 -7.0000000000
3 7 12 884736.000000 0.00000045067330 4 -7.7500000000
3 7 13 958464.000000 0.00000010133260 3 -8.7500000000
3 7 14 1032192.000000 0.00000002644486 3 -9.7500000000
3 7 15 1105920.000000 0.00000000666590 3 -10.7500000000
3 7 16 1179648.000000 0.00000000177822 3 -11.7500000000
3 8 0 0.000000 3.47382283210754 0 2.0000000000
3 8 1 73728.000000 1.69946873188019 0 2.0000000000
3 8 2 147456.000000 0.22622023522854 5 1.5000000000
3 8 3 221184.000000 0.06943853199482 4 0.7500000000
3 8 4 294912.000000 0.02421150170267 5 0.2500000000
3 8 5 368640.000000 0.00804364588112 4 -0.5000000000
3 8 6 442368.000000 0.00287338043563 4 -1.2500000000
3 8 7 516096.000000 0.00098829728086 4 -2.0000000000
3 8 8 589824.000000 0.00034707508166 4 -2.7500000000
3 8 9 663552.000000 0.00009667886479 3 -3.7500000000
3 8 10 737280.000000 0.00003494705379 3 -4.7500000000
3 8 11 811008.000000 0.00000868924144 4 -5.5000000000
3 8 12 884736.000000 0.00000216593867 3 -6.5000000000
3 8 13 958464.000000 0.00000061025310 3 -7.5000000000
3 8 14 1032192.000000 0.00000013384263 3 -8.5000000000
3 8 15 1105920.000000 0.00000003927445 3 -9.5000000000
3 8 16 1179648.000000 0.00000000912744 3 -10.5000000000
