2 0 0 0.000000 0.00717581529170 0 -2.0000000000
2 0 1 98304.000000 0.00547635927796 0 -2.0000000000
2 0 2 196608.000000 0.00075959891547 0 -3.7500000000
2 0 3 294912.000000 0.00025330571225 4 -4.5000000000
2 0 4 393216.000000 0.00007690374332 4 -5.2500000000
2 0 5 491520.000000 0.00002886502261 3 -6.2500000000
2 0 6 589824.000000 0.00001321045511 4 -7.0000000000
2 0 7 688128.000000 0.00000526602707 6 -7.2500000000
2 0 8 786432.000000 0.00000256733506 4 -8.0000000000
2 0 9 884736.000000 0.00000099484475 4 -8.7500000000
2 0 10 983040.000000 0.00000043669942 5 -9.2500000000
2 0 11 1081344.000000 0.00000014925253 5 -9.7500000000
2 0 12 1179648.000000 0.00000004729757 4 -10.5000000000
2 0 13 1277952.000000 0.00000001366012 3 -11.5000000000
2 0 14 1376256.000000 0.00000000460805 3 -12.5000000000
2 0 15 1474560.000000 0.00000000109184 4 -13.2500000000
2 0 16 1572864.000000 0.00000000022467 3 -14.2500000000
2 1 0 0.000000 0.00985851697624 0 0.0000000000
2 1 1 98304.000000 0.00463644647971 0 0.0000000000
2 1 2 196608.000000 0.00126142252702 4 -0.7500000000
2 1 3 294912.000000 0.00052136956947 4 -1.5000000000
2 1 4 393216.000000 0.00032330740942 4 -2.2500000000
2 1 5 491520.000000 0.00017931323964 4 -3.0000000000
2 1 6 589824.000000 0.00009746196883 3 -4.0000000000
2 1 7 688128.000000 0.00003767542148 6 -4.2500000000
2 1 8 786432.000000 0.00001339808205 4 -5.0000000000
2 1 9 884736.000000 0.00000444662237 4 -5.7500000000
2 1 10 983040.000000 0.00000151577945 4 -6.5000000000
2 1 11 1081344.000000 0.00000038433657 3 -7.5000000000
2 1 12 1179648.000000 0.00000009696789 3 -8.5000000000
2 1 13 1277952.000000 0.00000002204028 3 -9.5000000000
2 1 14 1376256.000000 0.00000000534651 3 -10.5000000000
2 1 15 1474560.000000 0.00000000137528 3 -11.5000000000
2 1 16 1572864.000000 0.00000000035100 3 -12.5000000000
2 2 0 0.000000 0.27927461266518 0 1.0000000000
2 2 1 98304.000000 0.11746143549681 0 1.0000000000
2 2 2 196608.000000 0.02121630124748 7 1.0000000000
2 2 3 294912.000000 0.00802595540881 5 0.5000000000
2 2 4 393216.000000 0.00329653685912 4 -0.2500000000
2 2 5 491520.000000 0.00131446972955 5 -0.7500000000
2 2 6 589824.000000 0.00058458128478 4 -1.5000000000
2 2 7 688128.000000 0.00021555671992 5 -2.0000000000
2 2 8 786432.000000 0.00006634616147 4 -2.7500000000
2 2 9 884736.000000 0.00002090751877 3 -3.7500000000
2 2 10 983040.000000 0.00000716281238 3 -4.7500000000
2 2 11 1081344.000000 0.00000199600527 4 -5.5000000000
2 2 12 1179648.000000 0.00000052744406 3 -6.5000000000
2 2 13 1277952.000000 0.00000011092118 3 -7.5000000000
2 2 14 1376256.000000 0.00000003016457 3 -8.5000000000
2 2 15 1474560.000000 0.00000000702868 3 -9.5000000000
2 2 16 1572864.000000 0.00000000199364 3 -10.5000000000
2 3 0 0.000000 0.00258486322127 0 -1.0000000000
2 3 1 98304.000000 0.00200997246429 0 -1.0000000000
2 3 2 196608.000000 0.00086833146634 0 -2.7500000000
2 3 3 294912.000000 0.00034616707126 2 -4.0000000000
2 3 4 393216.000000 0.00017568301701 6 -4.2500000000
2 3 5 491520.000000 0.00007218198880 5 -4.7500000000
2 3 6 589824.000000 0.00003223444583 5 -5.2500000000
2 3 7 688128.000000 0.00001319198327 4 -6.0000000000
2 3 8 786432.000000 0.00000508071798 5 -6.5000000000
2 3 9 884736.000000 0.00000161665525 4 -7.2500000000
2 3 10 983040.000000 0.00000053052275 4 -8.0000000000
2 3 11 1081344.000000 0.00000017559053 3 -9.0000000000
2 3 12 1179648.000000 0.00000004228861 4 -9.7500000000
2 3 13 1277952.000000 0.00000001291854 3 -10.7500000000
2 3 14 1376256.000000 0.00000000292880 3 -11.7500000000
2 3 15 1474560.000000 0.00000000085499 3 -12.7500000000
2 3 16 1572864.000000 0.00000000017184 3 -13.7500000000
2 4 0 0.000000 0.02106459066272 0 0.0000000000
2 4 1 98304.000000 0.00995443761349 0 0.0000000000
2 4 2 196608.000000 0.00215112767182 6 -0.2500000000
2 4 3 294912.000000 0.00072223314783 4 -1.0000000000
2 4 4 393216.000000 0.00031413245597 4 -1.7500000000
2 4 5 491520.000000 0.00015680189244 4 -2.5000000000
2 4 6 589824.000000 0.00007773807738 4 -3.2500000000
2 4 7 688128.000000 0.00003802575520 3 -4.2500000000
2 4 8 786432.000000 0.00001528425310 4 -5.0000000000
2 4 9 884736.000000 0.00000507222376 4 -5.7500000000
2 4 10 983040.000000 0.00000168975339 5 -6.2500000000
2 4 11 1081344.000000 0.00000042463330 3 -7.2500000000
2 4 12 1179648.000000 0.00000010928097 3 -8.2500000000
2 4 13 1277952.000000 0.00000002661411 3 -9.2500000000
2 4 14 1376256.000000 0.00000000712235 3 -10.2500000000
2 4 15 1474560.000000 0.00000000163911 3 -11.2500000000
2 4 16 1572864.000000 0.00000000038475 3 -12.2500000000
2 5 0 0.000000 0.61766010522842 0 2.0000000000
2 5 1 98304.000000 0.26833245158195 0 2.0000000000
2 5 2 196608.000000 0.04569500312209 5 1.5000000000
2 5 3 294912.000000 0.01646585576236 3 0.5000000000
2 5 4 393216.000000 0.00586883677170 6 0.2500000000
2 5 5 491520.000000 0.00270965369418 4 -0.5000000000
2 5 6 589824.000000 0.00099518604111 4 -1.2500000000
2 5 7 688128.000000 0.00033638899913 5 -1.7500000000
2 5 8 786432.000000 0.00009126461373 3 -2.7500000000
2 5 9 884736.000000 0.00003130903133 4 -3.5000000000
2 5 10 983040.000000 0.00000817497403 3 -4.5000000000
2 5 11 1081344.000000 0.00000209518657 3 -5.5000000000
2 5 12 1179648.000000 0.00000050924825 3 -6.5000000000
2 5 13 1277952.000000 0.00000013067728 3 -7.5000000000
2 5 14 1376256.000000 0.00000003421419 3 -8.5000000000
2 5 15 1474560.000000 0.00000000891451 3 -9.5000000000
2 5 16 1572864.000000 0.00000000207183 3 -10.5000000000
2 6 0 0.000000 0.00465014763176 0 -1.0000000000
2 6 1 98304.000000 0.00249206670560 0 -1.0000000000
2 6 2 196608.000000 0.00090423715301 6 -1.2500000000
2 6 3 294912.000000 0.00059127545683 1 -2.7500000000
2 6 4 393216.000000 0.00027440203121 5 -3.2500000000
2 6 5 491520.000000 0.00012465516920 4 -4.0000000000
2 6 6 589824.000000 0.00005057544695 4 -4.7500000000
2 6 7 688128.000000 0.00002004473936 5 -5.2500000000
2 6 8 786432.000000 0.00000722011964 5 -5.7500000000
2 6 9 884736.000000 0.00000259120247 3 -6.7500000000
2 6 10 983040.000000 0.00000068635745 4 -7.5000000000
2 6 11 1081344.000000 0.00000020244418 3 -8.5000000000
2 6 12 1179648.000000 0.00000006272398 4 -9.2500000000
2 6 13 1277952.000000 0.00000001333138 3 -10.2500000000
2 6 14 1376256.000000 0.00000000330578 3 -11.2500000000
2 6 15 1474560.000000 0.00000000106593 3 -12.2500000000
2 6 16 1572864.000000 0.00000000023038 3 -13.2500000000
2 7 0 0.000000 0.09765253216028 0 1.0000000000
2 7 1 98304.000000 0.04180569946766 0 1.0000000000
2 7 2 196608.000000 0.00795094575733 4 0.2500000000
2 7 3 294912.000000 0.00282107060775 5 -0.2500000000
2 7 4 393216.000000 0.00108202220872 4 -1.0000000000
2 7 5 491520.000000 0.00046089800890 5 -1.5000000000
2 7 6 589824.000000 0.00019220684771 5 -2.0000000000
2 7 7 688128.000000 0.00009971779946 5 -2.5000000000
2 7 8 786432.000000 0.00003555073636 3 -3.5000000000
2 7 9 884736.000000 0.00001376313321 3 -4.5000000000
2 7 10 983040.000000 0.00000408468441 4 -5.2500000000
2 7 11 1081344.000000 0.00000105934578 3 -6.2500000000
2 7 12 1179648.000000 0.00000026984890 3 -7.2500000000
2 7 13 1277952.000000 0.00000006782108 3 -8.2500000000
2 7 14 1376256.000000 0.00000001658957 3 -9.2500000000
2 7 15 1474560.000000 0.00000000428322 3 -10.2500000000
2 7 16 1572864.000000 0.00000000103982 3 -11.2500000000
2 8 0 0.000000 4.32503604888916 0 3.0000000000
2 8 1 98304.000000 3.29873752593994 0 3.0000000000
2 8 2 196608.000000 0.41984793543816 3 2.0000000000
2 8 3 294912.000000 0.13917875289917 4 1.2500000000
2 8 4 393216.000000 0.04229738935828 7 1.2500000000
2 8 5 491520.000000 0.01638759858906 4 0.5000000000
2 8 6 589824.000000 0.00539067992941 4 -0.2500000000
2 8 7 688128.000000 0.00183946383186 4 -1.0000000000
2 8 8 786432.000000 0.00058324175188 3 -2.0000000000
2 8 9 884736.000000 0.00018392656057 4 -2.7500000000
2 8 10 983040.000000 0.00003986654701 3 -3.7500000000
2 8 11 1081344.000000 0.00001088870158 3 -4.7500000000
2 8 12 1179648.000000 0.00000254299721 3 -5.7500000000
2 8 13 1277952.000000 0.00000066169446 3 -6.7500000000
2 8 14 1376256.000000 0.00000017246364 3 -7.7500000000
2 8 15 1474560.000000 0.00000003964965 3 -8.7500000000
2 8 16 1572864.000000 0.00000001145049 3 -9.7500000000
