4 0 0 0.000000 0.01443901378661 0 -3.0000000000
4 0 1 49152.000000 0.01039847545326 0 -3.0000000000
4 0 2 98304.000000 0.00315369851887 7 -3.0000000000
4 0 3 147456.000000 0.00114578427747 3 -4.0000000000
4 0 4 196608.000000 0.00020373008738 5 -4.5000000000
4 0 5 245760.000000 0.00006530310202 3 -5.5000000000
4 0 6 294912.000000 0.00001625190089 4 -6.2500000000
4 0 7 344064.000000 0.00000413710632 3 -7.2500000000
4 0 8 393216.000000 0.00000105212462 3 -8.2500000000
4 0 9 442368.000000 0.00000026963878 3 -9.2500000000
4 0 10 491520.000000 0.00000006628239 3 -10.2500000000
4 0 11 540672.000000 0.00000001611505 3 -11.2500000000
4 0 12 589824.000000 0.00000000386292 3 -12.2500000000
4 0 13 638976.000000 0.00000000098594 3 -13.2500000000
4 0 14 688128.000000 0.00000000028857 3 -14.2500000000
4 0 15 737280.000000 0.00000000007371 3 -15.2500000000
4 0 16 786432.000000 0.00000000001599 3 -16.2500000000
4 1 0 0.000000 0.00773220462725 0 -1.0000000000
4 1 1 49152.000000 0.00459663197398 0 -1.0000000000
4 1 2 98304.000000 0.00112657435238 3 -2.0000000000
4 1 3 147456.000000 0.00044886162505 2 -3.2500000000
4 1 4 196608.000000 0.00017970317276 5 -3.7500000000
4 1 5 245760.000000 0.00006702882092 4 -4.5000000000
4 1 6 294912.000000 0.00002227753430 4 -5.2500000000
4 1 7 344064.000000 0.00000797776374 3 -6.2500000000
4 1 8 393216.000000 0.00000224421728 4 -7.0000000000
4 1 9 442368.000000 0.00000060949964 4 -7.7500000000
4 1 10 491520.000000 0.00000014658791 3 -8.7500000000
4 1 11 540672.000000 0.00000003957603 3 -9.7500000000
4 1 12 589824.000000 0.00000000995733 3 -10.7500000000
4 1 13 638976.000000 0.00000000321610 3 -11.7500000000
4 1 14 688128.000000 0.00000000087745 4 -12.5000000000
4 1 15 737280.000000 0.00000000021565 3 -13.5000000000
4 1 16 786432.000000 0.00000000005184 3 -14.5000000000
4 2 0 0.000000 0.09999802708626 0 0.0000000000
4 2 1 49152.000000 0.04404602199793 0 0.0000000000
4 2 2 98304.000000 0.00836241059005 5 -0.5000000000
4 2 3 147456.000000 0.00258344947360 3 -1.5000000000
4 2 4 196608.000000 0.00094425253337 5 -2.0000000000
4 2 5 245760.000000 0.00035833945731 4 -2.7500000000
4 2 6 294912.000000 0.00014241770259 5 -3.2500000000
4 2 7 344064.000000 0.00004697871191 4 -4.0000000000
4 2 8 393216.000000 0.00001264575167 3 -5.0000000000
4 2 9 442368.000000 0.00000371802844 3 -6.0000000000
4 2 10 491520.000000 0.00000104975209 4 -6.7500000000
4 2 11 540672.000000 0.00000026762447 3 -7.7500000000
4 2 12 589824.000000 0.00000006173373 3 -8.7500000000
4 2 13 638976.000000 0.00000001617664 3 -9.7500000000
4 2 14 688128.000000 0.00000000393526 3 -10.7500000000
4 2 15 737280.000000 0.00000000102628 3 -11.7500000000
4 2 16 786432.000000 0.00000000024706 3 -12.7500000000
4 3 0 0.000000 0.00296512385830 0 -2.0000000000
4 3 1 49152.000000 0.00206974823959 0 -2.0000000000
4 3 2 98304.000000 0.00051548058400 1 -3.5000000000
4 3 3 147456.000000 0.00018576534058 4 -4.2500000000
4 3 4 196608.000000 0.00005430834426 5 -4.7500000000
4 3 5 245760.000000 0.00001674641317 3 -5.7500000000
4 3 6 294912.000000 0.00000626749988 5 -6.2500000000
4 3 7 344064.000000 0.00000193725577 3 -7.2500000000
4 3 8 393216.000000 0.00000064014813 4 -8.0000000000
4 3 9 442368.000000 0.00000018606387 4 -8.7500000000
4 3 10 491520.000000 0.00000005420300 3 -9.7500000000
4 3 11 540672.000000 0.00000001218558 3 -10.7500000000
4 3 12 589824.000000 0.00000000459173 3 -11.7500000000
4 3 13 638976.000000 0.00000000105165 4 -12.5000000000
4 3 14 688128.000000 0.00000000025752 3 -13.5000000000
4 3 15 737280.000000 0.00000000006336 3 -14.5000000000
4 3 16 786432.000000 0.00000000001526 3 -15.5000000000
4 4 0 0.000000 0.02307555265725 0 -1.0000000000
4 4 1 49152.000000 0.01088562514633 0 -1.0000000000
4 4 2 98304.000000 0.00196152366698 5 -1.5000000000
4 4 3 147456.000000 0.00066773610888 4 -2.2500000000
4 4 4 196608.000000 0.00024231085263 4 -3.0000000000
4 4 5 245760.000000 0.00008974596130 3 -4.0000000000
4 4 6 294912.000000 0.00003198814738 4 -4.7500000000
4 4 7 344064.000000 0.00001025905840 4 -5.5000000000
4 4 8 393216.000000 0.00000328150395 4 -6.2500000000
4 4 9 442368.000000 0.00000100752845 3 -7.2500000000
4 4 10 491520.000000 0.00000026895250 4 -8.0000000000
4 4 11 540672.000000 0.00000006415455 3 -9.0000000000
4 4 12 589824.000000 0.00000001532950 3 -10.0000000000
4 4 13 638976.000000 0.00000000419236 3 -11.0000000000
4 4 14 688128.000000 0.00000000115873 3 -12.0000000000
4 4 15 737280.000000 0.00000000025840 3 -13.0000000000
4 4 16 786432.000000 0.00000000006008 3 -14.0000000000
4 5 0 0.000000 0.26749265193939 0 1.0000000000
4 5 1 49152.000000 0.13015331327915 0 1.0000000000
4 5 2 98304.000000 0.01756097935140 2 -0.2500000000
4 5 3 147456.000000 0.00520172202960 4 -1.0000000000
4 5 4 196608.000000 0.00179232482333 4 -1.7500000000
4 5 5 245760.000000 0.00060635188129 5 -2.2500000000
4 5 6 294912.000000 0.00021217917674 4 -3.0000000000
4 5 7 344064.000000 0.00008089851326 3 -4.0000000000
4 5 8 393216.000000 0.00002290996053 4 -4.7500000000
4 5 9 442368.000000 0.00000565114806 3 -5.7500000000
4 5 10 491520.000000 0.00000149700986 3 -6.7500000000
4 5 11 540672.000000 0.00000041875134 3 -7.7500000000
4 5 12 589824.000000 0.00000012481502 4 -8.5000000000
4 5 13 638976.000000 0.00000003055068 3 -9.5000000000
4 5 14 688128.000000 0.00000000806287 3 -10.5000000000
4 5 15 737280.000000 0.00000000194820 3 -11.5000000000
4 5 16 786432.000000 0.00000000049477 3 -12.5000000000
4 6 0 0.000000 0.00331535399891 0 -2.0000000000
4 6 1 49152.000000 0.00190699659288 0 -2.0000000000
4 6 2 98304.000000 0.00061088590883 3 -3.0000000000
4 6 3 147456.000000 0.00023338434403 4 -3.7500000000
4 6 4 196608.000000 0.00008701223123 4 -4.5000000000
4 6 5 245760.000000 0.00003390570782 5 -5.0000000000
4 6 6 294912.000000 0.00001351469200 3 -6.0000000000
4 6 7 344064.000000 0.00000425076860 5 -6.5000000000
4 6 8 393216.000000 0.00000137573750 4 -7.2500000000
4 6 9 442368.000000 0.00000039683695 3 -8.2500000000
4 6 10 491520.000000 0.00000011851049 4 -9.0000000000
4 6 11 540672.000000 0.00000002684947 3 -10.0000000000
4 6 12 589824.000000 0.00000000717358 3 -11.0000000000
4 6 13 638976.000000 0.00000000189739 3 -12.0000000000
4 6 14 688128.000000 0.00000000047185 3 -13.0000000000
4 6 15 737280.000000 0.00000000011218 3 -14.0000000000
4 6 16 786432.000000 0.00000000002961 3 -15.0000000000
4 7 0 0.000000 0.06485478579998 0 0.0000000000
4 7 1 49152.000000 0.02040673047304 0 0.0000000000
4 7 2 98304.000000 0.00426146294922 4 -0.7500000000
4 7 3 147456.000000 0.00124164682347 3 -1.7500000000
4 7 4 196608.000000 0.00039949573693 4 -2.5000000000
4 7 5 245760.000000 0.00016500822676 4 -3.2500000000
4 7 6 294912.000000 0.00005987748955 3 -4.2500000000
4 7 7 344064.000000 0.00001773716031 4 -5.0000000000
4 7 8 393216.000000 0.00000528902092 3 -6.0000000000
4 7 9 442368.000000 0.00000149274331 4 -6.7500000000
4 7 10 491520.000000 0.00000039439061 3 -7.7500000000
4 7 11 540672.000000 0.00000008896967 3 -8.7500000000
4 7 12 589824.000000 0.00000002905245 3 -9.7500000000
4 7 13 638976.000000 0.00000000766140 4 -10.5000000000
4 7 14 688128.000000 0.00000000197233 3 -11.5000000000
4 7 15 737280.000000 0.00000000055669 3 -12.5000000000
4 7 16 786432.000000 0.00000000012658 3 -13.5000000000
4 8 0 0.000000 4.74163436889648 0 2.0000000000
4 8 1 49152.000000 3.90292000770569 0 2.0000000000
4 8 2 98304.000000 0.43814688920975 4 1.2500000000
4 8 3 147456.000000 0.10933317244053 5 0.7500000000
4 8 4 196608.000000 0.04235511645675 5 0.2500000000
4 8 5 245760.000000 0.01321224961430 4 -0.5000000000
4 8 6 294912.000000 0.00421065418050 3 -1.5000000000
4 8 7 344064.000000 0.00089364609448 4 -2.2500000000
4 8 8 393216.000000 0.00024009468325 3 -3.2500000000
4 8 9 442368.000000 0.00006817549001 3 -4.2500000000
4 8 10 491520.000000 0.00001990029523 3 -5.2500000000
4 8 11 540672.000000 0.00000520928643 3 -6.2500000000
4 8 12 589824.000000 0.00000147556898 4 -7.0000000000
4 8 13 638976.000000 0.00000036142885 3 -8.0000000000
4 8 14 688128.000000 0.00000009309532 3 -9.0000000000
4 8 15 737280.000000 0.00000002454108 3 -10.0000000000
4 8 16 786432.000000 0.00000000589038 3 -11.0000000000
