3 0 0 0.000000 0.00036825091229 0 -6.0000000000
3 0 1 73728.000000 0.00021724132239 0 -6.0000000000
3 0 2 147456.000000 0.00004974254625 4 -6.7500000000
3 0 3 221184.000000 0.00001534475814 4 -7.5000000000
3 0 4 294912.000000 0.00000513731857 4 -8.2500000000
3 0 5 368640.000000 0.00000178250480 4 -9.0000000000
3 0 6 442368.000000 0.00000055841315 3 -10.0000000000
3 0 7 516096.000000 0.00000018310600 5 -10.5000000000
3 0 8 589824.000000 0.00000005911217 3 -11.5000000000
3 0 9 663552.000000 0.00000001643876 4 -12.2500000000
3 0 10 737280.000000 0.00000000400473 3 -13.2500000000
3 0 11 811008.000000 0.00000000095982 3 -14.2500000000
3 0 12 884736.000000 0.00000000024937 3 -15.2500000000
3 0 13 958464.000000 0.00000000006239 3 -16.2500000000
3 0 14 1032192.000000 0.00000000001377 3 -17.2500000000
3 0 15 1105920.000000 0.00000000000425 3 -18.2500000000
3 0 16 1179648.000000 0.00000000000119 3 -19.2500000000
3 1 0 0.000000 0.01041325833648 0 -5.0000000000
3 1 1 73728.000000 0.00486557511613 0 -5.0000000000
3 1 2 147456.000000 0.00107486068737 4 -5.7500000000
3 1 3 221184.000000 0.00033943934250 3 -6.7500000000
3 1 4 294912.000000 0.00011354937305 5 -7.2500000000
3 1 5 368640.000000 0.00003946070865 4 -8.0000000000
3 1 6 442368.000000 0.00001303968111 4 -8.7500000000
3 1 7 516096.000000 0.00000389523848 3 -9.7500000000
3 1 8 589824.000000 0.00000108718689 4 -10.5000000000
3 1 9 663552.000000 0.00000027445051 3 -11.5000000000
3 1 10 737280.000000 0.00000007519062 3 -12.5000000000
3 1 11 811008.000000 0.00000002078268 4 -13.2500000000
3 1 12 884736.000000 0.00000000574699 3 -14.2500000000
3 1 13 958464.000000 0.00000000140496 3 -15.2500000000
3 1 14 1032192.000000 0.00000000038213 3 -16.2500000000
3 1 15 1105920.000000 0.00000000009522 3 -17.2500000000
3 1 16 1179648.000000 0.00000000002416 3 -18.2500000000
3 2 0 0.000000 0.17497101426125 0 -4.0000000000
3 2 1 73728.000000 0.08885727822781 0 -4.0000000000
3 2 2 147456.000000 0.01799262501299 3 -5.0000000000
3 2 3 221184.000000 0.00644490029663 5 -5.5000000000
3 2 4 294912.000000 0.00236120773479 4 -6.2500000000
3 2 5 368640.000000 0.00075328873936 4 -7.0000000000
3 2 6 442368.000000 0.00023340883490 4 -7.7500000000
3 2 7 516096.000000 0.00007692668441 3 -8.7500000000
3 2 8 589824.000000 0.00002196909008 4 -9.5000000000
3 2 9 663552.000000 0.00000589985484 3 -10.5000000000
3 2 10 737280.000000 0.00000173538069 4 -11.2500000000
3 2 11 811008.000000 0.00000044886656 3 -12.2500000000
3 2 12 884736.000000 0.00000012380036 3 -13.2500000000
3 2 13 958464.000000 0.00000002747612 3 -14.2500000000
3 2 14 1032192.000000 0.00000000739184 3 -15.2500000000
3 2 15 1105920.000000 0.00000000170228 3 -16.2500000000
3 2 16 1179648.000000 0.00000000043971 3 -17.2500000000
3 3 0 0.000000 0.00113347149454 0 -5.0000000000
3 3 1 73728.000000 0.00081726850476 0 -5.0000000000
3 3 2 147456.000000 0.00013790054072 1 -6.5000000000
3 3 3 221184.000000 0.00004959191938 5 -7.0000000000
3 3 4 294912.000000 0.00001536931450 3 -8.0000000000
3 3 5 368640.000000 0.00000544475915 4 -8.7500000000
3 3 6 442368.000000 0.00000195777125 5 -9.2500000000
3 3 7 516096.000000 0.00000062723359 3 -10.2500000000
3 3 8 589824.000000 0.00000016358192 4 -11.0000000000
3 3 9 663552.000000 0.00000004417991 3 -12.0000000000
3 3 10 737280.000000 0.00000001338731 3 -13.0000000000
3 3 11 811008.000000 0.00000000374220 4 -13.7500000000
3 3 12 884736.000000 0.00000000088400 3 -14.7500000000
3 3 13 958464.000000 0.00000000021375 3 -15.7500000000
3 3 14 1032192.000000 0.00000000005313 3 -16.7500000000
3 3 15 1105920.000000 0.00000000001467 3 -17.7500000000
3 3 16 1179648.000000 0.00000000000384 3 -18.7500000000
3 4 0 0.000000 0.02148538641632 0 -5.0000000000
3 4 1 73728.000000 0.00994901265949 0 -5.0000000000
3 4 2 147456.000000 0.00233031762764 4 -5.7500000000
3 4 3 221184.000000 0.00069437554339 4 -6.5000000000
3 4 4 294912.000000 0.00022467723466 4 -7.2500000000
3 4 5 368640.000000 0.00007213276695 4 -8.0000000000
3 4 6 442368.000000 0.00002365300497 4 -8.7500000000
3 4 7 516096.000000 0.00000722484720 4 -9.5000000000
3 4 8 589824.000000 0.00000229330544 4 -10.2500000000
3 4 9 663552.000000 0.00000058016184 3 -11.2500000000
3 4 10 737280.000000 0.00000018307807 3 -12.2500000000
3 4 11 811008.000000 0.00000005320505 4 -13.0000000000
3 4 12 884736.000000 0.00000001276971 3 -14.0000000000
3 4 13 958464.000000 0.00000000298493 3 -15.0000000000
3 4 14 1032192.000000 0.00000000075583 3 -16.0000000000
3 4 15 1105920.000000 0.00000000018333 3 -17.0000000000
3 4 16 1179648.000000 0.00000000004703 3 -18.0000000000
3 5 0 0.000000 0.57913655042648 0 -4.0000000000
3 5 1 73728.000000 0.26630663871765 0 -4.0000000000
3 5 2 147456.000000 0.05316691100597 4 -4.7500000000
3 5 3 221184.000000 0.02345378138125 5 -5.2500000000
3 5 4 294912.000000 0.01397315319628 3 -6.2500000000
3 5 5 368640.000000 0.00691330432892 7 -6.2500000000
3 5 6 442368.000000 0.00272221746854 6 -6.5000000000
3 5 7 516096.000000 0.00083372293739 4 -7.2500000000
3 5 8 589824.000000 0.00026702706236 4 -8.0000000000
3 5 9 663552.000000 0.00006914837286 3 -9.0000000000
3 5 10 737280.000000 0.00001848921056 3 -10.0000000000
3 5 11 811008.000000 0.00000459821513 3 -11.0000000000
3 5 12 884736.000000 0.00000106294567 3 -12.0000000000
3 5 13 958464.000000 0.00000027109229 3 -13.0000000000
3 5 14 1032192.000000 0.00000006388901 3 -14.0000000000
3 5 15 1105920.000000 0.00000001848967 3 -15.0000000000
3 5 16 1179648.000000 0.00000000446433 3 -16.0000000000
3 6 0 0.000000 0.00324421562254 0 -5.0000000000
3 6 1 73728.000000 0.00183987151831 0 -5.0000000000
3 6 2 147456.000000 0.00039565726183 3 -6.0000000000
3 6 3 221184.000000 0.00011915306095 4 -6.7500000000
3 6 4 294912.000000 0.00004047395851 4 -7.5000000000
3 6 5 368640.000000 0.00001314920792 4 -8.2500000000
3 6 6 442368.000000 0.00000423900883 3 -9.2500000000
3 6 7 516096.000000 0.00000126894281 4 -10.0000000000
3 6 8 589824.000000 0.00000039976914 4 -10.7500000000
3 6 9 663552.000000 0.00000009911199 3 -11.7500000000
3 6 10 737280.000000 0.00000002752399 3 -12.7500000000
3 6 11 811008.000000 0.00000000836770 4 -13.5000000000
3 6 12 884736.000000 0.00000000208428 3 -14.5000000000
3 6 13 958464.000000 0.00000000054249 3 -15.5000000000
3 6 14 1032192.000000 0.00000000012846 3 -16.5000000000
3 6 15 1105920.000000 0.00000000003267 3 -17.5000000000
3 6 16 1179648.000000 0.00000000000797 3 -18.5000000000
3 7 0 0.000000 0.06712075322866 0 -4.0000000000
3 7 1 73728.000000 0.04483301192522 0 -4.0000000000
3 7 2 147456.000000 0.00855633430183 2 -5.2500000000
3 7 3 221184.000000 0.00279141915962 3 -6.2500000000
3 7 4 294912.000000 0.00089064234635 5 -6.7500000000
3 7 5 368640.000000 0.00029459397774 4 -7.5000000000
3 7 6 442368.000000 0.00010389422096 4 -8.2500000000
3 7 7 516096.000000 0.00002795597356 4 -9.0000000000
3 7 8 589824.000000 0.00000907973663 3 -10.0000000000
3 7 9 663552.000000 0.00000212246778 4 -10.7500000000
3 7 10 737280.000000 0.00000057366094 3 -11.7500000000
3 7 11 811008.000000 0.00000014482846 3 -12.7500000000
3 7 12 884736.000000 0.00000003286959 3 -13.7500000000
3 7 13 958464.000000 0.00000000921603 3 -14.7500000000
3 7 14 1032192.000000 0.00000000227391 3 -15.7500000000
3 7 15 1105920.000000 0.00000000058652 3 -16.7500000000
3 7 16 1179648.000000 0.00000000013242 3 -17.7500000000
3 8 0 0.000000 4.05381250381470 0 -3.0000000000
3 8 1 73728.000000 3.19304895401001 0 -3.0000000000
3 8 2 147456.000000 0.23923683166504 2 -4.2500000000
3 8 3 221184.000000 0.08323469758034 4 -5.0000000000
3 8 4 294912.000000 0.03496204689145 5 -5.5000000000
3 8 5 368640.000000 0.01271499041468 5 -6.0000000000
3 8 6 442368.000000 0.00451007205993 4 -6.7500000000
3 8 7 516096.000000 0.00157675158698 4 -7.5000000000
3 8 8 589824.000000 0.00041907344712 4 -8.2500000000
3 8 9 663552.000000 0.00013033936557 3 -9.2500000000
3 8 10 737280.000000 0.00003728049705 4 -10.0000000000
3 8 11 811008.000000 0.00000955200630 3 -11.0000000000
3 8 12 884736.000000 0.00000236856158 3 -12.0000000000
3 8 13 958464.000000 0.00000052330324 3 -13.0000000000
3 8 14 1032192.000000 0.00000013229418 3 -14.0000000000
3 8 15 1105920.000000 0.00000003418518 3 -15.0000000000
3 8 16 1179648.000000 0.00000000856954 3 -16.0000000000
