1 0 0 0.000000 0.00001454844096 0 -7.0000000000
1 0 1 12288.000000 0.00000978002117 0 -7.0000000000
1 0 2 24576.000000 0.00000270620080 3 -8.0000000000
1 0 3 36864.000000 0.00000069497889 5 -8.5000000000
1 0 4 49152.000000 0.00000022827793 4 -9.2500000000
1 0 5 61440.000000 0.00000006645458 3 -10.2500000000
1 0 6 73728.000000 0.00000001816232 4 -11.0000000000
1 0 7 86016.000000 0.00000000561719 3 -12.0000000000
1 0 8 98304.000000 0.00000000155251 4 -12.7500000000
1 0 9 110592.000000 0.00000000040163 3 -13.7500000000
1 0 10 122880.000000 0.00000000009476 3 -14.7500000000
1 0 11 135168.000000 0.00000000002449 3 -15.7500000000
1 0 12 147456.000000 0.00000000000757 3 -16.7500000000
1 0 13 159744.000000 0.00000000000262 3 -17.7500000000
1 0 14 172032.000000 0.00000000000135 3 -18.7500000000
1 0 15 184320.000000 0.00000000000093 3 -19.7500000000
1 0 16 196608.000000 0.00000000000065 3 -20.7500000000
1 1 0 0.000000 0.00014566742175 0 -6.0000000000
1 1 1 12288.000000 0.00008410384908 0 -6.0000000000
1 1 2 24576.000000 0.00002205738383 4 -6.7500000000
1 1 3 36864.000000 0.00000618255808 4 -7.5000000000
1 1 4 49152.000000 0.00000186033321 3 -8.5000000000
1 1 5 61440.000000 0.00000054333861 4 -9.2500000000
1 1 6 73728.000000 0.00000014944804 4 -10.0000000000
1 1 7 86016.000000 0.00000004806117 3 -11.0000000000
1 1 8 98304.000000 0.00000001441367 4 -11.7500000000
1 1 9 110592.000000 0.00000000365797 3 -12.7500000000
1 1 10 122880.000000 0.00000000084571 3 -13.7500000000
1 1 11 135168.000000 0.00000000023474 3 -14.7500000000
1 1 12 147456.000000 0.00000000005360 3 -15.7500000000
1 1 13 159744.000000 0.00000000001535 3 -16.7500000000
1 1 14 172032.000000 0.00000000000437 3 -17.7500000000
1 1 15 184320.000000 0.00000000000173 3 -18.7500000000
1 1 16 196608.000000 0.00000000000104 3 -19.7500000000
1 2 0 0.000000 0.00114557635970 0 -5.0000000000
1 2 1 12288.000000 0.00072051503230 0 -5.0000000000
1 2 2 24576.000000 0.00015298966900 3 -6.0000000000
1 2 3 36864.000000 0.00004508075290 4 -6.7500000000
1 2 4 49152.000000 0.00001491823787 4 -7.5000000000
1 2 5 61440.000000 0.00000469641191 4 -8.2500000000
1 2 6 73728.000000 0.00000155688952 3 -9.2500000000
1 2 7 86016.000000 0.00000044854252 4 -10.0000000000
1 2 8 98304.000000 0.00000012071403 3 -11.0000000000
1 2 9 110592.000000 0.00000003310920 3 -12.0000000000
1 2 10 122880.000000 0.00000000921787 4 -12.7500000000
1 2 11 135168.000000 0.00000000190466 3 -13.7500000000
1 2 12 147456.000000 0.00000000049983 3 -14.7500000000
1 2 13 159744.000000 0.00000000013545 3 -15.7500000000
1 2 14 172032.000000 0.00000000003547 3 -16.7500000000
1 2 15 184320.000000 0.00000000000966 3 -17.7500000000
1 2 16 196608.000000 0.00000000000302 3 -18.7500000000
1 3 0 0.000000 0.00782542675734 0 -4.0000000000
1 3 1 12288.000000 0.00540179619566 0 -4.0000000000
1 3 2 24576.000000 0.00094817322679 3 -5.0000000000
1 3 3 36864.000000 0.00029079048545 3 -6.0000000000
1 3 4 49152.000000 0.00009641578799 5 -6.5000000000
1 3 5 61440.000000 0.00002883197703 3 -7.5000000000
1 3 6 73728.000000 0.00001061505827 4 -8.2500000000
1 3 7 86016.000000 0.00000267630844 3 -9.2500000000
1 3 8 98304.000000 0.00000081709226 4 -10.0000000000
1 3 9 110592.000000 0.00000020747332 3 -11.0000000000
1 3 10 122880.000000 0.00000005530215 3 -12.0000000000
1 3 11 135168.000000 0.00000001332753 3 -13.0000000000
1 3 12 147456.000000 0.00000000304959 3 -14.0000000000
1 3 13 159744.000000 0.00000000086682 3 -15.0000000000
1 3 14 172032.000000 0.00000000017166 3 -16.0000000000
1 3 15 184320.000000 0.00000000006339 3 -17.0000000000
1 3 16 196608.000000 0.00000000001280 3 -18.0000000000
1 4 0 0.000000 0.17599302530289 0 -3.0000000000
1 4 1 12288.000000 0.15734227001667 0 -3.0000000000
1 4 2 24576.000000 0.04101066291332 1 -4.5000000000
1 4 3 36864.000000 0.00581106590107 7 -4.5000000000
1 4 4 49152.000000 0.00162026367616 3 -5.5000000000
1 4 5 61440.000000 0.00048126326874 4 -6.2500000000
1 4 6 73728.000000 0.00011166596232 3 -7.2500000000
1 4 7 86016.000000 0.00003502134132 3 -8.2500000000
1 4 8 98304.000000 0.00001148304455 4 -9.0000000000
1 4 9 110592.000000 0.00000243275008 3 -10.0000000000
1 4 10 122880.000000 0.00000068876989 3 -11.0000000000
1 4 11 135168.000000 0.00000021003534 4 -11.7500000000
1 4 12 147456.000000 0.00000004513511 2 -13.0000000000
1 4 13 159744.000000 0.00000000958739 3 -14.0000000000
1 4 14 172032.000000 0.00000000216228 3 -15.0000000000
1 4 15 184320.000000 0.00000000059218 3 -16.0000000000
1 4 16 196608.000000 0.00000000017283 3 -17.0000000000
1 5 0 0.000000 0.00002087969006 0 -7.0000000000
1 5 1 12288.000000 0.00001327241262 0 -7.0000000000
1 5 2 24576.000000 0.00000323238100 4 -7.7500000000
1 5 3 36864.000000 0.00000104351250 5 -8.2500000000
1 5 4 49152.000000 0.00000031720526 3 -9.2500000000
1 5 5 61440.000000 0.00000011436229 4 -10.0000000000
1 5 6 73728.000000 0.00000003829702 4 -10.7500000000
1 5 7 86016.000000 0.00000001123708 4 -11.5000000000
1 5 8 98304.000000 0.00000000274962 3 -12.5000000000
1 5 9 110592.000000 0.00000000073905 3 -13.5000000000
1 5 10 122880.000000 0.00000000021583 4 -14.2500000000
1 5 11 135168.000000 0.00000000005529 3 -15.2500000000
1 5 12 147456.000000 0.00000000001393 3 -16.2500000000
1 5 13 159744.000000 0.00000000000441 3 -17.2500000000
1 5 14 172032.000000 0.00000000000191 3 -18.2500000000
1 5 15 184320.000000 0.00000000000105 3 -19.2500000000
1 5 16 196608.000000 0.00000000000075 3 -20.2500000000
1 6 0 0.000000 0.00027037842665 0 -6.0000000000
1 6 1 12288.000000 0.00019258770044 0 -6.0000000000
1 6 2 24576.000000 0.00004825034193 5 -6.5000000000
1 6 3 36864.000000 0.00001072462601 4 -7.2500000000
1 6 4 49152.000000 0.00000323666131 3 -8.2500000000
1 6 5 61440.000000 0.00000090752741 4 -9.0000000000
1 6 6 73728.000000 0.00000027687290 3 -10.0000000000
1 6 7 86016.000000 0.00000007160499 4 -10.7500000000
1 6 8 98304.000000 0.00000001740562 3 -11.7500000000
1 6 9 110592.000000 0.00000000440463 3 -12.7500000000
1 6 10 122880.000000 0.00000000109771 3 -13.7500000000
1 6 11 135168.000000 0.00000000025972 3 -14.7500000000
1 6 12 147456.000000 0.00000000007544 3 -15.7500000000
1 6 13 159744.000000 0.00000000001812 3 -16.7500000000
1 6 14 172032.000000 0.00000000000594 3 -17.7500000000
1 6 15 184320.000000 0.00000000000200 3 -18.7500000000
1 6 16 196608.000000 0.00000000000103 3 -19.7500000000
1 7 0 0.000000 0.00139788631350 0 -5.0000000000
1 7 1 12288.000000 0.00107685010880 0 -5.0000000000
1 7 2 24576.000000 0.00019681012782 4 -5.7500000000
1 7 3 36864.000000 0.00007131794700 4 -6.5000000000
1 7 4 49152.000000 0.00002126816798 4 -7.2500000000
1 7 5 61440.000000 0.00000693259290 4 -8.0000000000
1 7 6 73728.000000 0.00000169140515 3 -9.0000000000
1 7 7 86016.000000 0.00000053902755 3 -10.0000000000
1 7 8 98304.000000 0.00000014457981 4 -10.7500000000
1 7 9 110592.000000 0.00000003647502 3 -11.7500000000
1 7 10 122880.000000 0.00000000971935 3 -12.7500000000
1 7 11 135168.000000 0.00000000228446 3 -13.7500000000
1 7 12 147456.000000 0.00000000060596 3 -14.7500000000
1 7 13 159744.000000 0.00000000014734 3 -15.7500000000
1 7 14 172032.000000 0.00000000003991 3 -16.7500000000
1 7 15 184320.000000 0.00000000001015 3 -17.7500000000
1 7 16 196608.000000 0.00000000000303 3 -18.7500000000
1 8 0 0.000000 0.02870858088136 0 -4.0000000000
1 8 1 12288.000000 0.02419749088585 3 -3.2500000000
1 8 2 24576.000000 0.00355939962901 3 -4.2500000000
1 8 3 36864.000000 0.00079299742356 1 -5.7500000000
1 8 4 49152.000000 0.00027613420389 4 -6.5000000000
1 8 5 61440.000000 0.00008910062752 5 -7.0000000000
1 8 6 73728.000000 0.00002899932224 4 -7.7500000000
1 8 7 86016.000000 0.00000611697806 2 -9.0000000000
1 8 8 98304.000000 0.00000245507022 3 -10.0000000000
1 8 9 110592.000000 0.00000057031571 4 -10.7500000000
1 8 10 122880.000000 0.00000015211431 3 -11.7500000000
1 8 11 135168.000000 0.00000002957695 3 -12.7500000000
1 8 12 147456.000000 0.00000001005888 3 -13.7500000000
1 8 13 159744.000000 0.00000000226313 3 -14.7500000000
1 8 14 172032.000000 0.00000000052653 3 -15.7500000000
1 8 15 184320.000000 0.00000000016014 3 -16.7500000000
1 8 16 196608.000000 0.00000000003323 3 -17.7500000000
1 9 0 0.000000 0.73960965871811 0 -3.0000000000
1 9 1 12288.000000 0.56162196397781 0 -3.0000000000
1 9 2 24576.000000 0.09580919891596 3 -4.0000000000
1 9 3 36864.000000 0.02439875528216 6 -4.2500000000
1 9 4 49152.000000 0.00930929090828 4 -5.0000000000
1 9 5 61440.000000 0.00242876703851 3 -6.0000000000
1 9 6 73728.000000 0.00087868387345 4 -6.7500000000
1 9 7 86016.000000 0.00019829114899 3 -7.7500000000
1 9 8 98304.000000 0.00005868046355 3 -8.7500000000
1 9 9 110592.000000 0.00001387133125 3 -9.7500000000
1 9 10 122880.000000 0.00000365314122 3 -10.7500000000
1 9 11 135168.000000 0.00000082883133 3 -11.7500000000
1 9 12 147456.000000 0.00000021276843 3 -12.7500000000
1 9 13 159744.000000 0.00000006631025 3 -13.7500000000
1 9 14 172032.000000 0.00000001818739 4 -14.5000000000
1 9 15 184320.000000 0.00000000432437 3 -15.5000000000
1 9 16 196608.000000 0.00000000102385 3 -16.5000000000
1 10 0 0.000000 0.00003467705392 0 -6.0000000000
1 10 1 12288.000000 0.00002663148553 0 -6.0000000000
1 10 2 24576.000000 0.00000569818849 2 -7.2500000000
1 10 3 36864.000000 0.00000166279449 4 -8.0000000000
1 10 4 49152.000000 0.00000051708344 3 -9.0000000000
1 10 5 61440.000000 0.00000016855667 4 -9.7500000000
1 10 6 73728.000000 0.00000005273667 4 -10.5000000000
1 10 7 86016.000000 0.00000001714601 4 -11.2500000000
1 10 8 98304.000000 0.00000000436772 3 -12.2500000000
1 10 9 110592.000000 0.00000000128342 3 -13.2500000000
1 10 10 122880.000000 0.00000000037918 4 -14.0000000000
1 10 11 135168.000000 0.00000000008888 3 -15.0000000000
1 10 12 147456.000000 0.00000000002589 3 -16.0000000000
1 10 13 159744.000000 0.00000000000692 3 -17.0000000000
1 10 14 172032.000000 0.00000000000260 3 -18.0000000000
1 10 15 184320.000000 0.00000000000128 3 -19.0000000000
1 10 16 196608.000000 0.00000000000086 3 -20.0000000000
1 11 0 0.000000 0.00036985156476 0 -5.0000000000
1 11 1 12288.000000 0.00028743385337 1 -4.7500000000
1 11 2 24576.000000 0.00005195794438 1 -6.2500000000
1 11 3 36864.000000 0.00001788631016 2 -7.5000000000
1 11 4 49152.000000 0.00000483247004 5 -8.0000000000
1 11 5 61440.000000 0.00000152898269 3 -9.0000000000
1 11 6 73728.000000 0.00000036689690 4 -9.7500000000
1 11 7 86016.000000 0.00000010969588 3 -10.7500000000
1 11 8 98304.000000 0.00000002804818 4 -11.5000000000
1 11 9 110592.000000 0.00000000724264 3 -12.5000000000
1 11 10 122880.000000 0.00000000188289 3 -13.5000000000
1 11 11 135168.000000 0.00000000045393 3 -14.5000000000
1 11 12 147456.000000 0.00000000011751 3 -15.5000000000
1 11 13 159744.000000 0.00000000002951 3 -16.5000000000
1 11 14 172032.000000 0.00000000000857 3 -17.5000000000
1 11 15 184320.000000 0.00000000000261 3 -18.5000000000
1 11 16 196608.000000 0.00000000000122 3 -19.5000000000
1 12 0 0.000000 0.00218147411942 0 -5.0000000000
1 12 1 12288.000000 0.00152373092715 0 -5.0000000000
1 12 2 24576.000000 0.00026415879256 4 -5.7500000000
1 12 3 36864.000000 0.00008100165724 4 -6.5000000000
1 12 4 49152.000000 0.00002414705341 4 -7.2500000000
1 12 5 61440.000000 0.00000695654080 4 -8.0000000000
1 12 6 73728.000000 0.00000213613362 3 -9.0000000000
1 12 7 86016.000000 0.00000072907346 4 -9.7500000000
1 12 8 98304.000000 0.00000017644886 3 -10.7500000000
1 12 9 110592.000000 0.00000004746671 3 -11.7500000000
1 12 10 122880.000000 0.00000001477255 3 -12.7500000000
1 12 11 135168.000000 0.00000000327504 4 -13.5000000000
1 12 12 147456.000000 0.00000000093197 3 -14.5000000000
1 12 13 159744.000000 0.00000000023483 3 -15.5000000000
1 12 14 172032.000000 0.00000000006202 3 -16.5000000000
1 12 15 184320.000000 0.00000000001619 3 -17.5000000000
1 12 16 196608.000000 0.00000000000415 3 -18.5000000000
1 13 0 0.000000 0.03838659077883 0 -4.0000000000
1 13 1 12288.000000 0.02497378364205 1 -3.7500000000
1 13 2 24576.000000 0.00400679232553 3 -4.7500000000
1 13 3 36864.000000 0.00112361251377 4 -5.5000000000
1 13 4 49152.000000 0.00035148955067 4 -6.2500000000
1 13 5 61440.000000 0.00009921122546 4 -7.0000000000
1 13 6 73728.000000 0.00002787577614 3 -8.0000000000
1 13 7 86016.000000 0.00000957347402 4 -8.7500000000
1 13 8 98304.000000 0.00000254817269 3 -9.7500000000
1 13 9 110592.000000 0.00000070207028 3 -10.7500000000
1 13 10 122880.000000 0.00000018154714 4 -11.5000000000
1 13 11 135168.000000 0.00000006070015 3 -12.5000000000
1 13 12 147456.000000 0.00000001230222 3 -13.5000000000
1 13 13 159744.000000 0.00000000309329 3 -14.5000000000
1 13 14 172032.000000 0.00000000085429 3 -15.5000000000
1 13 15 184320.000000 0.00000000018768 3 -16.5000000000
1 13 16 196608.000000 0.00000000004589 3 -17.5000000000
1 14 0 0.000000 0.64784741401672 0 -3.0000000000
1 14 1 12288.000000 0.23737402260303 0 -3.0000000000
1 14 2 24576.000000 0.06229731440544 4 -3.7500000000
1 14 3 36864.000000 0.01787004061043 6 -4.0000000000
1 14 4 49152.000000 0.00644800718874 4 -4.7500000000
1 14 5 61440.000000 0.00281877443194 4 -5.5000000000
1 14 6 73728.000000 0.00096449523699 4 -6.2500000000
1 14 7 86016.000000 0.00026244315086 4 -7.0000000000
1 14 8 98304.000000 0.00007739751163 4 -7.7500000000
1 14 9 110592.000000 0.00002207917169 3 -8.7500000000
1 14 10 122880.000000 0.00000493524931 3 -9.7500000000
1 14 11 135168.000000 0.00000149342736 3 -10.7500000000
1 14 12 147456.000000 0.00000037445434 3 -11.7500000000
1 14 13 159744.000000 0.00000008768460 3 -12.7500000000
1 14 14 172032.000000 0.00000002242075 3 -13.7500000000
1 14 15 184320.000000 0.00000000545411 3 -14.7500000000
1 14 16 196608.000000 0.00000000137824 3 -15.7500000000
1 15 0 0.000000 0.00005958988550 0 -6.0000000000
1 15 1 12288.000000 0.00004275335959 0 -6.0000000000
1 15 2 24576.000000 0.00000973906208 2 -7.2500000000
1 15 3 36864.000000 0.00000277941558 4 -8.0000000000
1 15 4 49152.000000 0.00000086658275 4 -8.7500000000
1 15 5 61440.000000 0.00000027449039 4 -9.5000000000
1 15 6 73728.000000 0.00000007497161 3 -10.5000000000
1 15 7 86016.000000 0.00000001915973 4 -11.2500000000
1 15 8 98304.000000 0.00000000593643 3 -12.2500000000
1 15 9 110592.000000 0.00000000137424 3 -13.2500000000
1 15 10 122880.000000 0.00000000041105 3 -14.2500000000
1 15 11 135168.000000 0.00000000011507 4 -15.0000000000
1 15 12 147456.000000 0.00000000003223 3 -16.0000000000
1 15 13 159744.000000 0.00000000000778 3 -17.0000000000
1 15 14 172032.000000 0.00000000000292 3 -18.0000000000
1 15 15 184320.000000 0.00000000000147 3 -19.0000000000
1 15 16 196608.000000 0.00000000000085 3 -20.0000000000
1 16 0 0.000000 0.00052338273963 0 -5.0000000000
1 16 1 12288.000000 0.00038913881872 0 -5.0000000000
1 16 2 24576.000000 0.00006865027535 2 -6.2500000000
1 16 3 36864.000000 0.00002460702854 4 -7.0000000000
1 16 4 49152.000000 0.00000670056579 3 -8.0000000000
1 16 5 61440.000000 0.00000213215435 4 -8.7500000000
1 16 6 73728.000000 0.00000059856870 4 -9.5000000000
1 16 7 86016.000000 0.00000017651897 3 -10.5000000000
1 16 8 98304.000000 0.00000005180902 4 -11.2500000000
1 16 9 110592.000000 0.00000001228010 3 -12.2500000000
1 16 10 122880.000000 0.00000000299712 3 -13.2500000000
1 16 11 135168.000000 0.00000000081826 3 -14.2500000000
1 16 12 147456.000000 0.00000000019882 3 -15.2500000000
1 16 13 159744.000000 0.00000000004791 3 -16.2500000000
1 16 14 172032.000000 0.00000000001283 3 -17.2500000000
1 16 15 184320.000000 0.00000000000451 3 -18.2500000000
1 16 16 196608.000000 0.00000000000176 3 -19.2500000000
1 17 0 0.000000 0.00396748445928 0 -5.0000000000
1 17 1 12288.000000 0.00303129060194 0 -5.0000000000
1 17 2 24576.000000 0.00048921059351 6 -5.2500000000
1 17 3 36864.000000 0.00012888501806 2 -6.5000000000
1 17 4 49152.000000 0.00004140707824 4 -7.2500000000
1 17 5 61440.000000 0.00001369705660 5 -7.7500000000
1 17 6 73728.000000 0.00000517939725 4 -8.5000000000
1 17 7 86016.000000 0.00000128403838 3 -9.5000000000
1 17 8 98304.000000 0.00000031997286 3 -10.5000000000
1 17 9 110592.000000 0.00000008423827 3 -11.5000000000
1 17 10 122880.000000 0.00000002473679 3 -12.5000000000
1 17 11 135168.000000 0.00000000637885 4 -13.2500000000
1 17 12 147456.000000 0.00000000169174 3 -14.2500000000
1 17 13 159744.000000 0.00000000046706 3 -15.2500000000
1 17 14 172032.000000 0.00000000010226 3 -16.2500000000
1 17 15 184320.000000 0.00000000002625 3 -17.2500000000
1 17 16 196608.000000 0.00000000000761 3 -18.2500000000
1 18 0 0.000000 0.04442334920168 0 -4.0000000000
1 18 1 12288.000000 0.04471009224653 2 -3.5000000000
1 18 2 24576.000000 0.00604425230995 3 -4.5000000000
1 18 3 36864.000000 0.00134958303533 3 -5.5000000000
1 18 4 49152.000000 0.00039066708996 4 -6.2500000000
1 18 5 61440.000000 0.00010958443454 4 -7.0000000000
1 18 6 73728.000000 0.00003114592619 3 -8.0000000000
1 18 7 86016.000000 0.00001053925553 4 -8.7500000000
1 18 8 98304.000000 0.00000307362461 3 -9.7500000000
1 18 9 110592.000000 0.00000080697617 4 -10.5000000000
1 18 10 122880.000000 0.00000024318129 3 -11.5000000000
1 18 11 135168.000000 0.00000006412319 3 -12.5000000000
1 18 12 147456.000000 0.00000001350708 3 -13.5000000000
1 18 13 159744.000000 0.00000000395122 3 -14.5000000000
1 18 14 172032.000000 0.00000000082281 3 -15.5000000000
1 18 15 184320.000000 0.00000000020915 3 -16.5000000000
1 18 16 196608.000000 0.00000000005071 3 -17.5000000000
1 19 0 0.000000 0.69536882638931 0 -3.0000000000
1 19 1 12288.000000 0.29968768358231 0 -3.0000000000
1 19 2 24576.000000 0.07166657596827 6 -3.2500000000
1 19 3 36864.000000 0.02843828126788 4 -4.0000000000
1 19 4 49152.000000 0.00817338004708 5 -4.5000000000
1 19 5 61440.000000 0.00240724743344 4 -5.2500000000
1 19 6 73728.000000 0.00072950532194 3 -6.2500000000
1 19 7 86016.000000 0.00021517103596 4 -7.0000000000
1 19 8 98304.000000 0.00005562413571 3 -8.0000000000
1 19 9 110592.000000 0.00002022311128 3 -9.0000000000
1 19 10 122880.000000 0.00000441289194 4 -9.7500000000
1 19 11 135168.000000 0.00000120213929 3 -10.7500000000
1 19 12 147456.000000 0.00000032454534 3 -11.7500000000
1 19 13 159744.000000 0.00000007305421 3 -12.7500000000
1 19 14 172032.000000 0.00000001682573 3 -13.7500000000
1 19 15 184320.000000 0.00000000457744 3 -14.7500000000
1 19 16 196608.000000 0.00000000107796 3 -15.7500000000
1 20 0 0.000000 0.00008922305278 0 -6.0000000000
1 20 1 12288.000000 0.00005896314178 0 -6.0000000000
1 20 2 24576.000000 0.00001394649826 3 -7.0000000000
1 20 3 36864.000000 0.00000418899299 4 -7.7500000000
1 20 4 49152.000000 0.00000134274887 4 -8.5000000000
1 20 5 61440.000000 0.00000039794867 4 -9.2500000000
1 20 6 73728.000000 0.00000011439561 3 -10.2500000000
1 20 7 86016.000000 0.00000003542228 4 -11.0000000000
1 20 8 98304.000000 0.00000001158100 4 -11.7500000000
1 20 9 110592.000000 0.00000000328351 3 -12.7500000000
1 20 10 122880.000000 0.00000000071516 3 -13.7500000000
1 20 11 135168.000000 0.00000000018150 3 -14.7500000000
1 20 12 147456.000000 0.00000000004916 3 -15.7500000000
1 20 13 159744.000000 0.00000000001227 3 -16.7500000000
1 20 14 172032.000000 0.00000000000388 3 -17.7500000000
1 20 15 184320.000000 0.00000000000155 3 -18.7500000000
1 20 16 196608.000000 0.00000000000099 3 -19.7500000000
1 21 0 0.000000 0.00112877262291 0 -5.0000000000
1 21 1 12288.000000 0.00102050625719 0 -5.0000000000
1 21 2 24576.000000 0.00019746519683 4 -5.7500000000
1 21 3 36864.000000 0.00004998419899 3 -6.7500000000
1 21 4 49152.000000 0.00001421164961 4 -7.5000000000
1 21 5 61440.000000 0.00000376505454 4 -8.2500000000
1 21 6 73728.000000 0.00000089512588 3 -9.2500000000
1 21 7 86016.000000 0.00000028449583 3 -10.2500000000
1 21 8 98304.000000 0.00000007593277 4 -11.0000000000
1 21 9 110592.000000 0.00000002525974 3 -12.0000000000
1 21 10 122880.000000 0.00000000531251 3 -13.0000000000
1 21 11 135168.000000 0.00000000139782 3 -14.0000000000
1 21 12 147456.000000 0.00000000033496 3 -15.0000000000
1 21 13 159744.000000 0.00000000008027 3 -16.0000000000
1 21 14 172032.000000 0.00000000002664 3 -17.0000000000
1 21 15 184320.000000 0.00000000000578 3 -18.0000000000
1 21 16 196608.000000 0.00000000000223 3 -19.0000000000
1 22 0 0.000000 0.00644938973710 0 -4.0000000000
1 22 1 12288.000000 0.00468353834003 0 -4.0000000000
1 22 2 24576.000000 0.00080858787987 2 -5.2500000000
1 22 3 36864.000000 0.00024361988471 3 -6.2500000000
1 22 4 49152.000000 0.00007533020835 5 -6.7500000000
1 22 5 61440.000000 0.00002568734089 3 -7.7500000000
1 22 6 73728.000000 0.00000652834842 4 -8.5000000000
1 22 7 86016.000000 0.00000194155496 4 -9.2500000000
1 22 8 98304.000000 0.00000065145269 3 -10.2500000000
1 22 9 110592.000000 0.00000012145594 3 -11.2500000000
1 22 10 122880.000000 0.00000003222910 3 -12.2500000000
1 22 11 135168.000000 0.00000000922358 3 -13.2500000000
1 22 12 147456.000000 0.00000000235343 3 -14.2500000000
1 22 13 159744.000000 0.00000000055192 3 -15.2500000000
1 22 14 172032.000000 0.00000000014024 3 -16.2500000000
1 22 15 184320.000000 0.00000000003781 3 -17.2500000000
1 22 16 196608.000000 0.00000000001096 3 -18.2500000000
1 23 0 0.000000 0.06758096814156 0 -4.0000000000
1 23 1 12288.000000 0.03011586889625 1 -3.7500000000
1 23 2 24576.000000 0.00675102462992 4 -4.5000000000
1 23 3 36864.000000 0.00227142055519 5 -5.0000000000
1 23 4 49152.000000 0.00076755101327 4 -5.7500000000
1 23 5 61440.000000 0.00023681267339 4 -6.5000000000
1 23 6 73728.000000 0.00006916141865 3 -7.5000000000
1 23 7 86016.000000 0.00002040554500 4 -8.2500000000
1 23 8 98304.000000 0.00000588050261 3 -9.2500000000
1 23 9 110592.000000 0.00000175468040 4 -10.0000000000
1 23 10 122880.000000 0.00000036600460 3 -11.0000000000
1 23 11 135168.000000 0.00000011061535 3 -12.0000000000
1 23 12 147456.000000 0.00000002448677 3 -13.0000000000
1 23 13 159744.000000 0.00000000837163 3 -14.0000000000
1 23 14 172032.000000 0.00000000197220 3 -15.0000000000
1 23 15 184320.000000 0.00000000040095 3 -16.0000000000
1 23 16 196608.000000 0.00000000009923 3 -17.0000000000
1 24 0 0.000000 4.89630508422852 0 -2.0000000000
1 24 1 12288.000000 3.88138628005981 0 -2.0000000000
1 24 2 24576.000000 0.57403105497360 2 -3.2500000000
1 24 3 36864.000000 0.12758803367615 5 -3.7500000000
1 24 4 49152.000000 0.03290049731731 4 -4.5000000000
1 24 5 61440.000000 0.01054692361504 4 -5.2500000000
1 24 6 73728.000000 0.00333168311045 3 -6.2500000000
1 24 7 86016.000000 0.00133180129342 4 -7.0000000000
1 24 8 98304.000000 0.00036877288949 5 -7.5000000000
1 24 9 110592.000000 0.00011827308481 4 -8.2500000000
1 24 10 122880.000000 0.00002983153536 3 -9.2500000000
1 24 11 135168.000000 0.00000741644362 3 -10.2500000000
1 24 12 147456.000000 0.00000215371779 3 -11.2500000000
1 24 13 159744.000000 0.00000055940194 3 -12.2500000000
1 24 14 172032.000000 0.00000012422190 3 -13.2500000000
1 24 15 184320.000000 0.00000002943759 3 -14.2500000000
1 24 16 196608.000000 0.00000000953743 3 -15.2500000000
