2 0 0 0.000000 0.00033656405867 0 -6.0000000000
2 0 1 98304.000000 0.00015629568952 0 -6.0000000000
2 0 2 196608.000000 0.00003041407035 4 -6.7500000000
2 0 3 294912.000000 0.00000963195725 4 -7.5000000000
2 0 4 393216.000000 0.00000367011307 4 -8.2500000000
2 0 5 491520.000000 0.00000134823108 5 -8.7500000000
2 0 6 589824.000000 0.00000044076347 4 -9.5000000000
2 0 7 688128.000000 0.00000014916436 4 -10.2500000000
2 0 8 786432.000000 0.00000003616481 3 -11.2500000000
2 0 9 884736.000000 0.00000001146873 4 -12.0000000000
2 0 10 983040.000000 0.00000000290301 3 -13.0000000000
2 0 11 1081344.000000 0.00000000069956 3 -14.0000000000
2 0 12 1179648.000000 0.00000000017910 3 -15.0000000000
2 0 13 1277952.000000 0.00000000005118 3 -16.0000000000
2 0 14 1376256.000000 0.00000000001271 3 -17.0000000000
2 0 15 1474560.000000 0.00000000000325 3 -18.0000000000
2 0 16 1572864.000000 0.00000000000106 3 -19.0000000000
2 1 0 0.000000 0.00925139337778 0 -5.0000000000
2 1 1 98304.000000 0.00480580842122 0 -5.0000000000
2 1 2 196608.000000 0.00090105790878 4 -5.7500000000
2 1 3 294912.000000 0.00034123109072 3 -6.7500000000
2 1 4 393216.000000 0.00010334132821 5 -7.2500000000
2 1 5 491520.000000 0.00004467685721 4 -8.0000000000
2 1 6 589824.000000 0.00001420052558 4 -8.7500000000
2 1 7 688128.000000 0.00000510793370 4 -9.5000000000
2 1 8 786432.000000 0.00000158515047 5 -10.0000000000
2 1 9 884736.000000 0.00000040828698 3 -11.0000000000
2 1 10 983040.000000 0.00000010595614 3 -12.0000000000
2 1 11 1081344.000000 0.00000002713109 3 -13.0000000000
2 1 12 1179648.000000 0.00000000690837 3 -14.0000000000
2 1 13 1277952.000000 0.00000000191673 3 -15.0000000000
2 1 14 1376256.000000 0.00000000051525 4 -15.7500000000
2 1 15 1474560.000000 0.00000000015248 3 -16.7500000000
2 1 16 1572864.000000 0.00000000003808 3 -17.7500000000
2 2 0 0.000000 0.21279254555702 0 -4.0000000000
2 2 1 98304.000000 0.10237649083138 0 -4.0000000000
2 2 2 196608.000000 0.01945069804788 3 -5.0000000000
2 2 3 294912.000000 0.00659667002037 5 -5.5000000000
2 2 4 393216.000000 0.00245788716711 5 -6.0000000000
2 2 5 491520.000000 0.00102900806814 3 -7.0000000000
2 2 6 589824.000000 0.00038628780749 5 -7.5000000000
2 2 7 688128.000000 0.00012485707703 4 -8.2500000000
2 2 8 786432.000000 0.00003747907249 4 -9.0000000000
2 2 9 884736.000000 0.00000899091992 3 -10.0000000000
2 2 10 983040.000000 0.00000214205352 3 -11.0000000000
2 2 11 1081344.000000 0.00000074994279 3 -12.0000000000
2 2 12 1179648.000000 0.00000019764940 4 -12.7500000000
2 2 13 1277952.000000 0.00000005048476 3 -13.7500000000
2 2 14 1376256.000000 0.00000001217517 3 -14.7500000000
2 2 15 1474560.000000 0.00000000262283 3 -15.7500000000
2 2 16 1572864.000000 0.00000000074267 3 -16.7500000000
2 3 0 0.000000 0.00113900448196 0 -6.0000000000
2 3 1 98304.000000 0.00054399890359 0 -6.0000000000
2 3 2 196608.000000 0.00012446769688 6 -6.2500000000
2 3 3 294912.000000 0.00004143288243 4 -7.0000000000
2 3 4 393216.000000 0.00001354362394 4 -7.7500000000
2 3 5 491520.000000 0.00000502370722 4 -8.5000000000
2 3 6 589824.000000 0.00000159865067 4 -9.2500000000
2 3 7 688128.000000 0.00000055200439 4 -10.0000000000
2 3 8 786432.000000 0.00000016630355 4 -10.7500000000
2 3 9 884736.000000 0.00000005020415 3 -11.7500000000
2 3 10 983040.000000 0.00000001148658 3 -12.7500000000
2 3 11 1081344.000000 0.00000000362657 4 -13.5000000000
2 3 12 1179648.000000 0.00000000094557 3 -14.5000000000
2 3 13 1277952.000000 0.00000000023005 3 -15.5000000000
2 3 14 1376256.000000 0.00000000005808 3 -16.5000000000
2 3 15 1474560.000000 0.00000000001417 3 -17.5000000000
2 3 16 1572864.000000 0.00000000000432 3 -18.5000000000
2 4 0 0.000000 0.02044017612934 0 -5.0000000000
2 4 1 98304.000000 0.00838661845773 0 -5.0000000000
2 4 2 196608.000000 0.00172184652183 5 -5.5000000000
2 4 3 294912.000000 0.00058122485643 4 -6.2500000000
2 4 4 393216.000000 0.00021983389161 4 -7.0000000000
2 4 5 491520.000000 0.00008726491797 4 -7.7500000000
2 4 6 589824.000000 0.00002660150494 5 -8.2500000000
2 4 7 688128.000000 0.00000941989038 4 -9.0000000000
2 4 8 786432.000000 0.00000254077167 3 -10.0000000000
2 4 9 884736.000000 0.00000073867284 3 -11.0000000000
2 4 10 983040.000000 0.00000020900326 4 -11.7500000000
2 4 11 1081344.000000 0.00000004970244 3 -12.7500000000
2 4 12 1179648.000000 0.00000001223879 3 -13.7500000000
2 4 13 1277952.000000 0.00000000310546 3 -14.7500000000
2 4 14 1376256.000000 0.00000000075585 3 -15.7500000000
2 4 15 1474560.000000 0.00000000018957 3 -16.7500000000
2 4 16 1572864.000000 0.00000000004816 3 -17.7500000000
2 5 0 0.000000 0.66433924436569 0 -4.0000000000
2 5 1 98304.000000 0.29224222898483 0 -4.0000000000
2 5 2 196608.000000 0.04780194908381 5 -4.5000000000
2 5 3 294912.000000 0.01800878904760 5 -5.0000000000
2 5 4 393216.000000 0.00616349233314 4 -5.7500000000
2 5 5 491520.000000 0.00204849336296 4 -6.5000000000
2 5 6 589824.000000 0.00068780832225 4 -7.2500000000
2 5 7 688128.000000 0.00020205276087 4 -8.0000000000
2 5 8 786432.000000 0.00006027723794 3 -9.0000000000
2 5 9 884736.000000 0.00001979945773 4 -9.7500000000
2 5 10 983040.000000 0.00000629579790 3 -10.7500000000
2 5 11 1081344.000000 0.00000164729488 4 -11.5000000000
2 5 12 1179648.000000 0.00000041711490 3 -12.5000000000
2 5 13 1277952.000000 0.00000009760070 3 -13.5000000000
2 5 14 1376256.000000 0.00000002416562 3 -14.5000000000
2 5 15 1474560.000000 0.00000000570987 3 -15.5000000000
2 5 16 1572864.000000 0.00000000152864 3 -16.5000000000
2 6 0 0.000000 0.00300790183246 0 -5.0000000000
2 6 1 98304.000000 0.00162222655490 0 -5.0000000000
2 6 2 196608.000000 0.00033568075742 3 -6.0000000000
2 6 3 294912.000000 0.00009962270997 3 -7.0000000000
2 6 4 393216.000000 0.00003861368168 5 -7.5000000000
2 6 5 491520.000000 0.00001343492841 4 -8.2500000000
2 6 6 589824.000000 0.00000455810323 4 -9.0000000000
2 6 7 688128.000000 0.00000125737949 4 -9.7500000000
2 6 8 786432.000000 0.00000039131609 4 -10.5000000000
2 6 9 884736.000000 0.00000009556235 3 -11.5000000000
2 6 10 983040.000000 0.00000002589037 3 -12.5000000000
2 6 11 1081344.000000 0.00000000564891 3 -13.5000000000
2 6 12 1179648.000000 0.00000000150199 3 -14.5000000000
2 6 13 1277952.000000 0.00000000035787 3 -15.5000000000
2 6 14 1376256.000000 0.00000000008936 3 -16.5000000000
2 6 15 1474560.000000 0.00000000002375 3 -17.5000000000
2 6 16 1572864.000000 0.00000000000586 3 -18.5000000000
2 7 0 0.000000 0.12541966140270 0 -4.0000000000
2 7 1 98304.000000 0.07563213258982 0 -4.0000000000
2 7 2 196608.000000 0.01252414658666 3 -5.0000000000
2 7 3 294912.000000 0.00397195853293 4 -5.7500000000
2 7 4 393216.000000 0.00137975614052 4 -6.5000000000
2 7 5 491520.000000 0.00046944629867 4 -7.2500000000
2 7 6 589824.000000 0.00016747973859 4 -8.0000000000
2 7 7 688128.000000 0.00005461866749 4 -8.7500000000
2 7 8 786432.000000 0.00001569654523 4 -9.5000000000
2 7 9 884736.000000 0.00000429215743 3 -10.5000000000
2 7 10 983040.000000 0.00000137022903 3 -11.5000000000
2 7 11 1081344.000000 0.00000039051429 4 -12.2500000000
2 7 12 1179648.000000 0.00000009067891 3 -13.2500000000
2 7 13 1277952.000000 0.00000002240079 3 -14.2500000000
2 7 14 1376256.000000 0.00000000519023 3 -15.2500000000
2 7 15 1474560.000000 0.00000000133654 3 -16.2500000000
2 7 16 1572864.000000 0.00000000033737 3 -17.2500000000
2 8 0 0.000000 5.19724941253662 0 -4.0000000000
2 8 1 98304.000000 2.87134337425232 0 -4.0000000000
2 8 2 196608.000000 0.51388216018677 6 -4.2500000000
2 8 3 294912.000000 0.16205310821533 6 -4.5000000000
2 8 4 393216.000000 0.05606030672789 5 -5.0000000000
2 8 5 491520.000000 0.02175695262849 5 -5.5000000000
2 8 6 589824.000000 0.00742691336200 4 -6.2500000000
2 8 7 688128.000000 0.00225039711222 4 -7.0000000000
2 8 8 786432.000000 0.00079064629972 4 -7.7500000000
2 8 9 884736.000000 0.00021026353352 3 -8.7500000000
2 8 10 983040.000000 0.00005337621769 3 -9.7500000000
2 8 11 1081344.000000 0.00001226041422 3 -10.7500000000
2 8 12 1179648.000000 0.00000360935064 3 -11.7500000000
2 8 13 1277952.000000 0.00000076497378 3 -12.7500000000
2 8 14 1376256.000000 0.00000021888049 3 -13.7500000000
2 8 15 1474560.000000 0.00000005157353 3 -14.7500000000
2 8 16 1572864.000000 0.00000001350169 3 -15.7500000000
