4 0 0 0.000000 0.00070048798807 0 -6.0000000000
4 0 1 49152.000000 0.00041485726251 0 -6.0000000000
4 0 2 98304.000000 0.00009612326539 3 -7.0000000000
4 0 3 147456.000000 0.00002823461364 5 -7.5000000000
4 0 4 196608.000000 0.00000820604964 3 -8.5000000000
4 0 5 245760.000000 0.00000245755359 4 -9.2500000000
4 0 6 294912.000000 0.00000080580622 4 -10.0000000000
4 0 7 344064.000000 0.00000024328054 3 -11.0000000000
4 0 8 393216.000000 0.00000006487646 4 -11.7500000000
4 0 9 442368.000000 0.00000002133578 3 -12.7500000000
4 0 10 491520.000000 0.00000000524707 4 -13.5000000000
4 0 11 540672.000000 0.00000000142873 3 -14.5000000000
4 0 12 589824.000000 0.00000000033490 3 -15.5000000000
4 0 13 638976.000000 0.00000000008240 3 -16.5000000000
4 0 14 688128.000000 0.00000000002256 3 -17.5000000000
4 0 15 737280.000000 0.00000000000540 3 -18.5000000000
4 0 16 786432.000000 0.00000000000141 3 -19.5000000000
4 1 0 0.000000 0.00668788840994 0 -5.0000000000
4 1 1 49152.000000 0.00367743894458 0 -5.0000000000
4 1 2 98304.000000 0.00077250640607 3 -6.0000000000
4 1 3 147456.000000 0.00021309297881 4 -6.7500000000
4 1 4 196608.000000 0.00007241511048 3 -7.7500000000
4 1 5 245760.000000 0.00002353237323 4 -8.5000000000
4 1 6 294912.000000 0.00000715156011 4 -9.2500000000
4 1 7 344064.000000 0.00000217243382 4 -10.0000000000
4 1 8 393216.000000 0.00000061320969 3 -11.0000000000
4 1 9 442368.000000 0.00000018639446 4 -11.7500000000
4 1 10 491520.000000 0.00000004913471 3 -12.7500000000
4 1 11 540672.000000 0.00000001121015 3 -13.7500000000
4 1 12 589824.000000 0.00000000293295 3 -14.7500000000
4 1 13 638976.000000 0.00000000074044 3 -15.7500000000
4 1 14 688128.000000 0.00000000019537 3 -16.7500000000
4 1 15 737280.000000 0.00000000004783 3 -17.7500000000
4 1 16 786432.000000 0.00000000001204 3 -18.7500000000
4 2 0 0.000000 0.10114984214306 0 -4.0000000000
4 2 1 49152.000000 0.03579493984580 0 -4.0000000000
4 2 2 98304.000000 0.00722680427134 3 -5.0000000000
4 2 3 147456.000000 0.00207650964148 4 -5.7500000000
4 2 4 196608.000000 0.00065838894807 3 -6.7500000000
4 2 5 245760.000000 0.00020605159807 4 -7.5000000000
4 2 6 294912.000000 0.00007093502063 4 -8.2500000000
4 2 7 344064.000000 0.00002466735532 4 -9.0000000000
4 2 8 393216.000000 0.00000685287159 4 -9.7500000000
4 2 9 442368.000000 0.00000177085622 3 -10.7500000000
4 2 10 491520.000000 0.00000049346517 3 -11.7500000000
4 2 11 540672.000000 0.00000014590185 3 -12.7500000000
4 2 12 589824.000000 0.00000003867228 4 -13.5000000000
4 2 13 638976.000000 0.00000000960931 3 -14.5000000000
4 2 14 688128.000000 0.00000000264694 3 -15.5000000000
4 2 15 737280.000000 0.00000000060732 3 -16.5000000000
4 2 16 786432.000000 0.00000000015251 3 -17.5000000000
4 3 0 0.000000 0.00128225435037 0 -5.0000000000
4 3 1 49152.000000 0.00101410655770 0 -5.0000000000
4 3 2 98304.000000 0.00019076127501 1 -6.5000000000
4 3 3 147456.000000 0.00005296466043 3 -7.5000000000
4 3 4 196608.000000 0.00001675104249 4 -8.2500000000
4 3 5 245760.000000 0.00000520858885 4 -9.0000000000
4 3 6 294912.000000 0.00000212584996 4 -9.7500000000
4 3 7 344064.000000 0.00000079278891 5 -10.2500000000
4 3 8 393216.000000 0.00000025831056 4 -11.0000000000
4 3 9 442368.000000 0.00000007647367 3 -12.0000000000
4 3 10 491520.000000 0.00000002088713 4 -12.7500000000
4 3 11 540672.000000 0.00000000540268 3 -13.7500000000
4 3 12 589824.000000 0.00000000135972 3 -14.7500000000
4 3 13 638976.000000 0.00000000035689 3 -15.7500000000
4 3 14 688128.000000 0.00000000007984 3 -16.7500000000
4 3 15 737280.000000 0.00000000002266 3 -17.7500000000
4 3 16 786432.000000 0.00000000000587 3 -18.7500000000
4 4 0 0.000000 0.01575123332441 0 -5.0000000000
4 4 1 49152.000000 0.00711615476757 0 -5.0000000000
4 4 2 98304.000000 0.00155055231880 3 -6.0000000000
4 4 3 147456.000000 0.00047230024938 5 -6.5000000000
4 4 4 196608.000000 0.00014400699001 4 -7.2500000000
4 4 5 245760.000000 0.00004444944352 3 -8.2500000000
4 4 6 294912.000000 0.00001352258914 4 -9.0000000000
4 4 7 344064.000000 0.00000458501017 4 -9.7500000000
4 4 8 393216.000000 0.00000155175655 4 -10.5000000000
4 4 9 442368.000000 0.00000046492622 4 -11.2500000000
4 4 10 491520.000000 0.00000011433529 3 -12.2500000000
4 4 11 540672.000000 0.00000003135991 3 -13.2500000000
4 4 12 589824.000000 0.00000000870759 3 -14.2500000000
4 4 13 638976.000000 0.00000000283508 4 -15.0000000000
4 4 14 688128.000000 0.00000000060280 3 -16.0000000000
4 4 15 737280.000000 0.00000000015735 3 -17.0000000000
4 4 16 786432.000000 0.00000000004150 3 -18.0000000000
4 5 0 0.000000 0.29717198014259 0 -4.0000000000
4 5 1 49152.000000 0.12367778271437 0 -4.0000000000
4 5 2 98304.000000 0.02002607099712 4 -4.7500000000
4 5 3 147456.000000 0.00611610757187 4 -5.5000000000
4 5 4 196608.000000 0.00220934976824 4 -6.2500000000
4 5 5 245760.000000 0.00082858517999 5 -6.7500000000
4 5 6 294912.000000 0.00026910647284 3 -7.7500000000
4 5 7 344064.000000 0.00007280514546 4 -8.5000000000
4 5 8 393216.000000 0.00002171573396 4 -9.2500000000
4 5 9 442368.000000 0.00000528277951 3 -10.2500000000
4 5 10 491520.000000 0.00000125496820 3 -11.2500000000
4 5 11 540672.000000 0.00000035120729 3 -12.2500000000
4 5 12 589824.000000 0.00000008924920 3 -13.2500000000
4 5 13 638976.000000 0.00000002271335 3 -14.2500000000
4 5 14 688128.000000 0.00000000519471 3 -15.2500000000
4 5 15 737280.000000 0.00000000131816 3 -16.2500000000
4 5 16 786432.000000 0.00000000033739 3 -17.2500000000
4 6 0 0.000000 0.00264036166482 0 -5.0000000000
4 6 1 49152.000000 0.00178526353557 0 -5.0000000000
4 6 2 98304.000000 0.00035717562423 2 -6.2500000000
4 6 3 147456.000000 0.00011066030856 4 -7.0000000000
4 6 4 196608.000000 0.00003698666478 3 -8.0000000000
4 6 5 245760.000000 0.00001186603458 5 -8.5000000000
4 6 6 294912.000000 0.00000415721934 4 -9.2500000000
4 6 7 344064.000000 0.00000127595320 3 -10.2500000000
4 6 8 393216.000000 0.00000030872135 4 -11.0000000000
4 6 9 442368.000000 0.00000008013524 3 -12.0000000000
4 6 10 491520.000000 0.00000001949808 3 -13.0000000000
4 6 11 540672.000000 0.00000000490557 3 -14.0000000000
4 6 12 589824.000000 0.00000000128775 3 -15.0000000000
4 6 13 638976.000000 0.00000000032357 3 -16.0000000000
4 6 14 688128.000000 0.00000000008642 3 -17.0000000000
4 6 15 737280.000000 0.00000000002132 3 -18.0000000000
4 6 16 786432.000000 0.00000000000539 3 -19.0000000000
4 7 0 0.000000 0.03976308926940 0 -5.0000000000
4 7 1 49152.000000 0.02355491183698 1 -4.7500000000
4 7 2 98304.000000 0.00447961408645 6 -5.0000000000
4 7 3 147456.000000 0.00107000942808 3 -6.0000000000
4 7 4 196608.000000 0.00032127197483 4 -6.7500000000
4 7 5 245760.000000 0.00011488723976 3 -7.7500000000
4 7 6 294912.000000 0.00003464304245 4 -8.5000000000
4 7 7 344064.000000 0.00001012688244 4 -9.2500000000
4 7 8 393216.000000 0.00000319500964 3 -10.2500000000
4 7 9 442368.000000 0.00000088840341 4 -11.0000000000
4 7 10 491520.000000 0.00000022310576 3 -12.0000000000
4 7 11 540672.000000 0.00000005412814 3 -13.0000000000
4 7 12 589824.000000 0.00000001424960 3 -14.0000000000
4 7 13 638976.000000 0.00000000360336 3 -15.0000000000
4 7 14 688128.000000 0.00000000088195 3 -16.0000000000
4 7 15 737280.000000 0.00000000021636 3 -17.0000000000
4 7 16 786432.000000 0.00000000005853 3 -18.0000000000
4 8 0 0.000000 5.05891704559326 0 -3.0000000000
4 8 1 49152.000000 4.73268365859985 0 -3.0000000000
4 8 2 98304.000000 0.57879459857941 3 -4.0000000000
4 8 3 147456.000000 0.15617911517620 6 -4.2500000000
4 8 4 196608.000000 0.05882575362921 5 -4.7500000000
4 8 5 245760.000000 0.02203421853483 5 -5.2500000000
4 8 6 294912.000000 0.00667788833380 3 -6.2500000000
4 8 7 344064.000000 0.00172496470623 4 -7.0000000000
4 8 8 393216.000000 0.00047264090972 3 -8.0000000000
4 8 9 442368.000000 0.00014181555889 4 -8.7500000000
4 8 10 491520.000000 0.00003651797306 3 -9.7500000000
4 8 11 540672.000000 0.00000953933613 3 -10.7500000000
4 8 12 589824.000000 0.00000217989509 3 -11.7500000000
4 8 13 638976.000000 0.00000064762207 3 -12.7500000000
4 8 14 688128.000000 0.00000014215199 3 -13.7500000000
4 8 15 737280.000000 0.00000003699122 3 -14.7500000000
4 8 16 786432.000000 0.00000000924627 3 -15.7500000000
