1 0 0 0.000000 9.17804145812988 0 -3.0000000000
1 0 1 12288.000000 6.14981317520142 1 -2.7500000000
1 0 2 24576.000000 2.50136041641235 3 -3.7500000000
1 0 3 36864.000000 0.65603017807007 5 -4.2500000000
1 0 4 49152.000000 0.21742843091488 4 -5.0000000000
1 0 5 61440.000000 0.05304928869009 4 -5.7500000000
1 0 6 73728.000000 0.02203997597098 4 -6.5000000000
1 0 7 86016.000000 0.00657782051712 3 -7.5000000000
1 0 8 98304.000000 0.00113923067693 4 -8.2500000000
1 0 9 110592.000000 0.00042261596536 4 -9.0000000000
1 0 10 122880.000000 0.00010881383059 2 -10.2500000000
1 0 11 135168.000000 0.00002653052070 3 -11.2500000000
1 0 12 147456.000000 0.00000506531160 3 -12.2500000000
1 0 13 159744.000000 0.00000120206300 3 -13.2500000000
1 0 14 172032.000000 0.00000035735235 4 -14.0000000000
1 0 15 184320.000000 0.00000013104965 2 -15.2500000000
1 0 16 196608.000000 0.00000001766756 4 -16.0000000000
1 1 0 0.000000 1.23779761791229 0 -3.0000000000
1 1 1 12288.000000 0.55145311355591 4 -2.0000000000
1 1 2 24576.000000 0.10197691619396 2 -3.2500000000
1 1 3 36864.000000 0.03187646344304 5 -3.7500000000
1 1 4 49152.000000 0.00939231552184 4 -4.5000000000
1 1 5 61440.000000 0.00303848297335 4 -5.2500000000
1 1 6 73728.000000 0.00088566436898 4 -6.0000000000
1 1 7 86016.000000 0.00027599211899 4 -6.7500000000
1 1 8 98304.000000 0.00006393920194 3 -7.7500000000
1 1 9 110592.000000 0.00002121345278 3 -8.7500000000
1 1 10 122880.000000 0.00000521683751 4 -9.5000000000
1 1 11 135168.000000 0.00000149668085 3 -10.5000000000
1 1 12 147456.000000 0.00000034817057 3 -11.5000000000
1 1 13 159744.000000 0.00000008044095 3 -12.5000000000
1 1 14 172032.000000 0.00000002161725 3 -13.5000000000
1 1 15 184320.000000 0.00000000518958 3 -14.5000000000
1 1 16 196608.000000 0.00000000131838 3 -15.5000000000
1 2 0 0.000000 0.88429790735245 0 -3.0000000000
1 2 1 12288.000000 1.14630877971649 0 -3.0000000000
1 2 2 24576.000000 0.17676365375519 3 -4.0000000000
1 2 3 36864.000000 0.03034143336117 5 -4.5000000000
1 2 4 49152.000000 0.00801941193640 5 -5.0000000000
1 2 5 61440.000000 0.00321245659143 3 -6.0000000000
1 2 6 73728.000000 0.00104989088140 4 -6.7500000000
1 2 7 86016.000000 0.00033583716140 4 -7.5000000000
1 2 8 98304.000000 0.00009285342094 4 -8.2500000000
1 2 9 110592.000000 0.00002372927338 3 -9.2500000000
1 2 10 122880.000000 0.00000512038696 3 -10.2500000000
1 2 11 135168.000000 0.00000174840955 3 -11.2500000000
1 2 12 147456.000000 0.00000046537346 3 -12.2500000000
1 2 13 159744.000000 0.00000008092845 3 -13.2500000000
1 2 14 172032.000000 0.00000002508553 3 -14.2500000000
1 2 15 184320.000000 0.00000000595294 3 -15.2500000000
1 2 16 196608.000000 0.00000000133746 3 -16.2500000000
1 3 0 0.000000 0.02857410162687 0 -4.0000000000
1 3 1 12288.000000 0.01692554354668 0 -4.0000000000
1 3 2 24576.000000 0.00277552427724 6 -4.2500000000
1 3 3 36864.000000 0.00093143287813 5 -4.7500000000
1 3 4 49152.000000 0.00034004557529 4 -5.5000000000
1 3 5 61440.000000 0.00011572444055 4 -6.2500000000
1 3 6 73728.000000 0.00004158869342 4 -7.0000000000
1 3 7 86016.000000 0.00001129700559 4 -7.7500000000
1 3 8 98304.000000 0.00000319318747 3 -8.7500000000
1 3 9 110592.000000 0.00000069639566 3 -9.7500000000
1 3 10 122880.000000 0.00000017912961 3 -10.7500000000
1 3 11 135168.000000 0.00000004454812 3 -11.7500000000
1 3 12 147456.000000 0.00000001291961 3 -12.7500000000
1 3 13 159744.000000 0.00000000257918 3 -13.7500000000
1 3 14 172032.000000 0.00000000064693 3 -14.7500000000
1 3 15 184320.000000 0.00000000018832 3 -15.7500000000
1 3 16 196608.000000 0.00000000004341 3 -16.7500000000
1 4 0 0.000000 0.09832198172808 0 -4.0000000000
1 4 1 12288.000000 0.04879402741790 5 -2.7500000000
1 4 2 24576.000000 0.01248224079609 0 -4.5000000000
1 4 3 36864.000000 0.00392140401527 6 -4.7500000000
1 4 4 49152.000000 0.00118538469542 4 -5.5000000000
1 4 5 61440.000000 0.00022938499751 5 -6.0000000000
1 4 6 73728.000000 0.00008654486737 3 -7.0000000000
1 4 7 86016.000000 0.00002407570355 4 -7.7500000000
1 4 8 98304.000000 0.00000753537233 4 -8.5000000000
1 4 9 110592.000000 0.00000161799130 3 -9.5000000000
1 4 10 122880.000000 0.00000040581185 3 -10.5000000000
1 4 11 135168.000000 0.00000010181368 3 -11.5000000000
1 4 12 147456.000000 0.00000002602021 3 -12.5000000000
1 4 13 159744.000000 0.00000000605558 3 -13.5000000000
1 4 14 172032.000000 0.00000000196085 3 -14.5000000000
1 4 15 184320.000000 0.00000000048156 3 -15.5000000000
1 4 16 196608.000000 0.00000000011904 3 -16.5000000000
1 5 0 0.000000 0.68839132785797 0 -3.0000000000
1 5 1 12288.000000 0.43440571427345 4 -2.0000000000
1 5 2 24576.000000 0.07532658427954 2 -3.2500000000
1 5 3 36864.000000 0.02233084477484 4 -4.0000000000
1 5 4 49152.000000 0.00686958013102 4 -4.7500000000
1 5 5 61440.000000 0.00210987101309 4 -5.5000000000
1 5 6 73728.000000 0.00075396662578 3 -6.5000000000
1 5 7 86016.000000 0.00023744440114 5 -7.0000000000
1 5 8 98304.000000 0.00005861705358 3 -8.0000000000
1 5 9 110592.000000 0.00001776973659 3 -9.0000000000
1 5 10 122880.000000 0.00000526472286 4 -9.7500000000
1 5 11 135168.000000 0.00000121753123 3 -10.7500000000
1 5 12 147456.000000 0.00000034618492 3 -11.7500000000
1 5 13 159744.000000 0.00000007113268 3 -12.7500000000
1 5 14 172032.000000 0.00000001695392 3 -13.7500000000
1 5 15 184320.000000 0.00000000438210 3 -14.7500000000
1 5 16 196608.000000 0.00000000104189 3 -15.7500000000
1 6 0 0.000000 0.04096338525414 0 -4.0000000000
1 6 1 12288.000000 0.02555355802178 1 -3.7500000000
1 6 2 24576.000000 0.00361001864076 5 -4.2500000000
1 6 3 36864.000000 0.00094073213404 3 -5.2500000000
1 6 4 49152.000000 0.00032138617826 4 -6.0000000000
1 6 5 61440.000000 0.00010691112402 4 -6.7500000000
1 6 6 73728.000000 0.00003573991853 3 -7.7500000000
1 6 7 86016.000000 0.00001027420967 5 -8.2500000000
1 6 8 98304.000000 0.00000295241239 3 -9.2500000000
1 6 9 110592.000000 0.00000068481552 3 -10.2500000000
1 6 10 122880.000000 0.00000016544152 3 -11.2500000000
1 6 11 135168.000000 0.00000004558923 3 -12.2500000000
1 6 12 147456.000000 0.00000001484885 4 -13.0000000000
1 6 13 159744.000000 0.00000000381220 3 -14.0000000000
1 6 14 172032.000000 0.00000000082058 3 -15.0000000000
1 6 15 184320.000000 0.00000000023528 3 -16.0000000000
1 6 16 196608.000000 0.00000000005365 3 -17.0000000000
1 7 0 0.000000 0.02470908127725 0 -4.0000000000
1 7 1 12288.000000 0.01585172675550 1 -3.7500000000
1 7 2 24576.000000 0.00288370088674 4 -4.5000000000
1 7 3 36864.000000 0.00082229881082 5 -5.0000000000
1 7 4 49152.000000 0.00025094614830 4 -5.7500000000
1 7 5 61440.000000 0.00008398708451 3 -6.7500000000
1 7 6 73728.000000 0.00002327458787 4 -7.5000000000
1 7 7 86016.000000 0.00000654903215 4 -8.2500000000
1 7 8 98304.000000 0.00000165021288 3 -9.2500000000
1 7 9 110592.000000 0.00000050890088 3 -10.2500000000
1 7 10 122880.000000 0.00000012686024 3 -11.2500000000
1 7 11 135168.000000 0.00000003739920 4 -12.0000000000
1 7 12 147456.000000 0.00000000868374 3 -13.0000000000
1 7 13 159744.000000 0.00000000237722 3 -14.0000000000
1 7 14 172032.000000 0.00000000060617 3 -15.0000000000
1 7 15 184320.000000 0.00000000013351 3 -16.0000000000
1 7 16 196608.000000 0.00000000003414 3 -17.0000000000
1 8 0 0.000000 0.00700522586703 0 -4.0000000000
1 8 1 12288.000000 0.00467043137178 0 -4.0000000000
1 8 2 24576.000000 0.00101263506804 6 -4.2500000000
1 8 3 36864.000000 0.00029115262441 4 -5.0000000000
1 8 4 49152.000000 0.00008026337309 3 -6.0000000000
1 8 5 61440.000000 0.00002479328396 4 -6.7500000000
1 8 6 73728.000000 0.00000751161770 3 -7.7500000000
1 8 7 86016.000000 0.00000206487039 4 -8.5000000000
1 8 8 98304.000000 0.00000052819126 3 -9.5000000000
1 8 9 110592.000000 0.00000018392358 3 -10.5000000000
1 8 10 122880.000000 0.00000004644388 4 -11.2500000000
1 8 11 135168.000000 0.00000001193089 3 -12.2500000000
1 8 12 147456.000000 0.00000000306700 3 -13.2500000000
1 8 13 159744.000000 0.00000000064105 3 -14.2500000000
1 8 14 172032.000000 0.00000000018753 3 -15.2500000000
1 8 15 184320.000000 0.00000000004822 3 -16.2500000000
1 8 16 196608.000000 0.00000000001254 3 -17.2500000000
1 9 0 0.000000 0.00219745584764 0 -5.0000000000
1 9 1 12288.000000 0.00169799989089 3 -4.2500000000
1 9 2 24576.000000 0.00041339939344 7 -4.2500000000
1 9 3 36864.000000 0.00012031736696 2 -5.5000000000
1 9 4 49152.000000 0.00003382155774 4 -6.2500000000
1 9 5 61440.000000 0.00001083272218 4 -7.0000000000
1 9 6 73728.000000 0.00000306274887 3 -8.0000000000
1 9 7 86016.000000 0.00000078748258 4 -8.7500000000
1 9 8 98304.000000 0.00000022330696 3 -9.7500000000
1 9 9 110592.000000 0.00000005218203 3 -10.7500000000
1 9 10 122880.000000 0.00000001234601 3 -11.7500000000
1 9 11 135168.000000 0.00000000342743 3 -12.7500000000
1 9 12 147456.000000 0.00000000079239 3 -13.7500000000
1 9 13 159744.000000 0.00000000020071 3 -14.7500000000
1 9 14 172032.000000 0.00000000005067 3 -15.7500000000
1 9 15 184320.000000 0.00000000001353 3 -16.7500000000
1 9 16 196608.000000 0.00000000000423 3 -17.7500000000
1 10 0 0.000000 0.82778757810593 0 -3.0000000000
1 10 1 12288.000000 0.85310161113739 5 -1.7500000000
1 10 2 24576.000000 0.11636535823345 0 -3.5000000000
1 10 3 36864.000000 0.03150073438883 3 -4.5000000000
1 10 4 49152.000000 0.00684269145131 4 -5.2500000000
1 10 5 61440.000000 0.00288536353037 4 -6.0000000000
1 10 6 73728.000000 0.00094245310174 4 -6.7500000000
1 10 7 86016.000000 0.00046162185026 6 -7.0000000000
1 10 8 98304.000000 0.00009401024727 2 -8.2500000000
1 10 9 110592.000000 0.00002726118146 3 -9.2500000000
1 10 10 122880.000000 0.00000746550222 4 -10.0000000000
1 10 11 135168.000000 0.00000200527552 3 -11.0000000000
1 10 12 147456.000000 0.00000065601319 3 -12.0000000000
1 10 13 159744.000000 0.00000014348034 3 -13.0000000000
1 10 14 172032.000000 0.00000003641516 3 -14.0000000000
1 10 15 184320.000000 0.00000000839386 3 -15.0000000000
1 10 16 196608.000000 0.00000000195112 3 -16.0000000000
1 11 0 0.000000 0.02219607494771 0 -4.0000000000
1 11 1 12288.000000 0.01261457614601 2 -3.5000000000
1 11 2 24576.000000 0.00246457243338 4 -4.2500000000
1 11 3 36864.000000 0.00064836576348 4 -5.0000000000
1 11 4 49152.000000 0.00022458485910 4 -5.7500000000
1 11 5 61440.000000 0.00007400498725 4 -6.5000000000
1 11 6 73728.000000 0.00002052153650 3 -7.5000000000
1 11 7 86016.000000 0.00000599098166 4 -8.2500000000
1 11 8 98304.000000 0.00000145356069 3 -9.2500000000
1 11 9 110592.000000 0.00000035637368 3 -10.2500000000
1 11 10 122880.000000 0.00000008861454 3 -11.2500000000
1 11 11 135168.000000 0.00000002430252 3 -12.2500000000
1 11 12 147456.000000 0.00000000713934 3 -13.2500000000
1 11 13 159744.000000 0.00000000205708 4 -14.0000000000
1 11 14 172032.000000 0.00000000052899 3 -15.0000000000
1 11 15 184320.000000 0.00000000012739 3 -16.0000000000
1 11 16 196608.000000 0.00000000003076 3 -17.0000000000
1 12 0 0.000000 0.08909576386213 0 -4.0000000000
1 12 1 12288.000000 0.05123211443424 0 -4.0000000000
1 12 2 24576.000000 0.00826618820429 5 -4.5000000000
1 12 3 36864.000000 0.00225004018284 3 -5.5000000000
1 12 4 49152.000000 0.00043046576320 5 -6.0000000000
1 12 5 61440.000000 0.00013874722936 6 -6.2500000000
1 12 6 73728.000000 0.00003017495692 2 -7.5000000000
1 12 7 86016.000000 0.00000733210163 3 -8.5000000000
1 12 8 98304.000000 0.00000210067560 4 -9.2500000000
1 12 9 110592.000000 0.00000049747626 3 -10.2500000000
1 12 10 122880.000000 0.00000012370259 3 -11.2500000000
1 12 11 135168.000000 0.00000003533668 3 -12.2500000000
1 12 12 147456.000000 0.00000000853610 3 -13.2500000000
1 12 13 159744.000000 0.00000000194094 3 -14.2500000000
1 12 14 172032.000000 0.00000000052611 3 -15.2500000000
1 12 15 184320.000000 0.00000000013652 3 -16.2500000000
1 12 16 196608.000000 0.00000000003668 3 -17.2500000000
1 13 0 0.000000 0.00267758127302 0 -5.0000000000
1 13 1 12288.000000 0.00163829396479 2 -4.5000000000
1 13 2 24576.000000 0.00041494399193 7 -4.5000000000
1 13 3 36864.000000 0.00013648711320 4 -5.2500000000
1 13 4 49152.000000 0.00004519601862 3 -6.2500000000
1 13 5 61440.000000 0.00001368320682 5 -6.7500000000
1 13 6 73728.000000 0.00000378717596 3 -7.7500000000
1 13 7 86016.000000 0.00000100513626 3 -8.7500000000
1 13 8 98304.000000 0.00000029189326 3 -9.7500000000
1 13 9 110592.000000 0.00000008041509 4 -10.5000000000
1 13 10 122880.000000 0.00000002112027 3 -11.5000000000
1 13 11 135168.000000 0.00000000499546 3 -12.5000000000
1 13 12 147456.000000 0.00000000128740 3 -13.5000000000
1 13 13 159744.000000 0.00000000032051 3 -14.5000000000
1 13 14 172032.000000 0.00000000008039 3 -15.5000000000
1 13 15 184320.000000 0.00000000002234 3 -16.5000000000
1 13 16 196608.000000 0.00000000000591 3 -17.5000000000
1 14 0 0.000000 0.00371802458540 0 -5.0000000000
1 14 1 12288.000000 0.00357770966366 0 -5.0000000000
1 14 2 24576.000000 0.00079116231063 7 -5.0000000000
1 14 3 36864.000000 0.00018901639851 5 -5.5000000000
1 14 4 49152.000000 0.00004115884803 5 -6.0000000000
1 14 5 61440.000000 0.00001437744959 4 -6.7500000000
1 14 6 73728.000000 0.00000355761472 3 -7.7500000000
1 14 7 86016.000000 0.00000095053122 4 -8.5000000000
1 14 8 98304.000000 0.00000029910444 3 -9.5000000000
1 14 9 110592.000000 0.00000008407722 3 -10.5000000000
1 14 10 122880.000000 0.00000002409743 3 -11.5000000000
1 14 11 135168.000000 0.00000000579677 4 -12.2500000000
1 14 12 147456.000000 0.00000000154519 3 -13.2500000000
1 14 13 159744.000000 0.00000000032629 3 -14.2500000000
1 14 14 172032.000000 0.00000000010837 3 -15.2500000000
1 14 15 184320.000000 0.00000000002560 3 -16.2500000000
1 14 16 196608.000000 0.00000000000694 3 -17.2500000000
1 15 0 0.000000 0.02046577073634 0 -4.0000000000
1 15 1 12288.000000 0.01417171023786 0 -4.0000000000
1 15 2 24576.000000 0.00361694465391 7 -4.0000000000
1 15 3 36864.000000 0.00127169222105 4 -4.7500000000
1 15 4 49152.000000 0.00036165659549 4 -5.5000000000
1 15 5 61440.000000 0.00010950674186 4 -6.2500000000
1 15 6 73728.000000 0.00003349309554 3 -7.2500000000
1 15 7 86016.000000 0.00000772947988 4 -8.0000000000
1 15 8 98304.000000 0.00000217756519 3 -9.0000000000
1 15 9 110592.000000 0.00000068043812 3 -10.0000000000
1 15 10 122880.000000 0.00000018161617 4 -10.7500000000
1 15 11 135168.000000 0.00000004583384 3 -11.7500000000
1 15 12 147456.000000 0.00000001246793 3 -12.7500000000
1 15 13 159744.000000 0.00000000280355 3 -13.7500000000
1 15 14 172032.000000 0.00000000071244 3 -14.7500000000
1 15 15 184320.000000 0.00000000017316 3 -15.7500000000
1 15 16 196608.000000 0.00000000004611 3 -16.7500000000
1 16 0 0.000000 0.00421577133238 0 -5.0000000000
1 16 1 12288.000000 0.00219544884749 2 -4.5000000000
1 16 2 24576.000000 0.00041547146975 6 -4.7500000000
1 16 3 36864.000000 0.00014066458971 4 -5.5000000000
1 16 4 49152.000000 0.00004355966666 3 -6.5000000000
1 16 5 61440.000000 0.00001423118374 4 -7.2500000000
1 16 6 73728.000000 0.00000370871817 4 -8.0000000000
1 16 7 86016.000000 0.00000090951232 3 -9.0000000000
1 16 8 98304.000000 0.00000032192335 3 -10.0000000000
1 16 9 110592.000000 0.00000008788651 4 -10.7500000000
1 16 10 122880.000000 0.00000001963456 3 -11.7500000000
1 16 11 135168.000000 0.00000000468481 3 -12.7500000000
1 16 12 147456.000000 0.00000000134097 3 -13.7500000000
1 16 13 159744.000000 0.00000000034754 3 -14.7500000000
1 16 14 172032.000000 0.00000000008772 3 -15.7500000000
1 16 15 184320.000000 0.00000000002116 3 -16.7500000000
1 16 16 196608.000000 0.00000000000636 3 -17.7500000000
1 17 0 0.000000 0.00262704375200 0 -5.0000000000
1 17 1 12288.000000 0.00200130976737 3 -4.2500000000
1 17 2 24576.000000 0.00044066837290 7 -4.2500000000
1 17 3 36864.000000 0.00013458350440 3 -5.2500000000
1 17 4 49152.000000 0.00004233855361 4 -6.0000000000
1 17 5 61440.000000 0.00001094016443 3 -7.0000000000
1 17 6 73728.000000 0.00000303310958 3 -8.0000000000
1 17 7 86016.000000 0.00000086587903 4 -8.7500000000
1 17 8 98304.000000 0.00000023057260 3 -9.7500000000
1 17 9 110592.000000 0.00000005598077 3 -10.7500000000
1 17 10 122880.000000 0.00000001442077 3 -11.7500000000
1 17 11 135168.000000 0.00000000351831 3 -12.7500000000
1 17 12 147456.000000 0.00000000084237 3 -13.7500000000
1 17 13 159744.000000 0.00000000021734 3 -14.7500000000
1 17 14 172032.000000 0.00000000005208 3 -15.7500000000
1 17 15 184320.000000 0.00000000001518 3 -16.7500000000
1 17 16 196608.000000 0.00000000000416 3 -17.7500000000
1 18 0 0.000000 0.00042580536683 0 -5.0000000000
1 18 1 12288.000000 0.00021862707217 1 -4.7500000000
1 18 2 24576.000000 0.00006552030391 5 -5.2500000000
1 18 3 36864.000000 0.00002797850539 3 -6.2500000000
1 18 4 49152.000000 0.00000913212443 5 -6.7500000000
1 18 5 61440.000000 0.00000334173819 4 -7.5000000000
1 18 6 73728.000000 0.00000098813848 3 -8.5000000000
1 18 7 86016.000000 0.00000031981588 4 -9.2500000000
1 18 8 98304.000000 0.00000009019615 4 -10.0000000000
1 18 9 110592.000000 0.00000002347107 3 -11.0000000000
1 18 10 122880.000000 0.00000000602461 3 -12.0000000000
1 18 11 135168.000000 0.00000000157593 3 -13.0000000000
1 18 12 147456.000000 0.00000000038250 3 -14.0000000000
1 18 13 159744.000000 0.00000000008699 3 -15.0000000000
1 18 14 172032.000000 0.00000000002582 3 -16.0000000000
1 18 15 184320.000000 0.00000000000710 3 -17.0000000000
1 18 16 196608.000000 0.00000000000237 3 -18.0000000000
1 19 0 0.000000 0.00010178485536 0 -6.0000000000
1 19 1 12288.000000 0.00005591605077 2 -5.5000000000
1 19 2 24576.000000 0.00001923791569 5 -6.0000000000
1 19 3 36864.000000 0.00000739611323 3 -7.0000000000
1 19 4 49152.000000 0.00000279276560 5 -7.5000000000
1 19 5 61440.000000 0.00000086265845 4 -8.2500000000
1 19 6 73728.000000 0.00000026216372 4 -9.0000000000
1 19 7 86016.000000 0.00000008685515 4 -9.7500000000
1 19 8 98304.000000 0.00000001997122 3 -10.7500000000
1 19 9 110592.000000 0.00000000622615 3 -11.7500000000
1 19 10 122880.000000 0.00000000144949 3 -12.7500000000
1 19 11 135168.000000 0.00000000036454 3 -13.7500000000
1 19 12 147456.000000 0.00000000009178 3 -14.7500000000
1 19 13 159744.000000 0.00000000002118 3 -15.7500000000
1 19 14 172032.000000 0.00000000000644 3 -16.7500000000
1 19 15 184320.000000 0.00000000000258 3 -17.7500000000
1 19 16 196608.000000 0.00000000000136 3 -18.7500000000
1 20 0 0.000000 0.12053170055151 0 -4.0000000000
1 20 1 12288.000000 0.05292695760727 1 -3.7500000000
1 20 2 24576.000000 0.00799167528749 5 -4.2500000000
1 20 3 36864.000000 0.00220481073484 4 -5.0000000000
1 20 4 49152.000000 0.00062322226586 4 -5.7500000000
1 20 5 61440.000000 0.00018830205954 5 -6.2500000000
1 20 6 73728.000000 0.00006589581608 4 -7.0000000000
1 20 7 86016.000000 0.00001604982390 4 -7.7500000000
1 20 8 98304.000000 0.00000471596695 3 -8.7500000000
1 20 9 110592.000000 0.00000119552237 3 -9.7500000000
1 20 10 122880.000000 0.00000030146026 3 -10.7500000000
1 20 11 135168.000000 0.00000009167012 3 -11.7500000000
1 20 12 147456.000000 0.00000001923524 3 -12.7500000000
1 20 13 159744.000000 0.00000000556510 4 -13.5000000000
1 20 14 172032.000000 0.00000000133785 2 -14.7500000000
1 20 15 184320.000000 0.00000000032559 3 -15.7500000000
1 20 16 196608.000000 0.00000000009022 3 -16.7500000000
1 21 0 0.000000 0.00142414995935 0 -5.0000000000
1 21 1 12288.000000 0.00094868818996 1 -4.7500000000
1 21 2 24576.000000 0.00026245781919 7 -4.7500000000
1 21 3 36864.000000 0.00009464968025 4 -5.5000000000
1 21 4 49152.000000 0.00003921008465 4 -6.2500000000
1 21 5 61440.000000 0.00001316209455 5 -6.7500000000
1 21 6 73728.000000 0.00000353034784 3 -7.7500000000
1 21 7 86016.000000 0.00000094615052 3 -8.7500000000
1 21 8 98304.000000 0.00000027760302 4 -9.5000000000
1 21 9 110592.000000 0.00000006658119 3 -10.5000000000
1 21 10 122880.000000 0.00000001554299 3 -11.5000000000
1 21 11 135168.000000 0.00000000401167 3 -12.5000000000
1 21 12 147456.000000 0.00000000099023 3 -13.5000000000
1 21 13 159744.000000 0.00000000026066 3 -14.5000000000
1 21 14 172032.000000 0.00000000006377 3 -15.5000000000
1 21 15 184320.000000 0.00000000001805 3 -16.5000000000
1 21 16 196608.000000 0.00000000000487 3 -17.5000000000
1 22 0 0.000000 0.00281345052645 0 -5.0000000000
1 22 1 12288.000000 0.00279926322401 1 -4.7500000000
1 22 2 24576.000000 0.00025693853968 6 -5.0000000000
1 22 3 36864.000000 0.00004845275544 3 -6.0000000000
1 22 4 49152.000000 0.00001579963282 4 -6.7500000000
1 22 5 61440.000000 0.00000464952336 3 -7.7500000000
1 22 6 73728.000000 0.00000137880818 4 -8.5000000000
1 22 7 86016.000000 0.00000045149719 4 -9.2500000000
1 22 8 98304.000000 0.00000011412804 3 -10.2500000000
1 22 9 110592.000000 0.00000003279906 3 -11.2500000000
1 22 10 122880.000000 0.00000000882134 4 -12.0000000000
1 22 11 135168.000000 0.00000000232970 3 -13.0000000000
1 22 12 147456.000000 0.00000000048914 3 -14.0000000000
1 22 13 159744.000000 0.00000000012689 3 -15.0000000000
1 22 14 172032.000000 0.00000000003626 3 -16.0000000000
1 22 15 184320.000000 0.00000000001097 3 -17.0000000000
1 22 16 196608.000000 0.00000000000319 3 -18.0000000000
1 23 0 0.000000 0.00007603555423 0 -6.0000000000
1 23 1 12288.000000 0.00004456875467 0 -6.0000000000
1 23 2 24576.000000 0.00001433840316 6 -6.2500000000
1 23 3 36864.000000 0.00000570177235 4 -7.0000000000
1 23 4 49152.000000 0.00000221128698 4 -7.7500000000
1 23 5 61440.000000 0.00000078702840 5 -8.2500000000
1 23 6 73728.000000 0.00000026404632 3 -9.2500000000
1 23 7 86016.000000 0.00000007258740 4 -10.0000000000
1 23 8 98304.000000 0.00000002610323 3 -11.0000000000
1 23 9 110592.000000 0.00000000521970 4 -11.7500000000
1 23 10 122880.000000 0.00000000133267 3 -12.7500000000
1 23 11 135168.000000 0.00000000037808 3 -13.7500000000
1 23 12 147456.000000 0.00000000008929 3 -14.7500000000
1 23 13 159744.000000 0.00000000002481 3 -15.7500000000
1 23 14 172032.000000 0.00000000000659 3 -16.7500000000
1 23 15 184320.000000 0.00000000000223 3 -17.7500000000
1 23 16 196608.000000 0.00000000000146 3 -18.7500000000
1 24 0 0.000000 0.00010369047959 0 -6.0000000000
1 24 1 12288.000000 0.00009156124725 0 -6.0000000000
1 24 2 24576.000000 0.00002672609480 7 -6.0000000000
1 24 3 36864.000000 0.00000827174335 5 -6.5000000000
1 24 4 49152.000000 0.00000199113060 3 -7.5000000000
1 24 5 61440.000000 0.00000070772461 4 -8.2500000000
1 24 6 73728.000000 0.00000021264630 4 -9.0000000000
1 24 7 86016.000000 0.00000005237766 3 -10.0000000000
1 24 8 98304.000000 0.00000001403054 3 -11.0000000000
1 24 9 110592.000000 0.00000000332442 3 -12.0000000000
1 24 10 122880.000000 0.00000000094634 3 -13.0000000000
1 24 11 135168.000000 0.00000000025809 3 -14.0000000000
1 24 12 147456.000000 0.00000000007886 4 -14.7500000000
1 24 13 159744.000000 0.00000000001925 3 -15.7500000000
1 24 14 172032.000000 0.00000000000660 3 -16.7500000000
1 24 15 184320.000000 0.00000000000231 3 -17.7500000000
1 24 16 196608.000000 0.00000000000142 4 -18.5000000000
