3 0 0 0.000000 3.99339604377747 0 -4.0000000000
3 0 1 73728.000000 3.75675439834595 5 -2.7500000000
3 0 2 147456.000000 0.32956108450890 0 -4.5000000000
3 0 3 221184.000000 0.10221578180790 4 -5.2500000000
3 0 4 294912.000000 0.03490374609828 3 -6.2500000000
3 0 5 368640.000000 0.01009071245790 5 -6.7500000000
3 0 6 442368.000000 0.00424030190334 5 -7.2500000000
3 0 7 516096.000000 0.00115276221186 4 -8.0000000000
3 0 8 589824.000000 0.00042422435945 3 -9.0000000000
3 0 9 663552.000000 0.00014697933511 3 -10.0000000000
3 0 10 737280.000000 0.00003213134187 3 -10.7500000000
3 0 11 811008.000000 0.00000897796690 3 -11.7500000000
3 0 12 884736.000000 0.00000293769381 4 -12.5000000000
3 0 13 958464.000000 0.00000072938639 3 -13.5000000000
3 0 14 1032192.000000 0.00000016174704 3 -14.5000000000
3 0 15 1105920.000000 0.00000004648826 3 -15.5000000000
3 0 16 1179648.000000 0.00000001088684 3 -16.5000000000
3 1 0 0.000000 0.38191488385201 0 -4.0000000000
3 1 1 73728.000000 0.16648238897324 0 -4.0000000000
3 1 2 147456.000000 0.02764566801488 5 -4.5000000000
3 1 3 221184.000000 0.01020209304988 4 -5.2500000000
3 1 4 294912.000000 0.00355498166755 5 -5.7500000000
3 1 5 368640.000000 0.00113001500722 4 -6.5000000000
3 1 6 442368.000000 0.00040016631829 4 -7.2500000000
3 1 7 516096.000000 0.00011982033902 4 -8.0000000000
3 1 8 589824.000000 0.00003171593926 3 -9.0000000000
3 1 9 663552.000000 0.00000790647664 3 -10.0000000000
3 1 10 737280.000000 0.00000212881423 3 -11.0000000000
3 1 11 811008.000000 0.00000049168409 3 -12.0000000000
3 1 12 884736.000000 0.00000013301150 3 -13.0000000000
3 1 13 958464.000000 0.00000003903008 3 -14.0000000000
3 1 14 1032192.000000 0.00000001030036 4 -14.7500000000
3 1 15 1105920.000000 0.00000000262090 3 -15.7500000000
3 1 16 1179648.000000 0.00000000065368 3 -16.7500000000
3 2 0 0.000000 0.14777611196041 0 -4.0000000000
3 2 1 73728.000000 0.10247723013163 0 -4.0000000000
3 2 2 147456.000000 0.00669585447758 3 -5.0000000000
3 2 3 221184.000000 0.00185946270358 4 -5.7500000000
3 2 4 294912.000000 0.00080187042477 4 -6.5000000000
3 2 5 368640.000000 0.00034006714122 5 -7.0000000000
3 2 6 442368.000000 0.00014970525808 4 -7.7500000000
3 2 7 516096.000000 0.00004844327486 5 -8.2500000000
3 2 8 589824.000000 0.00001531503767 4 -9.0000000000
3 2 9 663552.000000 0.00000380667666 3 -10.0000000000
3 2 10 737280.000000 0.00000109326777 3 -11.0000000000
3 2 11 811008.000000 0.00000030268731 4 -11.7500000000
3 2 12 884736.000000 0.00000008136769 3 -12.7500000000
3 2 13 958464.000000 0.00000002104164 3 -13.7500000000
3 2 14 1032192.000000 0.00000000480548 3 -14.7500000000
3 2 15 1105920.000000 0.00000000115844 3 -15.7500000000
3 2 16 1179648.000000 0.00000000031809 3 -16.7500000000
3 3 0 0.000000 0.48997801542282 0 -4.0000000000
3 3 1 73728.000000 0.24004152417183 0 -4.0000000000
3 3 2 147456.000000 0.02881374582648 5 -4.5000000000
3 3 3 221184.000000 0.01235290989280 4 -5.2500000000
3 3 4 294912.000000 0.00473217479885 4 -6.0000000000
3 3 5 368640.000000 0.00205040490255 5 -6.5000000000
3 3 6 442368.000000 0.00086276291404 5 -7.0000000000
3 3 7 516096.000000 0.00022995375912 4 -7.7500000000
3 3 8 589824.000000 0.00006591174315 3 -8.7500000000
3 3 9 663552.000000 0.00001971438724 4 -9.5000000000
3 3 10 737280.000000 0.00000417261526 3 -10.5000000000
3 3 11 811008.000000 0.00000113853241 3 -11.5000000000
3 3 12 884736.000000 0.00000030047241 3 -12.5000000000
3 3 13 958464.000000 0.00000006969056 3 -13.5000000000
3 3 14 1032192.000000 0.00000001789706 3 -14.5000000000
3 3 15 1105920.000000 0.00000000463820 3 -15.5000000000
3 3 16 1179648.000000 0.00000000122478 3 -16.5000000000
3 4 0 0.000000 0.02711580879986 0 -5.0000000000
3 4 1 73728.000000 0.01299108285457 1 -4.7500000000
3 4 2 147456.000000 0.00263371830806 6 -5.0000000000
3 4 3 221184.000000 0.00088661257178 4 -5.7500000000
3 4 4 294912.000000 0.00030700481148 3 -6.7500000000
3 4 5 368640.000000 0.00011812154116 4 -7.5000000000
3 4 6 442368.000000 0.00004031593926 5 -8.0000000000
3 4 7 516096.000000 0.00001254937433 4 -8.7500000000
3 4 8 589824.000000 0.00000364861603 3 -9.7500000000
3 4 9 663552.000000 0.00000104852086 4 -10.5000000000
3 4 10 737280.000000 0.00000026149451 3 -11.5000000000
3 4 11 811008.000000 0.00000006346865 3 -12.5000000000
3 4 12 884736.000000 0.00000001563853 3 -13.5000000000
3 4 13 958464.000000 0.00000000423740 3 -14.5000000000
3 4 14 1032192.000000 0.00000000097767 3 -15.5000000000
3 4 15 1105920.000000 0.00000000027394 3 -16.5000000000
3 4 16 1179648.000000 0.00000000007017 3 -17.5000000000
3 5 0 0.000000 0.00437550852075 0 -5.0000000000
3 5 1 73728.000000 0.00210425164551 0 -5.0000000000
3 5 2 147456.000000 0.00048547322513 4 -5.7500000000
3 5 3 221184.000000 0.00018643811927 5 -6.2500000000
3 5 4 294912.000000 0.00009213384328 4 -7.0000000000
3 5 5 368640.000000 0.00004669546979 5 -7.5000000000
3 5 6 442368.000000 0.00002230097380 7 -7.5000000000
3 5 7 516096.000000 0.00000716053546 4 -8.2500000000
3 5 8 589824.000000 0.00000220617585 4 -9.0000000000
3 5 9 663552.000000 0.00000055073951 3 -10.0000000000
3 5 10 737280.000000 0.00000014901116 3 -11.0000000000
3 5 11 811008.000000 0.00000003593960 3 -12.0000000000
3 5 12 884736.000000 0.00000000883961 3 -13.0000000000
3 5 13 958464.000000 0.00000000218570 3 -14.0000000000
3 5 14 1032192.000000 0.00000000058069 3 -15.0000000000
3 5 15 1105920.000000 0.00000000012885 3 -16.0000000000
3 5 16 1179648.000000 0.00000000003595 3 -17.0000000000
3 6 0 0.000000 0.13888853788376 0 -4.0000000000
3 6 1 73728.000000 0.08979079127312 0 -4.0000000000
3 6 2 147456.000000 0.00643423665315 3 -5.0000000000
3 6 3 221184.000000 0.00216954993084 3 -6.0000000000
3 6 4 294912.000000 0.00078798522009 4 -6.7500000000
3 6 5 368640.000000 0.00030249831616 6 -7.0000000000
3 6 6 442368.000000 0.00012653484009 4 -7.7500000000
3 6 7 516096.000000 0.00005475835496 4 -8.5000000000
3 6 8 589824.000000 0.00001486288511 5 -9.0000000000
3 6 9 663552.000000 0.00000409910172 3 -10.0000000000
3 6 10 737280.000000 0.00000129083560 3 -11.0000000000
3 6 11 811008.000000 0.00000033227855 4 -11.7500000000
3 6 12 884736.000000 0.00000009580368 3 -12.7500000000
3 6 13 958464.000000 0.00000002086055 3 -13.7500000000
3 6 14 1032192.000000 0.00000000518477 3 -14.7500000000
3 6 15 1105920.000000 0.00000000133996 3 -15.7500000000
3 6 16 1179648.000000 0.00000000030093 3 -16.7500000000
3 7 0 0.000000 0.00299010379240 0 -5.0000000000
3 7 1 73728.000000 0.00154372805264 0 -5.0000000000
3 7 2 147456.000000 0.00028899489553 4 -5.7500000000
3 7 3 221184.000000 0.00009267629503 4 -6.5000000000
3 7 4 294912.000000 0.00003408627163 3 -7.5000000000
3 7 5 368640.000000 0.00001144041744 5 -8.0000000000
3 7 6 442368.000000 0.00000412535064 4 -8.7500000000
3 7 7 516096.000000 0.00000124406131 4 -9.5000000000
3 7 8 589824.000000 0.00000037017907 4 -10.2500000000
3 7 9 663552.000000 0.00000010041886 3 -11.2500000000
3 7 10 737280.000000 0.00000002479026 3 -12.2500000000
3 7 11 811008.000000 0.00000000824137 4 -13.0000000000
3 7 12 884736.000000 0.00000000223895 3 -14.0000000000
3 7 13 958464.000000 0.00000000052808 3 -15.0000000000
3 7 14 1032192.000000 0.00000000012479 3 -16.0000000000
3 7 15 1105920.000000 0.00000000003176 3 -17.0000000000
3 7 16 1179648.000000 0.00000000000841 3 -18.0000000000
3 8 0 0.000000 0.00083876401186 0 -6.0000000000
3 8 1 73728.000000 0.00080372643424 5 -4.7500000000
3 8 2 147456.000000 0.00013606596622 2 -6.0000000000
3 8 3 221184.000000 0.00005546128159 6 -6.2500000000
3 8 4 294912.000000 0.00002196543210 3 -7.2500000000
3 8 5 368640.000000 0.00000985367114 5 -7.7500000000
3 8 6 442368.000000 0.00000360808463 6 -8.0000000000
3 8 7 516096.000000 0.00000123762459 4 -8.7500000000
3 8 8 589824.000000 0.00000034651649 3 -9.7500000000
3 8 9 663552.000000 0.00000010670621 4 -10.5000000000
3 8 10 737280.000000 0.00000002444071 3 -11.5000000000
3 8 11 811008.000000 0.00000000738094 3 -12.5000000000
3 8 12 884736.000000 0.00000000180009 3 -13.5000000000
3 8 13 958464.000000 0.00000000044832 3 -14.5000000000
3 8 14 1032192.000000 0.00000000011514 3 -15.5000000000
3 8 15 1105920.000000 0.00000000002643 3 -16.5000000000
3 8 16 1179648.000000 0.00000000000735 3 -17.5000000000
