4 0 0 0.000000 6.31617832183838 0 -3.0000000000
4 0 1 49152.000000 4.73407649993896 0 -3.0000000000
4 0 2 98304.000000 0.73993623256683 3 -4.0000000000
4 0 3 147456.000000 0.22416530549526 5 -4.5000000000
4 0 4 196608.000000 0.07504098117352 5 -5.0000000000
4 0 5 245760.000000 0.02878481708467 5 -5.5000000000
4 0 6 294912.000000 0.01163579802960 3 -6.5000000000
4 0 7 344064.000000 0.00349526153877 4 -7.2500000000
4 0 8 393216.000000 0.00088672444690 4 -8.0000000000
4 0 9 442368.000000 0.00027544624754 3 -9.0000000000
4 0 10 491520.000000 0.00007860284677 3 -10.0000000000
4 0 11 540672.000000 0.00001992904072 4 -10.7500000000
4 0 12 589824.000000 0.00000483897065 3 -11.7500000000
4 0 13 638976.000000 0.00000139275210 3 -12.7500000000
4 0 14 688128.000000 0.00000030226408 3 -13.7500000000
4 0 15 737280.000000 0.00000008591412 3 -14.7500000000
4 0 16 786432.000000 0.00000001961559 3 -15.7500000000
4 1 0 0.000000 0.13942550122738 0 -4.0000000000
4 1 1 49152.000000 0.06892361491919 0 -4.0000000000
4 1 2 98304.000000 0.01011042017490 4 -4.7500000000
4 1 3 147456.000000 0.00365015352145 3 -5.7500000000
4 1 4 196608.000000 0.00098492181860 4 -6.5000000000
4 1 5 245760.000000 0.00039791211020 5 -7.0000000000
4 1 6 294912.000000 0.00014516340161 4 -7.7500000000
4 1 7 344064.000000 0.00004292752783 4 -8.5000000000
4 1 8 393216.000000 0.00001134191825 3 -9.5000000000
4 1 9 442368.000000 0.00000291113247 3 -10.5000000000
4 1 10 491520.000000 0.00000072783945 3 -11.5000000000
4 1 11 540672.000000 0.00000019555233 3 -12.5000000000
4 1 12 589824.000000 0.00000004381920 3 -13.5000000000
4 1 13 638976.000000 0.00000001144411 3 -14.5000000000
4 1 14 688128.000000 0.00000000273486 3 -15.5000000000
4 1 15 737280.000000 0.00000000066015 3 -16.5000000000
4 1 16 786432.000000 0.00000000016427 3 -17.5000000000
4 2 0 0.000000 0.05670507997274 0 -5.0000000000
4 2 1 49152.000000 0.02157605066895 3 -4.2500000000
4 2 2 98304.000000 0.00343339028768 3 -5.2500000000
4 2 3 147456.000000 0.00120550871361 4 -6.0000000000
4 2 4 196608.000000 0.00041701798909 4 -6.7500000000
4 2 5 245760.000000 0.00015482099843 4 -7.5000000000
4 2 6 294912.000000 0.00007635398651 5 -8.0000000000
4 2 7 344064.000000 0.00002378161844 4 -8.7500000000
4 2 8 393216.000000 0.00000653463712 4 -9.5000000000
4 2 9 442368.000000 0.00000180373434 3 -10.5000000000
4 2 10 491520.000000 0.00000042418097 3 -11.5000000000
4 2 11 540672.000000 0.00000009940139 3 -12.5000000000
4 2 12 589824.000000 0.00000002423071 3 -13.5000000000
4 2 13 638976.000000 0.00000000640845 3 -14.5000000000
4 2 14 688128.000000 0.00000000173165 3 -15.5000000000
4 2 15 737280.000000 0.00000000044395 3 -16.5000000000
4 2 16 786432.000000 0.00000000011185 3 -17.5000000000
4 3 0 0.000000 0.24691040813923 0 -4.0000000000
4 3 1 49152.000000 0.11148610711098 0 -4.0000000000
4 3 2 98304.000000 0.01489089336246 4 -4.7500000000
4 3 3 147456.000000 0.00533035770059 4 -5.5000000000
4 3 4 196608.000000 0.00207498646341 4 -6.2500000000
4 3 5 245760.000000 0.00071864423808 4 -7.0000000000
4 3 6 294912.000000 0.00027617547312 4 -7.7500000000
4 3 7 344064.000000 0.00008778612391 5 -8.2500000000
4 3 8 393216.000000 0.00002527958713 3 -9.2500000000
4 3 9 442368.000000 0.00000774235014 4 -10.0000000000
4 3 10 491520.000000 0.00000193366895 3 -11.0000000000
4 3 11 540672.000000 0.00000043614469 3 -12.0000000000
4 3 12 589824.000000 0.00000012376513 3 -13.0000000000
4 3 13 638976.000000 0.00000003230982 3 -14.0000000000
4 3 14 688128.000000 0.00000000729483 3 -15.0000000000
4 3 15 737280.000000 0.00000000192449 3 -16.0000000000
4 3 16 786432.000000 0.00000000044115 3 -17.0000000000
4 4 0 0.000000 0.01692228764296 0 -5.0000000000
4 4 1 49152.000000 0.00836969446391 0 -5.0000000000
4 4 2 98304.000000 0.00183918839321 5 -5.5000000000
4 4 3 147456.000000 0.00074614264304 5 -6.0000000000
4 4 4 196608.000000 0.00024546214263 4 -6.7500000000
4 4 5 245760.000000 0.00009045778279 4 -7.5000000000
4 4 6 294912.000000 0.00002594396574 4 -8.2500000000
4 4 7 344064.000000 0.00000865769289 4 -9.0000000000
4 4 8 393216.000000 0.00000212392501 3 -10.0000000000
4 4 9 442368.000000 0.00000050384591 3 -11.0000000000
4 4 10 491520.000000 0.00000017379250 3 -12.0000000000
4 4 11 540672.000000 0.00000004418271 4 -12.7500000000
4 4 12 589824.000000 0.00000001082359 3 -13.7500000000
4 4 13 638976.000000 0.00000000287774 3 -14.7500000000
4 4 14 688128.000000 0.00000000067715 3 -15.7500000000
4 4 15 737280.000000 0.00000000019125 3 -16.7500000000
4 4 16 786432.000000 0.00000000004370 3 -17.7500000000
4 5 0 0.000000 0.00284538604319 0 -5.0000000000
4 5 1 49152.000000 0.00179760938045 0 -5.0000000000
4 5 2 98304.000000 0.00040887531941 4 -5.7500000000
4 5 3 147456.000000 0.00014436867787 4 -6.5000000000
4 5 4 196608.000000 0.00005969072299 4 -7.2500000000
4 5 5 245760.000000 0.00002391817725 4 -8.0000000000
4 5 6 294912.000000 0.00000954598454 5 -8.5000000000
4 5 7 344064.000000 0.00000319490937 4 -9.2500000000
4 5 8 393216.000000 0.00000105916615 4 -10.0000000000
4 5 9 442368.000000 0.00000029198273 4 -10.7500000000
4 5 10 491520.000000 0.00000007292498 3 -11.7500000000
4 5 11 540672.000000 0.00000001925241 3 -12.7500000000
4 5 12 589824.000000 0.00000000481106 3 -13.7500000000
4 5 13 638976.000000 0.00000000131020 3 -14.7500000000
4 5 14 688128.000000 0.00000000029986 3 -15.7500000000
4 5 15 737280.000000 0.00000000007667 3 -16.7500000000
4 5 16 786432.000000 0.00000000001836 3 -17.7500000000
4 6 0 0.000000 0.05986464768648 0 -5.0000000000
4 6 1 49152.000000 0.02630840986967 4 -4.0000000000
4 6 2 98304.000000 0.00422888481990 2 -5.2500000000
4 6 3 147456.000000 0.00125003932044 4 -6.0000000000
4 6 4 196608.000000 0.00045399807277 4 -6.7500000000
4 6 5 245760.000000 0.00016896364104 4 -7.5000000000
4 6 6 294912.000000 0.00006573691644 4 -8.2500000000
4 6 7 344064.000000 0.00002399763980 4 -9.0000000000
4 6 8 393216.000000 0.00000680188487 5 -9.5000000000
4 6 9 442368.000000 0.00000192359425 3 -10.5000000000
4 6 10 491520.000000 0.00000052009779 3 -11.5000000000
4 6 11 540672.000000 0.00000014863861 3 -12.5000000000
4 6 12 589824.000000 0.00000003941989 4 -13.2500000000
4 6 13 638976.000000 0.00000000958961 3 -14.2500000000
4 6 14 688128.000000 0.00000000257626 3 -15.2500000000
4 6 15 737280.000000 0.00000000062388 3 -16.2500000000
4 6 16 786432.000000 0.00000000015317 3 -17.2500000000
4 7 0 0.000000 0.00264575541951 0 -5.0000000000
4 7 1 49152.000000 0.00151309987996 0 -5.0000000000
4 7 2 98304.000000 0.00036360014929 2 -6.2500000000
4 7 3 147456.000000 0.00014763648505 5 -6.7500000000
4 7 4 196608.000000 0.00006755476352 5 -7.2500000000
4 7 5 245760.000000 0.00002435574970 5 -7.7500000000
4 7 6 294912.000000 0.00000978878234 4 -8.5000000000
4 7 7 344064.000000 0.00000326031795 5 -9.0000000000
4 7 8 393216.000000 0.00000099392878 3 -10.0000000000
4 7 9 442368.000000 0.00000029037690 4 -10.7500000000
4 7 10 491520.000000 0.00000007537690 3 -11.7500000000
4 7 11 540672.000000 0.00000001696098 3 -12.7500000000
4 7 12 589824.000000 0.00000000420726 3 -13.7500000000
4 7 13 638976.000000 0.00000000117951 3 -14.7500000000
4 7 14 688128.000000 0.00000000027912 3 -15.7500000000
4 7 15 737280.000000 0.00000000006974 3 -16.7500000000
4 7 16 786432.000000 0.00000000001748 3 -17.7500000000
4 8 0 0.000000 0.00138989230618 0 -5.0000000000
4 8 1 49152.000000 0.00116336462088 1 -4.7500000000
4 8 2 98304.000000 0.00026020628866 3 -5.7500000000
4 8 3 147456.000000 0.00009419710113 3 -6.7500000000
4 8 4 196608.000000 0.00003659930735 6 -7.0000000000
4 8 5 245760.000000 0.00001594961213 4 -7.7500000000
4 8 6 294912.000000 0.00000674630746 5 -8.2500000000
4 8 7 344064.000000 0.00000232873163 4 -9.0000000000
4 8 8 393216.000000 0.00000068830713 4 -9.7500000000
4 8 9 442368.000000 0.00000019585973 4 -10.5000000000
4 8 10 491520.000000 0.00000004359222 3 -11.5000000000
4 8 11 540672.000000 0.00000001275027 3 -12.5000000000
4 8 12 589824.000000 0.00000000321885 3 -13.5000000000
4 8 13 638976.000000 0.00000000075932 3 -14.5000000000
4 8 14 688128.000000 0.00000000020339 3 -15.5000000000
4 8 15 737280.000000 0.00000000005069 3 -16.5000000000
4 8 16 786432.000000 0.00000000001284 3 -17.5000000000
