3 0 0 0.000000 0.00045737551409 0 4.0000000000
3 0 1 73728.000000 0.00029402371729 0 4.0000000000
3 0 2 147456.000000 0.00007534374890 3 3.0000000000
3 0 3 221184.000000 0.00003202166408 5 2.5000000000
3 0 4 294912.000000 0.00001629607323 4 1.7500000000
3 0 5 368640.000000 0.00000711634812 6 1.5000000000
3 0 6 442368.000000 0.00000304068863 4 0.7500000000
3 0 7 516096.000000 0.00000108709332 5 0.2500000000
3 0 8 589824.000000 0.00000037036821 4 -0.5000000000
3 0 9 663552.000000 0.00000010552902 3 -1.5000000000
3 0 10 737280.000000 0.00000003135083 4 -2.2500000000
3 0 11 811008.000000 0.00000000781625 3 -3.2500000000
3 0 12 884736.000000 0.00000000179331 3 -4.2500000000
3 0 13 958464.000000 0.00000000050175 3 -5.2500000000
3 0 14 1032192.000000 0.00000000011773 3 -6.2500000000
3 0 15 1105920.000000 0.00000000003060 3 -7.2500000000
3 0 16 1179648.000000 0.00000000000794 3 -8.2500000000
3 1 0 0.000000 0.01760525815189 0 6.0000000000
3 1 1 73728.000000 0.00937642809004 0 6.0000000000
3 1 2 147456.000000 0.00262310216203 3 5.0000000000
3 1 3 221184.000000 0.00095889472868 4 4.2500000000
3 1 4 294912.000000 0.00041654196684 5 3.7500000000
3 1 5 368640.000000 0.00015548002557 4 3.0000000000
3 1 6 442368.000000 0.00006499318988 5 2.5000000000
3 1 7 516096.000000 0.00001912352855 4 1.7500000000
3 1 8 589824.000000 0.00000546107412 3 0.7500000000
3 1 9 663552.000000 0.00000181558278 4 0.0000000000
3 1 10 737280.000000 0.00000047806930 3 -1.0000000000
3 1 11 811008.000000 0.00000010765810 3 -2.0000000000
3 1 12 884736.000000 0.00000002729842 3 -3.0000000000
3 1 13 958464.000000 0.00000000677381 3 -4.0000000000
3 1 14 1032192.000000 0.00000000183146 3 -5.0000000000
3 1 15 1105920.000000 0.00000000045598 3 -6.0000000000
3 1 16 1179648.000000 0.00000000010323 3 -7.0000000000
3 2 0 0.000000 0.34765222668648 0 7.0000000000
3 2 1 73728.000000 0.15988667309284 0 7.0000000000
3 2 2 147456.000000 0.03216042369604 4 6.2500000000
3 2 3 221184.000000 0.01274071633816 5 5.7500000000
3 2 4 294912.000000 0.00535437557846 4 5.0000000000
3 2 5 368640.000000 0.00248926016502 4 4.2500000000
3 2 6 442368.000000 0.00101207010448 6 4.0000000000
3 2 7 516096.000000 0.00034359545680 5 3.5000000000
3 2 8 589824.000000 0.00009872002556 3 2.5000000000
3 2 9 663552.000000 0.00003028855281 4 1.7500000000
3 2 10 737280.000000 0.00000817339151 3 0.7500000000
3 2 11 811008.000000 0.00000206691789 3 -0.2500000000
3 2 12 884736.000000 0.00000050377179 3 -1.2500000000
3 2 13 958464.000000 0.00000012179994 3 -2.2500000000
3 2 14 1032192.000000 0.00000003052294 3 -3.2500000000
3 2 15 1105920.000000 0.00000000783719 3 -4.2500000000
3 2 16 1179648.000000 0.00000000182577 3 -5.2500000000
3 3 0 0.000000 0.00328230415471 0 5.0000000000
3 3 1 73728.000000 0.00174116098788 0 5.0000000000
3 3 2 147456.000000 0.00051740452182 2 3.7500000000
3 3 3 221184.000000 0.00019244791474 5 3.2500000000
3 3 4 294912.000000 0.00008788099512 5 2.7500000000
3 3 5 368640.000000 0.00004488669219 5 2.2500000000
3 3 6 442368.000000 0.00001960178452 5 1.7500000000
3 3 7 516096.000000 0.00001006814637 4 1.0000000000
3 3 8 589824.000000 0.00000419340722 6 0.7500000000
3 3 9 663552.000000 0.00000104858225 4 0.0000000000
3 3 10 737280.000000 0.00000024456483 3 -1.0000000000
3 3 11 811008.000000 0.00000006526381 3 -2.0000000000
3 3 12 884736.000000 0.00000001876321 3 -3.0000000000
3 3 13 958464.000000 0.00000000510713 4 -3.7500000000
3 3 14 1032192.000000 0.00000000139573 3 -4.7500000000
3 3 15 1105920.000000 0.00000000035113 3 -5.7500000000
3 3 16 1179648.000000 0.00000000008303 3 -6.7500000000
3 4 0 0.000000 0.08497156202793 0 6.0000000000
3 4 1 73728.000000 0.04041263088584 0 6.0000000000
3 4 2 147456.000000 0.00863850396127 5 5.5000000000
3 4 3 221184.000000 0.00281492830254 5 5.0000000000
3 4 4 294912.000000 0.00109058513772 4 4.2500000000
3 4 5 368640.000000 0.00042123207822 5 3.7500000000
3 4 6 442368.000000 0.00017175701214 4 3.0000000000
3 4 7 516096.000000 0.00005616494309 5 2.5000000000
3 4 8 589824.000000 0.00001784734013 3 1.5000000000
3 4 9 663552.000000 0.00000506782408 4 0.7500000000
3 4 10 737280.000000 0.00000140848636 3 -0.2500000000
3 4 11 811008.000000 0.00000044352976 4 -1.0000000000
3 4 12 884736.000000 0.00000010702145 3 -2.0000000000
3 4 13 958464.000000 0.00000002638506 3 -3.0000000000
3 4 14 1032192.000000 0.00000000707189 3 -4.0000000000
3 4 15 1105920.000000 0.00000000168985 3 -5.0000000000
3 4 16 1179648.000000 0.00000000042284 3 -6.0000000000
3 5 0 0.000000 0.37958273291588 0 7.0000000000
3 5 1 73728.000000 0.19695094227791 0 7.0000000000
3 5 2 147456.000000 0.03659322485328 4 6.2500000000
3 5 3 221184.000000 0.01721518486738 5 5.7500000000
3 5 4 294912.000000 0.00883984100074 3 4.7500000000
3 5 5 368640.000000 0.00257868692279 7 4.7500000000
3 5 6 442368.000000 0.00084587233141 4 4.0000000000
3 5 7 516096.000000 0.00030360842356 4 3.2500000000
3 5 8 589824.000000 0.00008745612286 3 2.2500000000
3 5 9 663552.000000 0.00002290488192 4 1.5000000000
3 5 10 737280.000000 0.00000584154441 3 0.5000000000
3 5 11 811008.000000 0.00000132459832 3 -0.5000000000
3 5 12 884736.000000 0.00000037285068 3 -1.5000000000
3 5 13 958464.000000 0.00000008527815 3 -2.5000000000
3 5 14 1032192.000000 0.00000002241777 3 -3.5000000000
3 5 15 1105920.000000 0.00000000562015 3 -4.5000000000
3 5 16 1179648.000000 0.00000000146029 3 -5.5000000000
3 6 0 0.000000 0.00314447144046 0 5.0000000000
3 6 1 73728.000000 0.00177359464578 0 5.0000000000
3 6 2 147456.000000 0.00048759335186 4 4.2500000000
3 6 3 221184.000000 0.00019407559012 4 3.5000000000
3 6 4 294912.000000 0.00007978338544 5 3.0000000000
3 6 5 368640.000000 0.00003638573980 4 2.2500000000
3 6 6 442368.000000 0.00001762345710 4 1.5000000000
3 6 7 516096.000000 0.00000839740733 5 1.0000000000
3 6 8 589824.000000 0.00000347478931 6 0.7500000000
3 6 9 663552.000000 0.00000101283899 4 0.0000000000
3 6 10 737280.000000 0.00000032355712 4 -0.7500000000
3 6 11 811008.000000 0.00000009701899 3 -1.7500000000
3 6 12 884736.000000 0.00000002087734 3 -2.7500000000
3 6 13 958464.000000 0.00000000550601 3 -3.7500000000
3 6 14 1032192.000000 0.00000000135524 3 -4.7500000000
3 6 15 1105920.000000 0.00000000035053 3 -5.7500000000
3 6 16 1179648.000000 0.00000000008816 3 -6.7500000000
3 7 0 0.000000 0.07780083268881 0 6.0000000000
3 7 1 73728.000000 0.04553904384375 0 6.0000000000
3 7 2 147456.000000 0.00805904157460 6 5.7500000000
3 7 3 221184.000000 0.00267730932683 4 5.0000000000
3 7 4 294912.000000 0.00105802714825 4 4.2500000000
3 7 5 368640.000000 0.00048371640150 5 3.7500000000
3 7 6 442368.000000 0.00017222591850 4 3.0000000000
3 7 7 516096.000000 0.00005717328168 4 2.2500000000
3 7 8 589824.000000 0.00001724213871 4 1.5000000000
3 7 9 663552.000000 0.00000472092370 4 0.7500000000
3 7 10 737280.000000 0.00000122322251 3 -0.2500000000
3 7 11 811008.000000 0.00000030400352 3 -1.2500000000
3 7 12 884736.000000 0.00000008011038 3 -2.2500000000
3 7 13 958464.000000 0.00000001970358 3 -3.2500000000
3 7 14 1032192.000000 0.00000000440949 3 -4.2500000000
3 7 15 1105920.000000 0.00000000129820 3 -5.2500000000
3 7 16 1179648.000000 0.00000000030355 3 -6.2500000000
3 8 0 0.000000 3.32472634315491 0 8.0000000000
3 8 1 73728.000000 1.85988235473633 0 8.0000000000
3 8 2 147456.000000 0.25410512089729 3 7.0000000000
3 8 3 221184.000000 0.11103191226721 5 6.5000000000
3 8 4 294912.000000 0.04732052236795 3 5.5000000000
3 8 5 368640.000000 0.01961104571819 7 5.5000000000
3 8 6 442368.000000 0.00860846228898 4 4.7500000000
3 8 7 516096.000000 0.00313487788662 5 4.2500000000
3 8 8 589824.000000 0.00110444671009 4 3.5000000000
3 8 9 663552.000000 0.00030740947113 4 2.7500000000
3 8 10 737280.000000 0.00008316864842 3 1.7500000000
3 8 11 811008.000000 0.00002711665002 3 0.7500000000
3 8 12 884736.000000 0.00000735117146 4 0.0000000000
3 8 13 958464.000000 0.00000166728114 3 -1.0000000000
3 8 14 1032192.000000 0.00000058812526 3 -2.0000000000
3 8 15 1105920.000000 0.00000012062448 3 -3.0000000000
3 8 16 1179648.000000 0.00000003152977 3 -4.0000000000
