2 0 0 0.000000 0.00020012764435 0 4.0000000000
2 0 1 98304.000000 0.00012507679639 0 4.0000000000
2 0 2 196608.000000 0.00003126036609 4 3.2500000000
2 0 3 294912.000000 0.00001260337012 4 2.5000000000
2 0 4 393216.000000 0.00000517606031 5 2.0000000000
2 0 5 491520.000000 0.00000229524858 4 1.2500000000
2 0 6 589824.000000 0.00000103955244 5 0.7500000000
2 0 7 688128.000000 0.00000043570455 4 0.0000000000
2 0 8 786432.000000 0.00000016947396 5 -0.5000000000
2 0 9 884736.000000 0.00000005899234 4 -1.2500000000
2 0 10 983040.000000 0.00000001659531 4 -2.0000000000
2 0 11 1081344.000000 0.00000000411164 3 -3.0000000000
2 0 12 1179648.000000 0.00000000107960 3 -4.0000000000
2 0 13 1277952.000000 0.00000000026334 3 -5.0000000000
2 0 14 1376256.000000 0.00000000009304 4 -5.7500000000
2 0 15 1474560.000000 0.00000000002323 3 -6.7500000000
2 0 16 1572864.000000 0.00000000000636 3 -7.7500000000
2 1 0 0.000000 0.01966219395399 0 6.0000000000
2 1 1 98304.000000 0.00980154518038 1 6.2500000000
2 1 2 196608.000000 0.00286118662916 5 5.7500000000
2 1 3 294912.000000 0.00108462956268 4 5.0000000000
2 1 4 393216.000000 0.00048977287952 5 4.5000000000
2 1 5 491520.000000 0.00020065072749 5 4.0000000000
2 1 6 589824.000000 0.00008907831943 4 3.2500000000
2 1 7 688128.000000 0.00003389341509 5 2.7500000000
2 1 8 786432.000000 0.00001171219265 4 2.0000000000
2 1 9 884736.000000 0.00000307808318 3 1.0000000000
2 1 10 983040.000000 0.00000093546134 4 0.2500000000
2 1 11 1081344.000000 0.00000026343113 3 -0.7500000000
2 1 12 1179648.000000 0.00000006646699 3 -1.7500000000
2 1 13 1277952.000000 0.00000002256501 4 -2.5000000000
2 1 14 1376256.000000 0.00000000582028 3 -3.5000000000
2 1 15 1474560.000000 0.00000000134291 3 -4.5000000000
2 1 16 1572864.000000 0.00000000032629 3 -5.5000000000
2 2 0 0.000000 0.40892288088799 0 8.0000000000
2 2 1 98304.000000 0.19429367780685 0 8.0000000000
2 2 2 196608.000000 0.04757109284401 4 7.2500000000
2 2 3 294912.000000 0.01743300072849 4 6.5000000000
2 2 4 393216.000000 0.00764281256124 6 6.2500000000
2 2 5 491520.000000 0.00350520410575 5 5.7500000000
2 2 6 589824.000000 0.00121798715554 4 5.0000000000
2 2 7 688128.000000 0.00038331025280 4 4.2500000000
2 2 8 786432.000000 0.00011914166680 3 3.2500000000
2 2 9 884736.000000 0.00003323058991 4 2.5000000000
2 2 10 983040.000000 0.00000898444523 3 1.5000000000
2 2 11 1081344.000000 0.00000212828513 3 0.5000000000
2 2 12 1179648.000000 0.00000053771913 3 -0.5000000000
2 2 13 1277952.000000 0.00000012828031 3 -1.5000000000
2 2 14 1376256.000000 0.00000003191049 3 -2.5000000000
2 2 15 1474560.000000 0.00000000789260 3 -3.5000000000
2 2 16 1572864.000000 0.00000000216767 3 -4.5000000000
2 3 0 0.000000 0.00279920082539 0 5.0000000000
2 3 1 98304.000000 0.00141081877518 0 5.0000000000
2 3 2 196608.000000 0.00038082152605 6 4.7500000000
2 3 3 294912.000000 0.00014847476268 5 4.2500000000
2 3 4 393216.000000 0.00005560324280 4 3.5000000000
2 3 5 491520.000000 0.00002349380884 5 3.0000000000
2 3 6 589824.000000 0.00001003253328 3 2.0000000000
2 3 7 688128.000000 0.00000353805126 5 1.5000000000
2 3 8 786432.000000 0.00000118094204 4 0.7500000000
2 3 9 884736.000000 0.00000036494151 4 0.0000000000
2 3 10 983040.000000 0.00000011168687 3 -1.0000000000
2 3 11 1081344.000000 0.00000003798431 4 -1.7500000000
2 3 12 1179648.000000 0.00000000858954 3 -2.7500000000
2 3 13 1277952.000000 0.00000000195285 3 -3.7500000000
2 3 14 1376256.000000 0.00000000051574 3 -4.7500000000
2 3 15 1474560.000000 0.00000000013957 3 -5.7500000000
2 3 16 1572864.000000 0.00000000003922 3 -6.7500000000
2 4 0 0.000000 0.06118873879313 0 7.0000000000
2 4 1 98304.000000 0.03256842121482 0 7.0000000000
2 4 2 196608.000000 0.00687360856682 4 6.2500000000
2 4 3 294912.000000 0.00262488704175 5 5.7500000000
2 4 4 393216.000000 0.00111060321797 4 5.0000000000
2 4 5 491520.000000 0.00052013510140 5 4.5000000000
2 4 6 589824.000000 0.00025494687725 5 4.0000000000
2 4 7 688128.000000 0.00010511490837 5 3.5000000000
2 4 8 786432.000000 0.00004076541882 4 2.7500000000
2 4 9 884736.000000 0.00001270290340 5 2.2500000000
2 4 10 983040.000000 0.00000327908606 3 1.2500000000
2 4 11 1081344.000000 0.00000079201214 3 0.2500000000
2 4 12 1179648.000000 0.00000020608307 3 -0.7500000000
2 4 13 1277952.000000 0.00000005415876 3 -1.7500000000
2 4 14 1376256.000000 0.00000001250318 3 -2.7500000000
2 4 15 1474560.000000 0.00000000299796 3 -3.7500000000
2 4 16 1572864.000000 0.00000000084386 3 -4.7500000000
2 5 0 0.000000 0.34282797574997 0 8.0000000000
2 5 1 98304.000000 0.16543726623058 0 8.0000000000
2 5 2 196608.000000 0.03312296047807 4 7.2500000000
2 5 3 294912.000000 0.01327019371092 4 6.5000000000
2 5 4 393216.000000 0.00463823275641 4 5.7500000000
2 5 5 491520.000000 0.00193932664115 5 5.2500000000
2 5 6 589824.000000 0.00073305540718 4 4.5000000000
2 5 7 688128.000000 0.00025248568272 4 3.7500000000
2 5 8 786432.000000 0.00007427563833 4 3.0000000000
2 5 9 884736.000000 0.00002233421583 4 2.2500000000
2 5 10 983040.000000 0.00000522795744 3 1.2500000000
2 5 11 1081344.000000 0.00000161488549 3 0.2500000000
2 5 12 1179648.000000 0.00000039540254 3 -0.7500000000
2 5 13 1277952.000000 0.00000008953015 3 -1.7500000000
2 5 14 1376256.000000 0.00000002754655 3 -2.7500000000
2 5 15 1474560.000000 0.00000000801197 4 -3.5000000000
2 5 16 1572864.000000 0.00000000202957 3 -4.5000000000
2 6 0 0.000000 0.00342781119980 0 5.0000000000
2 6 1 98304.000000 0.00168026704341 0 5.0000000000
2 6 2 196608.000000 0.00036514853127 6 4.7500000000
2 6 3 294912.000000 0.00012270538718 4 4.0000000000
2 6 4 393216.000000 0.00004570646706 4 3.2500000000
2 6 5 491520.000000 0.00001705047180 5 2.7500000000
2 6 6 589824.000000 0.00000720292928 3 1.7500000000
2 6 7 688128.000000 0.00000208021243 4 1.0000000000
2 6 8 786432.000000 0.00000064619894 4 0.2500000000
2 6 9 884736.000000 0.00000021580402 4 -0.5000000000
2 6 10 983040.000000 0.00000006721945 3 -1.5000000000
2 6 11 1081344.000000 0.00000001664536 4 -2.2500000000
2 6 12 1179648.000000 0.00000000460599 3 -3.2500000000
2 6 13 1277952.000000 0.00000000102154 3 -4.2500000000
2 6 14 1376256.000000 0.00000000027785 3 -5.2500000000
2 6 15 1474560.000000 0.00000000006919 3 -6.2500000000
2 6 16 1572864.000000 0.00000000001786 3 -7.2500000000
2 7 0 0.000000 0.06182125583291 0 7.0000000000
2 7 1 98304.000000 0.03241488337517 0 7.0000000000
2 7 2 196608.000000 0.00645807664841 4 6.2500000000
2 7 3 294912.000000 0.00239174370654 5 5.7500000000
2 7 4 393216.000000 0.00096276524710 4 5.0000000000
2 7 5 491520.000000 0.00045465244330 4 4.2500000000
2 7 6 589824.000000 0.00020419224165 5 3.7500000000
2 7 7 688128.000000 0.00006523581396 5 3.2500000000
2 7 8 786432.000000 0.00002189994302 4 2.5000000000
2 7 9 884736.000000 0.00000612207123 3 1.5000000000
2 7 10 983040.000000 0.00000176731874 4 0.7500000000
2 7 11 1081344.000000 0.00000046301409 3 -0.2500000000
2 7 12 1179648.000000 0.00000011474415 3 -1.2500000000
2 7 13 1277952.000000 0.00000002739380 3 -2.2500000000
2 7 14 1376256.000000 0.00000000735438 3 -3.2500000000
2 7 15 1474560.000000 0.00000000188783 3 -4.2500000000
2 7 16 1572864.000000 0.00000000048162 3 -5.2500000000
2 8 0 0.000000 4.26485919952393 0 9.0000000000
2 8 1 98304.000000 3.29389190673828 1 9.2500000000
2 8 2 196608.000000 0.50051295757294 2 8.0000000000
2 8 3 294912.000000 0.17495265603065 5 7.5000000000
2 8 4 393216.000000 0.06860771775246 5 7.0000000000
2 8 5 491520.000000 0.02700437419116 5 6.5000000000
2 8 6 589824.000000 0.01048960722983 4 5.7500000000
2 8 7 688128.000000 0.00388115784153 5 5.2500000000
2 8 8 786432.000000 0.00128402712289 3 4.2500000000
2 8 9 884736.000000 0.00039774566540 4 3.5000000000
2 8 10 983040.000000 0.00010641905101 4 2.7500000000
2 8 11 1081344.000000 0.00002976959513 3 1.7500000000
2 8 12 1179648.000000 0.00000637721223 3 0.7500000000
2 8 13 1277952.000000 0.00000171124350 3 -0.2500000000
2 8 14 1376256.000000 0.00000046880544 3 -1.2500000000
2 8 15 1474560.000000 0.00000009940787 3 -2.2500000000
2 8 16 1572864.000000 0.00000002803145 3 -3.2500000000
