4 0 0 0.000000 0.00162461888976 0 3.0000000000
4 0 1 49152.000000 0.00100323650986 0 3.0000000000
4 0 2 98304.000000 0.00027215023874 4 2.2500000000
4 0 3 147456.000000 0.00010404657223 3 1.2500000000
4 0 4 196608.000000 0.00004842564886 6 1.0000000000
4 0 5 245760.000000 0.00002248232886 4 0.2500000000
4 0 6 294912.000000 0.00000930885290 5 -0.2500000000
4 0 7 344064.000000 0.00000351689300 5 -0.7500000000
4 0 8 393216.000000 0.00000097275858 3 -1.7500000000
4 0 9 442368.000000 0.00000026871280 4 -2.5000000000
4 0 10 491520.000000 0.00000006926444 3 -3.5000000000
4 0 11 540672.000000 0.00000001806945 3 -4.5000000000
4 0 12 589824.000000 0.00000000434401 3 -5.5000000000
4 0 13 638976.000000 0.00000000103374 3 -6.5000000000
4 0 14 688128.000000 0.00000000027482 3 -7.5000000000
4 0 15 737280.000000 0.00000000007470 3 -8.5000000000
4 0 16 786432.000000 0.00000000001968 3 -9.5000000000
4 1 0 0.000000 0.01440014876425 0 4.0000000000
4 1 1 49152.000000 0.00699830148369 0 4.0000000000
4 1 2 98304.000000 0.00174066133332 4 3.2500000000
4 1 3 147456.000000 0.00073429697659 5 2.7500000000
4 1 4 196608.000000 0.00026377724134 3 1.7500000000
4 1 5 245760.000000 0.00009067406791 6 1.5000000000
4 1 6 294912.000000 0.00003220623330 4 0.7500000000
4 1 7 344064.000000 0.00001003638408 4 0.0000000000
4 1 8 393216.000000 0.00000310437144 3 -1.0000000000
4 1 9 442368.000000 0.00000095809719 3 -2.0000000000
4 1 10 491520.000000 0.00000025864665 4 -2.7500000000
4 1 11 540672.000000 0.00000008060602 3 -3.7500000000
4 1 12 589824.000000 0.00000002450337 4 -4.5000000000
4 1 13 638976.000000 0.00000000565080 3 -5.5000000000
4 1 14 688128.000000 0.00000000132254 3 -6.5000000000
4 1 15 737280.000000 0.00000000032729 3 -7.5000000000
4 1 16 786432.000000 0.00000000008229 3 -8.5000000000
4 2 0 0.000000 0.16426163911819 0 5.0000000000
4 2 1 49152.000000 0.07079385966063 0 5.0000000000
4 2 2 98304.000000 0.01465898845345 6 4.7500000000
4 2 3 147456.000000 0.00511138373986 4 4.0000000000
4 2 4 196608.000000 0.00173941894900 4 3.2500000000
4 2 5 245760.000000 0.00064276036574 4 2.5000000000
4 2 6 294912.000000 0.00019153991889 4 1.7500000000
4 2 7 344064.000000 0.00007036242459 4 1.0000000000
4 2 8 393216.000000 0.00002258913082 4 0.2500000000
4 2 9 442368.000000 0.00000661725653 3 -0.7500000000
4 2 10 491520.000000 0.00000184650207 4 -1.5000000000
4 2 11 540672.000000 0.00000057060697 3 -2.5000000000
4 2 12 589824.000000 0.00000015737942 4 -3.2500000000
4 2 13 638976.000000 0.00000003985659 3 -4.2500000000
4 2 14 688128.000000 0.00000000962838 3 -5.2500000000
4 2 15 737280.000000 0.00000000240405 3 -6.2500000000
4 2 16 786432.000000 0.00000000064999 3 -7.2500000000
4 3 0 0.000000 0.00268753548153 0 3.0000000000
4 3 1 49152.000000 0.00138568202965 1 3.2500000000
4 3 2 98304.000000 0.00042085823952 4 2.5000000000
4 3 3 147456.000000 0.00016351160593 3 1.5000000000
4 3 4 196608.000000 0.00006824608136 5 1.0000000000
4 3 5 245760.000000 0.00002273567952 5 0.5000000000
4 3 6 294912.000000 0.00000894510049 4 -0.2500000000
4 3 7 344064.000000 0.00000298330701 4 -1.0000000000
4 3 8 393216.000000 0.00000083149905 4 -1.7500000000
4 3 9 442368.000000 0.00000022686638 3 -2.7500000000
4 3 10 491520.000000 0.00000006798872 3 -3.7500000000
4 3 11 540672.000000 0.00000001897613 4 -4.5000000000
4 3 12 589824.000000 0.00000000447901 3 -5.5000000000
4 3 13 638976.000000 0.00000000125535 3 -6.5000000000
4 3 14 688128.000000 0.00000000029224 3 -7.5000000000
4 3 15 737280.000000 0.00000000006801 3 -8.5000000000
4 3 16 786432.000000 0.00000000001747 3 -9.5000000000
4 4 0 0.000000 0.06472738087177 0 4.0000000000
4 4 1 49152.000000 0.03093506023288 2 4.5000000000
4 4 2 98304.000000 0.00609032902867 6 4.2500000000
4 4 3 147456.000000 0.00192642351612 3 3.2500000000
4 4 4 196608.000000 0.00086820730940 4 2.5000000000
4 4 5 245760.000000 0.00043648009887 6 2.2500000000
4 4 6 294912.000000 0.00021188732353 4 1.5000000000
4 4 7 344064.000000 0.00006982632476 5 1.0000000000
4 4 8 393216.000000 0.00002180617412 4 0.2500000000
4 4 9 442368.000000 0.00000504397985 3 -0.7500000000
4 4 10 491520.000000 0.00000165800441 4 -1.5000000000
4 4 11 540672.000000 0.00000039644445 3 -2.5000000000
4 4 12 589824.000000 0.00000010728523 3 -3.5000000000
4 4 13 638976.000000 0.00000002371168 3 -4.5000000000
4 4 14 688128.000000 0.00000000668094 3 -5.5000000000
4 4 15 737280.000000 0.00000000162679 3 -6.5000000000
4 4 16 786432.000000 0.00000000039346 3 -7.5000000000
4 5 0 0.000000 0.15178844332695 0 5.0000000000
4 5 1 49152.000000 0.06535897403955 0 5.0000000000
4 5 2 98304.000000 0.01302628871053 5 4.5000000000
4 5 3 147456.000000 0.00472357682884 4 3.7500000000
4 5 4 196608.000000 0.00161639740691 5 3.2500000000
4 5 5 245760.000000 0.00059543683892 4 2.5000000000
4 5 6 294912.000000 0.00018717195780 4 1.7500000000
4 5 7 344064.000000 0.00005869426241 4 1.0000000000
4 5 8 393216.000000 0.00001755958328 4 0.2500000000
4 5 9 442368.000000 0.00000474533635 3 -0.7500000000
4 5 10 491520.000000 0.00000114789145 3 -1.7500000000
4 5 11 540672.000000 0.00000033486887 3 -2.7500000000
4 5 12 589824.000000 0.00000008642144 3 -3.7500000000
4 5 13 638976.000000 0.00000002579355 3 -4.7500000000
4 5 14 688128.000000 0.00000000756006 4 -5.5000000000
4 5 15 737280.000000 0.00000000182543 3 -6.5000000000
4 5 16 786432.000000 0.00000000045183 3 -7.5000000000
4 6 0 0.000000 0.00253651267849 0 3.0000000000
4 6 1 49152.000000 0.00134013278875 0 3.0000000000
4 6 2 98304.000000 0.00041751944809 5 2.5000000000
4 6 3 147456.000000 0.00017543474678 3 1.5000000000
4 6 4 196608.000000 0.00007649360487 6 1.2500000000
4 6 5 245760.000000 0.00003139412001 5 0.7500000000
4 6 6 294912.000000 0.00001156414146 4 0.0000000000
4 6 7 344064.000000 0.00000367536359 4 -0.7500000000
4 6 8 393216.000000 0.00000119371805 4 -1.5000000000
4 6 9 442368.000000 0.00000029174649 3 -2.5000000000
4 6 10 491520.000000 0.00000007889626 3 -3.5000000000
4 6 11 540672.000000 0.00000002040026 3 -4.5000000000
4 6 12 589824.000000 0.00000000667206 4 -5.2500000000
4 6 13 638976.000000 0.00000000173866 3 -6.2500000000
4 6 14 688128.000000 0.00000000038718 3 -7.2500000000
4 6 15 737280.000000 0.00000000009570 3 -8.2500000000
4 6 16 786432.000000 0.00000000002508 3 -9.2500000000
4 7 0 0.000000 0.04448547214270 0 4.0000000000
4 7 1 49152.000000 0.02298996597528 2 4.5000000000
4 7 2 98304.000000 0.00448481086642 6 4.2500000000
4 7 3 147456.000000 0.00144063716289 3 3.2500000000
4 7 4 196608.000000 0.00046701802057 4 2.5000000000
4 7 5 245760.000000 0.00016389483062 3 1.5000000000
4 7 6 294912.000000 0.00005731092097 4 0.7500000000
4 7 7 344064.000000 0.00001891970533 4 0.0000000000
4 7 8 393216.000000 0.00000718740284 5 -0.5000000000
4 7 9 442368.000000 0.00000226748239 3 -1.5000000000
4 7 10 491520.000000 0.00000057194325 4 -2.2500000000
4 7 11 540672.000000 0.00000017527562 3 -3.2500000000
4 7 12 589824.000000 0.00000005007158 4 -4.0000000000
4 7 13 638976.000000 0.00000001348007 3 -5.0000000000
4 7 14 688128.000000 0.00000000307679 3 -6.0000000000
4 7 15 737280.000000 0.00000000076197 3 -7.0000000000
4 7 16 786432.000000 0.00000000018786 3 -8.0000000000
4 8 0 0.000000 4.64685058593750 0 7.0000000000
4 8 1 49152.000000 3.90565633773804 0 7.0000000000
4 8 2 98304.000000 0.46299108862877 4 6.2500000000
4 8 3 147456.000000 0.11276598274708 5 5.7500000000
4 8 4 196608.000000 0.03808737546206 4 5.0000000000
4 8 5 245760.000000 0.01129307225347 4 4.2500000000
4 8 6 294912.000000 0.00390165066347 4 3.5000000000
4 8 7 344064.000000 0.00132876890711 3 2.5000000000
4 8 8 393216.000000 0.00051802198868 5 2.0000000000
4 8 9 442368.000000 0.00015475653345 4 1.2500000000
4 8 10 491520.000000 0.00004893808000 3 0.2500000000
4 8 11 540672.000000 0.00001452777178 4 -0.5000000000
4 8 12 589824.000000 0.00000327829935 3 -1.5000000000
4 8 13 638976.000000 0.00000083847516 3 -2.5000000000
4 8 14 688128.000000 0.00000021981241 3 -3.5000000000
4 8 15 737280.000000 0.00000006306423 3 -4.5000000000
4 8 16 786432.000000 0.00000001957795 4 -5.2500000000
