1 0 0 0.000000 0.00005537403558 0 4.0000000000
1 0 1 12288.000000 0.00003728494266 0 4.0000000000
1 0 2 24576.000000 0.00001387641987 4 3.2500000000
1 0 3 36864.000000 0.00000703630349 3 2.2500000000
1 0 4 49152.000000 0.00000288307251 6 2.0000000000
1 0 5 61440.000000 0.00000124024439 4 1.2500000000
1 0 6 73728.000000 0.00000050872910 4 0.5000000000
1 0 7 86016.000000 0.00000018060021 5 0.0000000000
1 0 8 98304.000000 0.00000006331496 3 -1.0000000000
1 0 9 110592.000000 0.00000001540636 4 -1.7500000000
1 0 10 122880.000000 0.00000000500487 3 -2.7500000000
1 0 11 135168.000000 0.00000000135725 4 -3.5000000000
1 0 12 147456.000000 0.00000000033878 3 -4.5000000000
1 0 13 159744.000000 0.00000000008947 3 -5.5000000000
1 0 14 172032.000000 0.00000000002215 3 -6.5000000000
1 0 15 184320.000000 0.00000000000666 3 -7.5000000000
1 0 16 196608.000000 0.00000000000237 3 -8.5000000000
1 1 0 0.000000 0.00028461462352 0 5.0000000000
1 1 1 12288.000000 0.00017285160720 0 5.0000000000
1 1 2 24576.000000 0.00006246293196 4 4.2500000000
1 1 3 36864.000000 0.00003039090916 5 3.7500000000
1 1 4 49152.000000 0.00001450642958 4 3.0000000000
1 1 5 61440.000000 0.00000594152698 5 2.5000000000
1 1 6 73728.000000 0.00000261844730 4 1.7500000000
1 1 7 86016.000000 0.00000109907648 6 1.5000000000
1 1 8 98304.000000 0.00000032500463 4 0.7500000000
1 1 9 110592.000000 0.00000010136591 3 -0.2500000000
1 1 10 122880.000000 0.00000002711113 4 -1.0000000000
1 1 11 135168.000000 0.00000000693576 3 -2.0000000000
1 1 12 147456.000000 0.00000000172972 3 -3.0000000000
1 1 13 159744.000000 0.00000000043865 3 -4.0000000000
1 1 14 172032.000000 0.00000000010997 3 -5.0000000000
1 1 15 184320.000000 0.00000000002907 3 -6.0000000000
1 1 16 196608.000000 0.00000000000855 3 -7.0000000000
1 2 0 0.000000 0.00363391847350 0 6.0000000000
1 2 1 12288.000000 0.00184407841880 1 6.2500000000
1 2 2 24576.000000 0.00049434625544 7 6.2500000000
1 2 3 36864.000000 0.00018235879543 4 5.5000000000
1 2 4 49152.000000 0.00006119628233 3 4.5000000000
1 2 5 61440.000000 0.00001954096842 4 3.7500000000
1 2 6 73728.000000 0.00000631646162 3 2.7500000000
1 2 7 86016.000000 0.00000196259680 4 2.0000000000
1 2 8 98304.000000 0.00000055568910 3 1.0000000000
1 2 9 110592.000000 0.00000014750694 4 0.2500000000
1 2 10 122880.000000 0.00000003611153 3 -0.7500000000
1 2 11 135168.000000 0.00000000875756 3 -1.7500000000
1 2 12 147456.000000 0.00000000216787 3 -2.7500000000
1 2 13 159744.000000 0.00000000054394 3 -3.7500000000
1 2 14 172032.000000 0.00000000015467 3 -4.7500000000
1 2 15 184320.000000 0.00000000003495 3 -5.7500000000
1 2 16 196608.000000 0.00000000000991 3 -6.7500000000
1 3 0 0.000000 0.01692567393184 0 7.0000000000
1 3 1 12288.000000 0.00823047012091 1 7.2500000000
1 3 2 24576.000000 0.00182763126213 6 7.0000000000
1 3 3 36864.000000 0.00066478271037 4 6.2500000000
1 3 4 49152.000000 0.00032726928475 4 5.5000000000
1 3 5 61440.000000 0.00012669555144 5 5.0000000000
1 3 6 73728.000000 0.00003842289516 4 4.2500000000
1 3 7 86016.000000 0.00001305378919 4 3.5000000000
1 3 8 98304.000000 0.00000348025537 3 2.5000000000
1 3 9 110592.000000 0.00000104229275 4 1.7500000000
1 3 10 122880.000000 0.00000026077214 3 0.7500000000
1 3 11 135168.000000 0.00000007342624 3 -0.2500000000
1 3 12 147456.000000 0.00000001642088 3 -1.2500000000
1 3 13 159744.000000 0.00000000407193 3 -2.2500000000
1 3 14 172032.000000 0.00000000110090 3 -3.2500000000
1 3 15 184320.000000 0.00000000026948 3 -4.2500000000
1 3 16 196608.000000 0.00000000006656 3 -5.2500000000
1 4 0 0.000000 0.15614636242390 0 9.0000000000
1 4 1 12288.000000 0.06277410686016 0 9.0000000000
1 4 2 24576.000000 0.01299839466810 4 8.2500000000
1 4 3 36864.000000 0.00369757041335 4 7.5000000000
1 4 4 49152.000000 0.00126856099814 4 6.7500000000
1 4 5 61440.000000 0.00048204881023 5 6.2500000000
1 4 6 73728.000000 0.00017788470723 3 5.2500000000
1 4 7 86016.000000 0.00005330969361 5 4.7500000000
1 4 8 98304.000000 0.00001324171626 3 3.7500000000
1 4 9 110592.000000 0.00000431361696 3 2.7500000000
1 4 10 122880.000000 0.00000116980459 4 2.0000000000
1 4 11 135168.000000 0.00000028104822 3 1.0000000000
1 4 12 147456.000000 0.00000007071386 3 0.0000000000
1 4 13 159744.000000 0.00000001712788 3 -1.0000000000
1 4 14 172032.000000 0.00000000476365 3 -2.0000000000
1 4 15 184320.000000 0.00000000113451 3 -3.0000000000
1 4 16 196608.000000 0.00000000029041 3 -4.0000000000
1 5 0 0.000000 0.00005775223690 0 4.0000000000
1 5 1 12288.000000 0.00003692302562 0 4.0000000000
1 5 2 24576.000000 0.00001436952607 4 3.2500000000
1 5 3 36864.000000 0.00000657349483 5 2.7500000000
1 5 4 49152.000000 0.00000259648778 3 1.7500000000
1 5 5 61440.000000 0.00000113561646 5 1.2500000000
1 5 6 73728.000000 0.00000041234131 4 0.5000000000
1 5 7 86016.000000 0.00000014146106 5 0.0000000000
1 5 8 98304.000000 0.00000003659367 3 -1.0000000000
1 5 9 110592.000000 0.00000001120590 3 -2.0000000000
1 5 10 122880.000000 0.00000000293463 4 -2.7500000000
1 5 11 135168.000000 0.00000000075090 3 -3.7500000000
1 5 12 147456.000000 0.00000000021999 3 -4.7500000000
1 5 13 159744.000000 0.00000000004867 3 -5.7500000000
1 5 14 172032.000000 0.00000000001259 3 -6.7500000000
1 5 15 184320.000000 0.00000000000409 3 -7.7500000000
1 5 16 196608.000000 0.00000000000173 3 -8.7500000000
1 6 0 0.000000 0.00075056502828 0 6.0000000000
1 6 1 12288.000000 0.00042177279829 0 6.0000000000
1 6 2 24576.000000 0.00014897287474 2 4.7500000000
1 6 3 36864.000000 0.00005079387483 5 4.2500000000
1 6 4 49152.000000 0.00002118902376 5 3.7500000000
1 6 5 61440.000000 0.00000671883117 3 2.7500000000
1 6 6 73728.000000 0.00000212203918 4 2.0000000000
1 6 7 86016.000000 0.00000063336154 4 1.2500000000
1 6 8 98304.000000 0.00000017301258 3 0.2500000000
1 6 9 110592.000000 0.00000005438471 4 -0.5000000000
1 6 10 122880.000000 0.00000001256127 3 -1.5000000000
1 6 11 135168.000000 0.00000000335944 3 -2.5000000000
1 6 12 147456.000000 0.00000000082287 3 -3.5000000000
1 6 13 159744.000000 0.00000000021111 3 -4.5000000000
1 6 14 172032.000000 0.00000000005450 3 -5.5000000000
1 6 15 184320.000000 0.00000000001359 3 -6.5000000000
1 6 16 196608.000000 0.00000000000438 3 -7.5000000000
1 7 0 0.000000 0.00319515075535 0 6.0000000000
1 7 1 12288.000000 0.00161232845858 2 6.5000000000
1 7 2 24576.000000 0.00043509711395 4 5.7500000000
1 7 3 36864.000000 0.00014137591643 5 5.2500000000
1 7 4 49152.000000 0.00005261984188 4 4.5000000000
1 7 5 61440.000000 0.00001861719647 3 3.5000000000
1 7 6 73728.000000 0.00000572171621 4 2.7500000000
1 7 7 86016.000000 0.00000185821443 4 2.0000000000
1 7 8 98304.000000 0.00000047795328 3 1.0000000000
1 7 9 110592.000000 0.00000013713799 4 0.2500000000
1 7 10 122880.000000 0.00000003216582 3 -0.7500000000
1 7 11 135168.000000 0.00000000836315 3 -1.7500000000
1 7 12 147456.000000 0.00000000222616 3 -2.7500000000
1 7 13 159744.000000 0.00000000055538 3 -3.7500000000
1 7 14 172032.000000 0.00000000013227 3 -4.7500000000
1 7 15 184320.000000 0.00000000003689 3 -5.7500000000
1 7 16 196608.000000 0.00000000000949 3 -6.7500000000
1 8 0 0.000000 0.01819360628724 0 7.0000000000
1 8 1 12288.000000 0.00902732182294 3 7.7500000000
1 8 2 24576.000000 0.00236660358496 4 7.0000000000
1 8 3 36864.000000 0.00083507073577 4 6.2500000000
1 8 4 49152.000000 0.00034516246524 5 5.7500000000
1 8 5 61440.000000 0.00012648303527 4 5.0000000000
1 8 6 73728.000000 0.00004344500121 4 4.2500000000
1 8 7 86016.000000 0.00001235566015 4 3.5000000000
1 8 8 98304.000000 0.00000368665042 3 2.5000000000
1 8 9 110592.000000 0.00000106864388 3 1.5000000000
1 8 10 122880.000000 0.00000027875961 4 0.7500000000
1 8 11 135168.000000 0.00000006982475 3 -0.2500000000
1 8 12 147456.000000 0.00000001742788 3 -1.2500000000
1 8 13 159744.000000 0.00000000434379 3 -2.2500000000
1 8 14 172032.000000 0.00000000101106 3 -3.2500000000
1 8 15 184320.000000 0.00000000025439 3 -4.2500000000
1 8 16 196608.000000 0.00000000006199 3 -5.2500000000
1 9 0 0.000000 0.16203340888023 0 9.0000000000
1 9 1 12288.000000 0.05755114182830 0 9.0000000000
1 9 2 24576.000000 0.01521497219801 3 8.0000000000
1 9 3 36864.000000 0.00655383709818 6 7.7500000000
1 9 4 49152.000000 0.00301946769468 4 7.0000000000
1 9 5 61440.000000 0.00119248509873 5 6.5000000000
1 9 6 73728.000000 0.00049599929480 5 6.0000000000
1 9 7 86016.000000 0.00018416478997 5 5.5000000000
1 9 8 98304.000000 0.00004954272299 4 4.7500000000
1 9 9 110592.000000 0.00001340485778 3 3.7500000000
1 9 10 122880.000000 0.00000332756258 3 2.7500000000
1 9 11 135168.000000 0.00000081382518 3 1.7500000000
1 9 12 147456.000000 0.00000018833992 3 0.7500000000
1 9 13 159744.000000 0.00000005968535 3 -0.2500000000
1 9 14 172032.000000 0.00000001198195 3 -1.2500000000
1 9 15 184320.000000 0.00000000287534 3 -2.2500000000
1 9 16 196608.000000 0.00000000097804 3 -3.2500000000
1 10 0 0.000000 0.00006245538680 0 4.0000000000
1 10 1 12288.000000 0.00004098673890 0 4.0000000000
1 10 2 24576.000000 0.00001611640982 4 3.2500000000
1 10 3 36864.000000 0.00000640291682 5 2.7500000000
1 10 4 49152.000000 0.00000275933894 4 2.0000000000
1 10 5 61440.000000 0.00000110486212 4 1.2500000000
1 10 6 73728.000000 0.00000043847024 4 0.5000000000
1 10 7 86016.000000 0.00000018767744 5 0.0000000000
1 10 8 98304.000000 0.00000006102587 4 -0.7500000000
1 10 9 110592.000000 0.00000001780638 4 -1.5000000000
1 10 10 122880.000000 0.00000000463349 3 -2.5000000000
1 10 11 135168.000000 0.00000000130727 3 -3.5000000000
1 10 12 147456.000000 0.00000000039373 4 -4.2500000000
1 10 13 159744.000000 0.00000000009949 3 -5.2500000000
1 10 14 172032.000000 0.00000000002350 3 -6.2500000000
1 10 15 184320.000000 0.00000000000740 3 -7.2500000000
1 10 16 196608.000000 0.00000000000242 3 -8.2500000000
1 11 0 0.000000 0.00078608136391 0 6.0000000000
1 11 1 12288.000000 0.00048999174032 1 6.2500000000
1 11 2 24576.000000 0.00014189719514 2 5.0000000000
1 11 3 36864.000000 0.00005565258107 5 4.5000000000
1 11 4 49152.000000 0.00002218578629 4 3.7500000000
1 11 5 61440.000000 0.00000713023474 4 3.0000000000
1 11 6 73728.000000 0.00000237815493 4 2.2500000000
1 11 7 86016.000000 0.00000071172559 3 1.2500000000
1 11 8 98304.000000 0.00000021734496 4 0.5000000000
1 11 9 110592.000000 0.00000005542752 3 -0.5000000000
1 11 10 122880.000000 0.00000001257945 3 -1.5000000000
1 11 11 135168.000000 0.00000000327967 3 -2.5000000000
1 11 12 147456.000000 0.00000000078053 3 -3.5000000000
1 11 13 159744.000000 0.00000000020637 3 -4.5000000000
1 11 14 172032.000000 0.00000000005096 3 -5.5000000000
1 11 15 184320.000000 0.00000000001444 3 -6.5000000000
1 11 16 196608.000000 0.00000000000430 3 -7.5000000000
1 12 0 0.000000 0.01335285324603 0 7.0000000000
1 12 1 12288.000000 0.00625154003501 1 7.2500000000
1 12 2 24576.000000 0.00113008695189 3 6.2500000000
1 12 3 36864.000000 0.00029306663782 4 5.5000000000
1 12 4 49152.000000 0.00009566218068 4 4.7500000000
1 12 5 61440.000000 0.00003726581781 4 4.0000000000
1 12 6 73728.000000 0.00001268313372 4 3.2500000000
1 12 7 86016.000000 0.00000464262985 4 2.5000000000
1 12 8 98304.000000 0.00000134610059 4 1.7500000000
1 12 9 110592.000000 0.00000047887278 4 1.0000000000
1 12 10 122880.000000 0.00000011283183 3 0.0000000000
1 12 11 135168.000000 0.00000003512041 3 -1.0000000000
1 12 12 147456.000000 0.00000001039407 4 -1.7500000000
1 12 13 159744.000000 0.00000000251975 3 -2.7500000000
1 12 14 172032.000000 0.00000000064067 3 -3.7500000000
1 12 15 184320.000000 0.00000000015510 3 -4.7500000000
1 12 16 196608.000000 0.00000000004706 3 -5.7500000000
1 13 0 0.000000 0.01177601888776 0 8.0000000000
1 13 1 12288.000000 0.00619776966050 0 8.0000000000
1 13 2 24576.000000 0.00148054200690 3 7.0000000000
1 13 3 36864.000000 0.00059120287187 4 6.2500000000
1 13 4 49152.000000 0.00027842010604 5 5.7500000000
1 13 5 61440.000000 0.00012111483375 5 5.2500000000
1 13 6 73728.000000 0.00004674486627 4 4.5000000000
1 13 7 86016.000000 0.00001259126748 4 3.7500000000
1 13 8 98304.000000 0.00000387521141 4 3.0000000000
1 13 9 110592.000000 0.00000104738865 3 2.0000000000
1 13 10 122880.000000 0.00000025399598 3 1.0000000000
1 13 11 135168.000000 0.00000007426311 3 0.0000000000
1 13 12 147456.000000 0.00000002170121 4 -0.7500000000
1 13 13 159744.000000 0.00000000541204 3 -1.7500000000
1 13 14 172032.000000 0.00000000136634 3 -2.7500000000
1 13 15 184320.000000 0.00000000033300 3 -3.7500000000
1 13 16 196608.000000 0.00000000009242 3 -4.7500000000
1 14 0 0.000000 0.49924606084824 0 10.0000000000
1 14 1 12288.000000 0.19928236305714 0 10.0000000000
1 14 2 24576.000000 0.04705978929996 3 9.0000000000
1 14 3 36864.000000 0.01741370372474 5 8.5000000000
1 14 4 49152.000000 0.00857476983219 4 7.7500000000
1 14 5 61440.000000 0.00429640756920 4 7.0000000000
1 14 6 73728.000000 0.00124198978301 6 6.7500000000
1 14 7 86016.000000 0.00039480684791 4 6.0000000000
1 14 8 98304.000000 0.00009658403724 3 5.0000000000
1 14 9 110592.000000 0.00003464886322 4 4.2500000000
1 14 10 122880.000000 0.00000784908116 3 3.2500000000
1 14 11 135168.000000 0.00000195969574 3 2.2500000000
1 14 12 147456.000000 0.00000052005851 3 1.2500000000
1 14 13 159744.000000 0.00000011973306 3 0.2500000000
1 14 14 172032.000000 0.00000003018221 3 -0.7500000000
1 14 15 184320.000000 0.00000000846986 3 -1.7500000000
1 14 16 196608.000000 0.00000000200187 3 -2.7500000000
1 15 0 0.000000 0.00019752647495 0 5.0000000000
1 15 1 12288.000000 0.00012091871031 0 5.0000000000
1 15 2 24576.000000 0.00003691963138 3 4.0000000000
1 15 3 36864.000000 0.00001353918287 4 3.2500000000
1 15 4 49152.000000 0.00000543249371 4 2.5000000000
1 15 5 61440.000000 0.00000196259975 4 1.7500000000
1 15 6 73728.000000 0.00000072343352 5 1.2500000000
1 15 7 86016.000000 0.00000023012126 3 0.2500000000
1 15 8 98304.000000 0.00000006496256 4 -0.5000000000
1 15 9 110592.000000 0.00000001602564 3 -1.5000000000
1 15 10 122880.000000 0.00000000412831 3 -2.5000000000
1 15 11 135168.000000 0.00000000118440 3 -3.5000000000
1 15 12 147456.000000 0.00000000037262 4 -4.2500000000
1 15 13 159744.000000 0.00000000008956 3 -5.2500000000
1 15 14 172032.000000 0.00000000002401 3 -6.2500000000
1 15 15 184320.000000 0.00000000000676 3 -7.2500000000
1 15 16 196608.000000 0.00000000000230 3 -8.2500000000
1 16 0 0.000000 0.00108485529199 0 6.0000000000
1 16 1 12288.000000 0.00052444421453 1 6.2500000000
1 16 2 24576.000000 0.00016550879809 4 5.5000000000
1 16 3 36864.000000 0.00006608039985 3 4.5000000000
1 16 4 49152.000000 0.00002592943747 4 3.7500000000
1 16 5 61440.000000 0.00000881854248 5 3.2500000000
1 16 6 73728.000000 0.00000260358684 3 2.2500000000
1 16 7 86016.000000 0.00000088901686 4 1.5000000000
1 16 8 98304.000000 0.00000027180582 4 0.7500000000
1 16 9 110592.000000 0.00000006898464 3 -0.2500000000
1 16 10 122880.000000 0.00000001864104 3 -1.2500000000
1 16 11 135168.000000 0.00000000428331 3 -2.2500000000
1 16 12 147456.000000 0.00000000111731 3 -3.2500000000
1 16 13 159744.000000 0.00000000028134 3 -4.2500000000
1 16 14 172032.000000 0.00000000007560 3 -5.2500000000
1 16 15 184320.000000 0.00000000001809 3 -6.2500000000
1 16 16 196608.000000 0.00000000000537 3 -7.2500000000
1 17 0 0.000000 0.00400889990851 0 7.0000000000
1 17 1 12288.000000 0.00244282232597 1 7.2500000000
1 17 2 24576.000000 0.00070135795977 4 6.5000000000
1 17 3 36864.000000 0.00028797247796 4 5.7500000000
1 17 4 49152.000000 0.00015422549041 4 5.0000000000
1 17 5 61440.000000 0.00008174544200 5 4.5000000000
1 17 6 73728.000000 0.00003319255484 7 4.5000000000
1 17 7 86016.000000 0.00000999103668 4 3.7500000000
1 17 8 98304.000000 0.00000273628075 3 2.7500000000
1 17 9 110592.000000 0.00000072549386 3 1.7500000000
1 17 10 122880.000000 0.00000018030802 3 0.7500000000
1 17 11 135168.000000 0.00000006049058 4 0.0000000000
1 17 12 147456.000000 0.00000001539325 3 -1.0000000000
1 17 13 159744.000000 0.00000000357728 3 -2.0000000000
1 17 14 172032.000000 0.00000000105010 3 -3.0000000000
1 17 15 184320.000000 0.00000000023181 3 -4.0000000000
1 17 16 196608.000000 0.00000000006665 3 -5.0000000000
1 18 0 0.000000 0.01248484291136 0 8.0000000000
1 18 1 12288.000000 0.00618460960686 0 8.0000000000
1 18 2 24576.000000 0.00172798859421 3 7.0000000000
1 18 3 36864.000000 0.00055901147425 5 6.5000000000
1 18 4 49152.000000 0.00024116616987 4 5.7500000000
1 18 5 61440.000000 0.00010667934112 5 5.2500000000
1 18 6 73728.000000 0.00003998709872 4 4.5000000000
1 18 7 86016.000000 0.00001234816409 4 3.7500000000
1 18 8 98304.000000 0.00000310277483 4 3.0000000000
1 18 9 110592.000000 0.00000089553021 3 2.0000000000
1 18 10 122880.000000 0.00000026339131 3 1.0000000000
1 18 11 135168.000000 0.00000007673285 4 0.2500000000
1 18 12 147456.000000 0.00000001838506 3 -0.7500000000
1 18 13 159744.000000 0.00000000454736 3 -1.7500000000
1 18 14 172032.000000 0.00000000115414 3 -2.7500000000
1 18 15 184320.000000 0.00000000029026 3 -3.7500000000
1 18 16 196608.000000 0.00000000007020 3 -4.7500000000
1 19 0 0.000000 0.45317721366882 0 10.0000000000
1 19 1 12288.000000 0.18913184106350 1 10.2500000000
1 19 2 24576.000000 0.03434132412076 2 9.0000000000
1 19 3 36864.000000 0.01285103056580 4 8.2500000000
1 19 4 49152.000000 0.00524432212114 4 7.5000000000
1 19 5 61440.000000 0.00181082799099 5 7.0000000000
1 19 6 73728.000000 0.00069796724711 4 6.2500000000
1 19 7 86016.000000 0.00019417420845 4 5.5000000000
1 19 8 98304.000000 0.00006061407475 4 4.7500000000
1 19 9 110592.000000 0.00001709057142 3 3.7500000000
1 19 10 122880.000000 0.00000413167754 3 2.7500000000
1 19 11 135168.000000 0.00000096796498 3 1.7500000000
1 19 12 147456.000000 0.00000026090632 3 0.7500000000
1 19 13 159744.000000 0.00000006676580 3 -0.2500000000
1 19 14 172032.000000 0.00000001649593 3 -1.2500000000
1 19 15 184320.000000 0.00000000409096 3 -2.2500000000
1 19 16 196608.000000 0.00000000103684 3 -3.2500000000
1 20 0 0.000000 0.00027471568319 0 5.0000000000
1 20 1 12288.000000 0.00016642027185 0 5.0000000000
1 20 2 24576.000000 0.00005350189531 4 4.2500000000
1 20 3 36864.000000 0.00002214346569 5 3.7500000000
1 20 4 49152.000000 0.00001100568170 4 3.0000000000
1 20 5 61440.000000 0.00000429402007 5 2.5000000000
1 20 6 73728.000000 0.00000168095607 4 1.7500000000
1 20 7 86016.000000 0.00000069237569 4 1.0000000000
1 20 8 98304.000000 0.00000018952390 4 0.2500000000
1 20 9 110592.000000 0.00000005748227 4 -0.5000000000
1 20 10 122880.000000 0.00000001615042 3 -1.5000000000
1 20 11 135168.000000 0.00000000389247 3 -2.5000000000
1 20 12 147456.000000 0.00000000080690 3 -3.5000000000
1 20 13 159744.000000 0.00000000022502 3 -4.5000000000
1 20 14 172032.000000 0.00000000006195 3 -5.5000000000
1 20 15 184320.000000 0.00000000001501 3 -6.5000000000
1 20 16 196608.000000 0.00000000000454 3 -7.5000000000
1 21 0 0.000000 0.00101991160773 0 6.0000000000
1 21 1 12288.000000 0.00049605639651 0 6.0000000000
1 21 2 24576.000000 0.00016315541870 3 5.0000000000
1 21 3 36864.000000 0.00005629128282 5 4.5000000000
1 21 4 49152.000000 0.00002140356810 4 3.7500000000
1 21 5 61440.000000 0.00000847663978 4 3.0000000000
1 21 6 73728.000000 0.00000257617648 4 2.2500000000
1 21 7 86016.000000 0.00000079224930 4 1.5000000000
1 21 8 98304.000000 0.00000019806330 3 0.5000000000
1 21 9 110592.000000 0.00000004857583 3 -0.5000000000
1 21 10 122880.000000 0.00000001261122 3 -1.5000000000
1 21 11 135168.000000 0.00000000290564 3 -2.5000000000
1 21 12 147456.000000 0.00000000083718 3 -3.5000000000
1 21 13 159744.000000 0.00000000018562 3 -4.5000000000
1 21 14 172032.000000 0.00000000005120 3 -5.5000000000
1 21 15 184320.000000 0.00000000001391 3 -6.5000000000
1 21 16 196608.000000 0.00000000000385 3 -7.5000000000
1 22 0 0.000000 0.00440598465502 0 7.0000000000
1 22 1 12288.000000 0.00224021705799 0 7.0000000000
1 22 2 24576.000000 0.00068581342930 4 6.2500000000
1 22 3 36864.000000 0.00025649179588 5 5.7500000000
1 22 4 49152.000000 0.00010960527288 4 5.0000000000
1 22 5 61440.000000 0.00003858255513 4 4.2500000000
1 22 6 73728.000000 0.00001594857167 5 3.7500000000
1 22 7 86016.000000 0.00000585778753 4 3.0000000000
1 22 8 98304.000000 0.00000160106117 4 2.2500000000
1 22 9 110592.000000 0.00000050015456 4 1.5000000000
1 22 10 122880.000000 0.00000012146904 3 0.5000000000
1 22 11 135168.000000 0.00000003178914 3 -0.5000000000
1 22 12 147456.000000 0.00000000815246 3 -1.5000000000
1 22 13 159744.000000 0.00000000214772 3 -2.5000000000
1 22 14 172032.000000 0.00000000054082 3 -3.5000000000
1 22 15 184320.000000 0.00000000012771 3 -4.5000000000
1 22 16 196608.000000 0.00000000003439 3 -5.5000000000
1 23 0 0.000000 0.04122919961810 0 8.0000000000
1 23 1 12288.000000 0.01879388466477 0 8.0000000000
1 23 2 24576.000000 0.00453851511702 5 7.5000000000
1 23 3 36864.000000 0.00141866307240 4 6.7500000000
1 23 4 49152.000000 0.00051111215726 4 6.0000000000
1 23 5 61440.000000 0.00016071488790 4 5.2500000000
1 23 6 73728.000000 0.00005974248415 3 4.2500000000
1 23 7 86016.000000 0.00001872373105 4 3.5000000000
1 23 8 98304.000000 0.00000547603122 4 2.7500000000
1 23 9 110592.000000 0.00000163024413 4 2.0000000000
1 23 10 122880.000000 0.00000043900394 3 1.0000000000
1 23 11 135168.000000 0.00000011336005 3 0.0000000000
1 23 12 147456.000000 0.00000002621856 3 -1.0000000000
1 23 13 159744.000000 0.00000000657934 3 -2.0000000000
1 23 14 172032.000000 0.00000000156599 3 -3.0000000000
1 23 15 184320.000000 0.00000000037522 3 -4.0000000000
1 23 16 196608.000000 0.00000000010750 3 -5.0000000000
1 24 0 0.000000 3.38061833381653 0 11.0000000000
1 24 1 12288.000000 3.33416152000427 3 11.7500000000
1 24 2 24576.000000 0.84388196468353 0 10.0000000000
1 24 3 36864.000000 0.28218999505043 3 9.0000000000
1 24 4 49152.000000 0.08520783483982 7 9.0000000000
1 24 5 61440.000000 0.03281798958778 5 8.5000000000
1 24 6 73728.000000 0.01141069829464 4 7.7500000000
1 24 7 86016.000000 0.00297643011436 3 6.7500000000
1 24 8 98304.000000 0.00076419743709 4 6.0000000000
1 24 9 110592.000000 0.00023449958826 3 5.0000000000
1 24 10 122880.000000 0.00006390579074 3 4.0000000000
1 24 11 135168.000000 0.00001547258580 3 3.0000000000
1 24 12 147456.000000 0.00000388073613 3 2.0000000000
1 24 13 159744.000000 0.00000075758095 3 1.0000000000
1 24 14 172032.000000 0.00000035175924 4 0.2500000000
1 24 15 184320.000000 0.00000008969336 3 -0.7500000000
1 24 16 196608.000000 0.00000001593781 3 -1.7500000000
