4 0 0 0.000000 0.00172319158446 0 -5.0000000000
4 0 1 49152.000000 0.00119238533080 0 -5.0000000000
4 0 2 98304.000000 0.00042861187831 2 -6.2500000000
4 0 3 147456.000000 0.00023323108326 4 -7.0000000000
4 0 4 196608.000000 0.00013117954950 7 -7.0000000000
4 0 5 245760.000000 0.00006601661880 7 -7.0000000000
4 0 6 294912.000000 0.00002655303069 4 -7.7500000000
4 0 7 344064.000000 0.00000676133413 4 -8.5000000000
4 0 8 393216.000000 0.00000209517339 4 -9.2500000000
4 0 9 442368.000000 0.00000050401530 3 -10.2500000000
4 0 10 491520.000000 0.00000013398754 3 -11.2500000000
4 0 11 540672.000000 0.00000003408698 3 -12.2500000000
4 0 12 589824.000000 0.00000000839767 3 -13.2500000000
4 0 13 638976.000000 0.00000000205861 3 -14.2500000000
4 0 14 688128.000000 0.00000000054013 3 -15.2500000000
4 0 15 737280.000000 0.00000000012174 3 -16.2500000000
4 0 16 786432.000000 0.00000000003126 3 -17.2500000000
4 1 0 0.000000 0.00350092537701 0 -5.0000000000
4 1 1 49152.000000 0.00186632690020 0 -5.0000000000
4 1 2 98304.000000 0.00050969782751 2 -6.2500000000
4 1 3 147456.000000 0.00017993910296 5 -6.7500000000
4 1 4 196608.000000 0.00007341022138 5 -7.2500000000
4 1 5 245760.000000 0.00002837935972 4 -8.0000000000
4 1 6 294912.000000 0.00001081580649 5 -8.5000000000
4 1 7 344064.000000 0.00000396074074 5 -9.0000000000
4 1 8 393216.000000 0.00000108091149 3 -10.0000000000
4 1 9 442368.000000 0.00000030213428 3 -11.0000000000
4 1 10 491520.000000 0.00000008630760 4 -11.7500000000
4 1 11 540672.000000 0.00000002321790 3 -12.7500000000
4 1 12 589824.000000 0.00000000592017 3 -13.7500000000
4 1 13 638976.000000 0.00000000146247 3 -14.7500000000
4 1 14 688128.000000 0.00000000035337 3 -15.7500000000
4 1 15 737280.000000 0.00000000008713 3 -16.7500000000
4 1 16 786432.000000 0.00000000002342 3 -17.7500000000
4 2 0 0.000000 0.00551113206893 0 -5.0000000000
4 2 1 49152.000000 0.00311650172807 0 -5.0000000000
4 2 2 98304.000000 0.00092018942814 4 -5.7500000000
4 2 3 147456.000000 0.00038851558929 5 -6.2500000000
4 2 4 196608.000000 0.00018752082542 4 -7.0000000000
4 2 5 245760.000000 0.00008553201769 5 -7.5000000000
4 2 6 294912.000000 0.00003160453707 5 -8.0000000000
4 2 7 344064.000000 0.00000794347488 4 -8.7500000000
4 2 8 393216.000000 0.00000235586322 3 -9.7500000000
4 2 9 442368.000000 0.00000066843756 4 -10.5000000000
4 2 10 491520.000000 0.00000016628084 3 -11.5000000000
4 2 11 540672.000000 0.00000004380099 3 -12.5000000000
4 2 12 589824.000000 0.00000001054631 3 -13.5000000000
4 2 13 638976.000000 0.00000000263265 3 -14.5000000000
4 2 14 688128.000000 0.00000000064744 3 -15.5000000000
4 2 15 737280.000000 0.00000000016072 3 -16.5000000000
4 2 16 786432.000000 0.00000000004235 3 -17.5000000000
4 3 0 0.000000 0.01619540713727 0 -5.0000000000
4 3 1 49152.000000 0.00841956865042 0 -5.0000000000
4 3 2 98304.000000 0.00175479019526 4 -5.7500000000
4 3 3 147456.000000 0.00062516139587 5 -6.2500000000
4 3 4 196608.000000 0.00025750437635 4 -7.0000000000
4 3 5 245760.000000 0.00009585694352 5 -7.5000000000
4 3 6 294912.000000 0.00003472151002 5 -8.0000000000
4 3 7 344064.000000 0.00000985219140 3 -9.0000000000
4 3 8 393216.000000 0.00000304918149 4 -9.7500000000
4 3 9 442368.000000 0.00000080435569 3 -10.7500000000
4 3 10 491520.000000 0.00000019618973 3 -11.7500000000
4 3 11 540672.000000 0.00000005152771 3 -12.7500000000
4 3 12 589824.000000 0.00000001175493 3 -13.7500000000
4 3 13 638976.000000 0.00000000306666 3 -14.7500000000
4 3 14 688128.000000 0.00000000076914 3 -15.7500000000
4 3 15 737280.000000 0.00000000018537 3 -16.7500000000
4 3 16 786432.000000 0.00000000004668 3 -17.7500000000
4 4 0 0.000000 0.03961209207773 0 -5.0000000000
4 4 1 49152.000000 0.01476434338838 1 -4.7500000000
4 4 2 98304.000000 0.00328606413677 6 -5.0000000000
4 4 3 147456.000000 0.00104063644540 3 -6.0000000000
4 4 4 196608.000000 0.00037588982377 4 -6.7500000000
4 4 5 245760.000000 0.00012473935203 4 -7.5000000000
4 4 6 294912.000000 0.00003636080510 4 -8.2500000000
4 4 7 344064.000000 0.00001083986626 3 -9.2500000000
4 4 8 393216.000000 0.00000315558918 4 -10.0000000000
4 4 9 442368.000000 0.00000115908881 4 -10.7500000000
4 4 10 491520.000000 0.00000027962065 3 -11.7500000000
4 4 11 540672.000000 0.00000006521693 3 -12.7500000000
4 4 12 589824.000000 0.00000001761665 3 -13.7500000000
4 4 13 638976.000000 0.00000000522598 3 -14.7500000000
4 4 14 688128.000000 0.00000000145552 4 -15.5000000000
4 4 15 737280.000000 0.00000000037016 3 -16.5000000000
4 4 16 786432.000000 0.00000000008760 3 -17.5000000000
4 5 0 0.000000 0.04899523034692 0 -4.0000000000
4 5 1 49152.000000 0.02901165932417 0 -4.0000000000
4 5 2 98304.000000 0.00550837162882 3 -5.0000000000
4 5 3 147456.000000 0.00180211151019 3 -6.0000000000
4 5 4 196608.000000 0.00067476247204 5 -6.5000000000
4 5 5 245760.000000 0.00025920971530 4 -7.2500000000
4 5 6 294912.000000 0.00009675413457 4 -8.0000000000
4 5 7 344064.000000 0.00002837391366 4 -8.7500000000
4 5 8 393216.000000 0.00000739855568 4 -9.5000000000
4 5 9 442368.000000 0.00000187993248 3 -10.5000000000
4 5 10 491520.000000 0.00000046171124 3 -11.5000000000
4 5 11 540672.000000 0.00000012983637 3 -12.5000000000
4 5 12 589824.000000 0.00000003115553 3 -13.5000000000
4 5 13 638976.000000 0.00000000888145 3 -14.5000000000
4 5 14 688128.000000 0.00000000246574 3 -15.5000000000
4 5 15 737280.000000 0.00000000072202 4 -16.2500000000
4 5 16 786432.000000 0.00000000017082 3 -17.2500000000
4 6 0 0.000000 0.13719923794270 0 -4.0000000000
4 6 1 49152.000000 0.06784518808126 0 -4.0000000000
4 6 2 98304.000000 0.01075516268611 3 -5.0000000000
4 6 3 147456.000000 0.00360665959306 4 -5.7500000000
4 6 4 196608.000000 0.00134264619555 4 -6.5000000000
4 6 5 245760.000000 0.00051006948343 5 -7.0000000000
4 6 6 294912.000000 0.00017102832498 4 -7.7500000000
4 6 7 344064.000000 0.00005023772246 4 -8.5000000000
4 6 8 393216.000000 0.00001537029857 3 -9.5000000000
4 6 9 442368.000000 0.00000408834467 4 -10.2500000000
4 6 10 491520.000000 0.00000109634914 3 -11.2500000000
4 6 11 540672.000000 0.00000027396982 3 -12.2500000000
4 6 12 589824.000000 0.00000006446903 3 -13.2500000000
4 6 13 638976.000000 0.00000001786679 3 -14.2500000000
4 6 14 688128.000000 0.00000000427547 3 -15.2500000000
4 6 15 737280.000000 0.00000000099437 3 -16.2500000000
4 6 16 786432.000000 0.00000000026228 3 -17.2500000000
4 7 0 0.000000 0.21443153917789 0 -4.0000000000
4 7 1 49152.000000 0.09986463189125 0 -4.0000000000
4 7 2 98304.000000 0.01885834522545 4 -4.7500000000
4 7 3 147456.000000 0.00802838336676 3 -5.7500000000
4 7 4 196608.000000 0.00349913234822 6 -6.0000000000
4 7 5 245760.000000 0.00168036646210 6 -6.2500000000
4 7 6 294912.000000 0.00063841149677 4 -7.0000000000
4 7 7 344064.000000 0.00017771933926 4 -7.7500000000
4 7 8 393216.000000 0.00005539143240 4 -8.5000000000
4 7 9 442368.000000 0.00001383274412 3 -9.5000000000
4 7 10 491520.000000 0.00000344200703 3 -10.5000000000
4 7 11 540672.000000 0.00000080870160 3 -11.5000000000
4 7 12 589824.000000 0.00000020706361 3 -12.5000000000
4 7 13 638976.000000 0.00000005214320 3 -13.5000000000
4 7 14 688128.000000 0.00000001280023 3 -14.5000000000
4 7 15 737280.000000 0.00000000313586 3 -15.5000000000
4 7 16 786432.000000 0.00000000094367 3 -16.5000000000
4 8 0 0.000000 4.40573930740356 0 -3.0000000000
4 8 1 49152.000000 4.03734397888184 0 -3.0000000000
4 8 2 98304.000000 0.44151118397713 3 -4.0000000000
4 8 3 147456.000000 0.12582388520241 5 -4.5000000000
4 8 4 196608.000000 0.04873586818576 6 -4.7500000000
4 8 5 245760.000000 0.01531812362373 4 -5.5000000000
4 8 6 294912.000000 0.00582968117669 3 -6.5000000000
4 8 7 344064.000000 0.00176843372174 4 -7.2500000000
4 8 8 393216.000000 0.00044145961874 4 -8.0000000000
4 8 9 442368.000000 0.00013395746646 3 -9.0000000000
4 8 10 491520.000000 0.00003571154230 4 -9.7500000000
4 8 11 540672.000000 0.00000971050576 3 -10.7500000000
4 8 12 589824.000000 0.00000227859709 3 -11.7500000000
4 8 13 638976.000000 0.00000059696953 3 -12.7500000000
4 8 14 688128.000000 0.00000015754019 3 -13.7500000000
4 8 15 737280.000000 0.00000004230651 3 -14.7500000000
4 8 16 786432.000000 0.00000000896751 3 -15.7500000000
