3 0 0 0.000000 0.00115077651571 0 -5.0000000000
3 0 1 73728.000000 0.00064082501922 0 -5.0000000000
3 0 2 147456.000000 0.00017956561351 3 -6.0000000000
3 0 3 221184.000000 0.00007397412992 4 -6.7500000000
3 0 4 294912.000000 0.00003303590347 4 -7.5000000000
3 0 5 368640.000000 0.00001352655909 6 -7.7500000000
3 0 6 442368.000000 0.00000573157195 4 -8.5000000000
3 0 7 516096.000000 0.00000182184829 5 -9.0000000000
3 0 8 589824.000000 0.00000057589602 4 -9.7500000000
3 0 9 663552.000000 0.00000014192400 3 -10.7500000000
3 0 10 737280.000000 0.00000003714182 3 -11.7500000000
3 0 11 811008.000000 0.00000000921554 3 -12.7500000000
3 0 12 884736.000000 0.00000000229717 3 -13.7500000000
3 0 13 958464.000000 0.00000000062248 3 -14.7500000000
3 0 14 1032192.000000 0.00000000014701 3 -15.7500000000
3 0 15 1105920.000000 0.00000000003921 3 -16.7500000000
3 0 16 1179648.000000 0.00000000000931 3 -17.7500000000
3 1 0 0.000000 0.00379263889045 0 -5.0000000000
3 1 1 73728.000000 0.00212396960706 0 -5.0000000000
3 1 2 147456.000000 0.00056978332577 4 -5.7500000000
3 1 3 221184.000000 0.00019674155919 4 -6.5000000000
3 1 4 294912.000000 0.00007864271902 5 -7.0000000000
3 1 5 368640.000000 0.00002940543709 5 -7.5000000000
3 1 6 442368.000000 0.00001020991840 4 -8.2500000000
3 1 7 516096.000000 0.00000332226159 4 -9.0000000000
3 1 8 589824.000000 0.00000094240232 3 -10.0000000000
3 1 9 663552.000000 0.00000027318146 4 -10.7500000000
3 1 10 737280.000000 0.00000006854061 3 -11.7500000000
3 1 11 811008.000000 0.00000001675495 3 -12.7500000000
3 1 12 884736.000000 0.00000000426132 3 -13.7500000000
3 1 13 958464.000000 0.00000000109180 3 -14.7500000000
3 1 14 1032192.000000 0.00000000028250 3 -15.7500000000
3 1 15 1105920.000000 0.00000000006481 3 -16.7500000000
3 1 16 1179648.000000 0.00000000001688 3 -17.7500000000
3 2 0 0.000000 0.00837053451687 0 -5.0000000000
3 2 1 73728.000000 0.00411242945120 0 -5.0000000000
3 2 2 147456.000000 0.00112408178393 5 -5.5000000000
3 2 3 221184.000000 0.00039285660023 5 -6.0000000000
3 2 4 294912.000000 0.00014816662588 4 -6.7500000000
3 2 5 368640.000000 0.00005606107152 5 -7.2500000000
3 2 6 442368.000000 0.00001851458001 3 -8.2500000000
3 2 7 516096.000000 0.00000512674524 4 -9.0000000000
3 2 8 589824.000000 0.00000136385768 3 -10.0000000000
3 2 9 663552.000000 0.00000040365089 4 -10.7500000000
3 2 10 737280.000000 0.00000011153569 3 -11.7500000000
3 2 11 811008.000000 0.00000002775877 3 -12.7500000000
3 2 12 884736.000000 0.00000000675309 3 -13.7500000000
3 2 13 958464.000000 0.00000000170456 3 -14.7500000000
3 2 14 1032192.000000 0.00000000044815 3 -15.7500000000
3 2 15 1105920.000000 0.00000000010255 3 -16.7500000000
3 2 16 1179648.000000 0.00000000002499 3 -17.7500000000
3 3 0 0.000000 0.02775807864964 0 -5.0000000000
3 3 1 73728.000000 0.01404615025967 1 -4.7500000000
3 3 2 147456.000000 0.00461930781603 5 -5.2500000000
3 3 3 221184.000000 0.00216288026422 5 -5.7500000000
3 3 4 294912.000000 0.00107008370105 6 -6.0000000000
3 3 5 368640.000000 0.00047589282622 5 -6.5000000000
3 3 6 442368.000000 0.00015020405408 4 -7.2500000000
3 3 7 516096.000000 0.00003933523112 4 -8.0000000000
3 3 8 589824.000000 0.00001012216308 3 -9.0000000000
3 3 9 663552.000000 0.00000237438235 3 -10.0000000000
3 3 10 737280.000000 0.00000067865801 3 -11.0000000000
3 3 11 811008.000000 0.00000013339279 3 -12.0000000000
3 3 12 884736.000000 0.00000003957006 3 -13.0000000000
3 3 13 958464.000000 0.00000000867719 3 -14.0000000000
3 3 14 1032192.000000 0.00000000243630 3 -15.0000000000
3 3 15 1105920.000000 0.00000000061284 3 -16.0000000000
3 3 16 1179648.000000 0.00000000015440 3 -17.0000000000
3 4 0 0.000000 0.06133355945349 0 -4.0000000000
3 4 1 73728.000000 0.03156425431371 0 -4.0000000000
3 4 2 147456.000000 0.00523023074493 3 -5.0000000000
3 4 3 221184.000000 0.00183280324563 3 -6.0000000000
3 4 4 294912.000000 0.00065617501969 5 -6.5000000000
3 4 5 368640.000000 0.00026701772003 4 -7.2500000000
3 4 6 442368.000000 0.00008085038280 5 -7.7500000000
3 4 7 516096.000000 0.00002211324136 3 -8.7500000000
3 4 8 589824.000000 0.00000644088186 3 -9.7500000000
3 4 9 663552.000000 0.00000171595912 4 -10.5000000000
3 4 10 737280.000000 0.00000048043171 3 -11.5000000000
3 4 11 811008.000000 0.00000011622916 3 -12.5000000000
3 4 12 884736.000000 0.00000002758688 3 -13.5000000000
3 4 13 958464.000000 0.00000000656490 3 -14.5000000000
3 4 14 1032192.000000 0.00000000174892 3 -15.5000000000
3 4 15 1105920.000000 0.00000000046312 3 -16.5000000000
3 4 16 1179648.000000 0.00000000011325 3 -17.5000000000
3 5 0 0.000000 0.12183170020580 0 -4.0000000000
3 5 1 73728.000000 0.06647450476885 0 -4.0000000000
3 5 2 147456.000000 0.01316866930574 3 -5.0000000000
3 5 3 221184.000000 0.00434538302943 4 -5.7500000000
3 5 4 294912.000000 0.00173195218667 5 -6.2500000000
3 5 5 368640.000000 0.00076582853217 3 -7.2500000000
3 5 6 442368.000000 0.00034390753717 7 -7.2500000000
3 5 7 516096.000000 0.00011183357856 4 -8.0000000000
3 5 8 589824.000000 0.00002894825411 3 -9.0000000000
3 5 9 663552.000000 0.00000875142905 3 -10.0000000000
3 5 10 737280.000000 0.00000271819999 4 -10.7500000000
3 5 11 811008.000000 0.00000061684904 3 -11.7500000000
3 5 12 884736.000000 0.00000016208820 3 -12.7500000000
3 5 13 958464.000000 0.00000004029289 3 -13.7500000000
3 5 14 1032192.000000 0.00000001069313 3 -14.7500000000
3 5 15 1105920.000000 0.00000000245437 3 -15.7500000000
3 5 16 1179648.000000 0.00000000068737 3 -16.7500000000
3 6 0 0.000000 0.23188351094723 0 -4.0000000000
3 6 1 73728.000000 0.13354192674160 0 -4.0000000000
3 6 2 147456.000000 0.02650062553585 4 -4.7500000000
3 6 3 221184.000000 0.01139345951378 4 -5.5000000000
3 6 4 294912.000000 0.00462748482823 6 -5.7500000000
3 6 5 368640.000000 0.00149558240082 4 -6.5000000000
3 6 6 442368.000000 0.00042938251863 3 -7.5000000000
3 6 7 516096.000000 0.00015864423767 4 -8.2500000000
3 6 8 589824.000000 0.00004844528667 4 -9.0000000000
3 6 9 663552.000000 0.00001339266146 3 -10.0000000000
3 6 10 737280.000000 0.00000368160568 4 -10.7500000000
3 6 11 811008.000000 0.00000094416066 3 -11.7500000000
3 6 12 884736.000000 0.00000023155927 3 -12.7500000000
3 6 13 958464.000000 0.00000006499658 3 -13.7500000000
3 6 14 1032192.000000 0.00000001534345 3 -14.7500000000
3 6 15 1105920.000000 0.00000000404232 3 -15.7500000000
3 6 16 1179648.000000 0.00000000100347 3 -16.7500000000
3 7 0 0.000000 0.46545764803886 0 -4.0000000000
3 7 1 73728.000000 0.20985770225525 0 -4.0000000000
3 7 2 147456.000000 0.04089706391096 4 -4.7500000000
3 7 3 221184.000000 0.01156058348715 4 -5.5000000000
3 7 4 294912.000000 0.00433656992391 4 -6.2500000000
3 7 5 368640.000000 0.00163423828781 4 -7.0000000000
3 7 6 442368.000000 0.00053634110373 4 -7.7500000000
3 7 7 516096.000000 0.00020680176385 5 -8.2500000000
3 7 8 589824.000000 0.00006566233787 3 -9.2500000000
3 7 9 663552.000000 0.00001752767639 4 -10.0000000000
3 7 10 737280.000000 0.00000375780792 3 -11.0000000000
3 7 11 811008.000000 0.00000102548336 3 -12.0000000000
3 7 12 884736.000000 0.00000027633860 3 -13.0000000000
3 7 13 958464.000000 0.00000006853067 3 -14.0000000000
3 7 14 1032192.000000 0.00000001625118 3 -15.0000000000
3 7 15 1105920.000000 0.00000000412556 3 -16.0000000000
3 7 16 1179648.000000 0.00000000110306 3 -17.0000000000
3 8 0 0.000000 2.87829542160034 0 -4.0000000000
3 8 1 73728.000000 1.18430185317993 0 -4.0000000000
3 8 2 147456.000000 0.15507392585278 5 -4.5000000000
3 8 3 221184.000000 0.06219009310007 4 -5.2500000000
3 8 4 294912.000000 0.02484208717942 5 -5.7500000000
3 8 5 368640.000000 0.01031199190766 5 -6.2500000000
3 8 6 442368.000000 0.00432053348050 5 -6.7500000000
3 8 7 516096.000000 0.00154574448243 4 -7.5000000000
3 8 8 589824.000000 0.00042235094588 4 -8.2500000000
3 8 9 663552.000000 0.00013501962530 3 -9.2500000000
3 8 10 737280.000000 0.00003401889262 4 -10.0000000000
3 8 11 811008.000000 0.00000869389260 3 -11.0000000000
3 8 12 884736.000000 0.00000224848282 3 -12.0000000000
3 8 13 958464.000000 0.00000063297443 3 -13.0000000000
3 8 14 1032192.000000 0.00000013227651 3 -14.0000000000
3 8 15 1105920.000000 0.00000003413977 3 -15.0000000000
3 8 16 1179648.000000 0.00000000895690 3 -16.0000000000
