2 0 0 0.000000 0.00053805543575 0 -6.0000000000
2 0 1 98304.000000 0.00023877118656 0 -6.0000000000
2 0 2 196608.000000 0.00005655134737 5 -6.5000000000
2 0 3 294912.000000 0.00001852828791 4 -7.2500000000
2 0 4 393216.000000 0.00000710901213 5 -7.7500000000
2 0 5 491520.000000 0.00000269629322 5 -8.2500000000
2 0 6 589824.000000 0.00000089095676 4 -9.0000000000
2 0 7 688128.000000 0.00000028886947 3 -10.0000000000
2 0 8 786432.000000 0.00000010041855 4 -10.7500000000
2 0 9 884736.000000 0.00000002971502 4 -11.5000000000
2 0 10 983040.000000 0.00000000858402 3 -12.5000000000
2 0 11 1081344.000000 0.00000000236111 4 -13.2500000000
2 0 12 1179648.000000 0.00000000058525 3 -14.2500000000
2 0 13 1277952.000000 0.00000000014304 3 -15.2500000000
2 0 14 1376256.000000 0.00000000003952 3 -16.2500000000
2 0 15 1474560.000000 0.00000000001012 3 -17.2500000000
2 0 16 1572864.000000 0.00000000000282 3 -18.2500000000
2 1 0 0.000000 0.00324264261872 0 -5.0000000000
2 1 1 98304.000000 0.00149177538697 0 -5.0000000000
2 1 2 196608.000000 0.00033832452027 4 -5.7500000000
2 1 3 294912.000000 0.00011973634537 4 -6.5000000000
2 1 4 393216.000000 0.00004898581028 4 -7.2500000000
2 1 5 491520.000000 0.00002153631249 5 -7.7500000000
2 1 6 589824.000000 0.00001032179262 5 -8.2500000000
2 1 7 688128.000000 0.00000385473504 5 -8.7500000000
2 1 8 786432.000000 0.00000113321187 4 -9.5000000000
2 1 9 884736.000000 0.00000031872716 3 -10.5000000000
2 1 10 983040.000000 0.00000010467679 3 -11.5000000000
2 1 11 1081344.000000 0.00000002413239 4 -12.2500000000
2 1 12 1179648.000000 0.00000000626476 3 -13.2500000000
2 1 13 1277952.000000 0.00000000150643 3 -14.2500000000
2 1 14 1376256.000000 0.00000000041654 3 -15.2500000000
2 1 15 1474560.000000 0.00000000009584 3 -16.2500000000
2 1 16 1572864.000000 0.00000000002228 3 -17.2500000000
2 2 0 0.000000 0.00696403114125 0 -5.0000000000
2 2 1 98304.000000 0.00339305424131 0 -5.0000000000
2 2 2 196608.000000 0.00075590377674 6 -5.2500000000
2 2 3 294912.000000 0.00026658546994 3 -6.2500000000
2 2 4 393216.000000 0.00009634326125 5 -6.7500000000
2 2 5 491520.000000 0.00002903292807 4 -7.5000000000
2 2 6 589824.000000 0.00000922465824 4 -8.2500000000
2 2 7 688128.000000 0.00000270562418 3 -9.2500000000
2 2 8 786432.000000 0.00000088294320 3 -10.2500000000
2 2 9 884736.000000 0.00000022037283 4 -11.0000000000
2 2 10 983040.000000 0.00000005602093 3 -12.0000000000
2 2 11 1081344.000000 0.00000001434512 3 -13.0000000000
2 2 12 1179648.000000 0.00000000338589 3 -14.0000000000
2 2 13 1277952.000000 0.00000000084421 3 -15.0000000000
2 2 14 1376256.000000 0.00000000021364 3 -16.0000000000
2 2 15 1474560.000000 0.00000000005653 3 -17.0000000000
2 2 16 1572864.000000 0.00000000001457 3 -18.0000000000
2 3 0 0.000000 0.02208258770406 0 -5.0000000000
2 3 1 98304.000000 0.01150158420205 0 -5.0000000000
2 3 2 196608.000000 0.00274208141491 6 -5.2500000000
2 3 3 294912.000000 0.00091347564012 4 -6.0000000000
2 3 4 393216.000000 0.00040832377272 4 -6.7500000000
2 3 5 491520.000000 0.00015936989803 5 -7.2500000000
2 3 6 589824.000000 0.00005782152948 5 -7.7500000000
2 3 7 688128.000000 0.00001913974666 4 -8.5000000000
2 3 8 786432.000000 0.00000543372335 4 -9.2500000000
2 3 9 884736.000000 0.00000130836236 3 -10.2500000000
2 3 10 983040.000000 0.00000032288924 3 -11.2500000000
2 3 11 1081344.000000 0.00000008759707 3 -12.2500000000
2 3 12 1179648.000000 0.00000002242753 3 -13.2500000000
2 3 13 1277952.000000 0.00000000534382 3 -14.2500000000
2 3 14 1376256.000000 0.00000000130678 3 -15.2500000000
2 3 15 1474560.000000 0.00000000031673 3 -16.2500000000
2 3 16 1572864.000000 0.00000000008048 3 -17.2500000000
2 4 0 0.000000 0.04033455625176 0 -5.0000000000
2 4 1 98304.000000 0.01640251278877 0 -5.0000000000
2 4 2 196608.000000 0.00335389003158 6 -5.2500000000
2 4 3 294912.000000 0.00134427077137 4 -6.0000000000
2 4 4 393216.000000 0.00052054593107 4 -6.7500000000
2 4 5 491520.000000 0.00023884714756 5 -7.2500000000
2 4 6 589824.000000 0.00011306593660 6 -7.5000000000
2 4 7 688128.000000 0.00003719634697 4 -8.2500000000
2 4 8 786432.000000 0.00001052111656 4 -9.0000000000
2 4 9 884736.000000 0.00000304644936 3 -10.0000000000
2 4 10 983040.000000 0.00000089114087 4 -10.7500000000
2 4 11 1081344.000000 0.00000020891396 3 -11.7500000000
2 4 12 1179648.000000 0.00000005359772 3 -12.7500000000
2 4 13 1277952.000000 0.00000001400556 3 -13.7500000000
2 4 14 1376256.000000 0.00000000332362 3 -14.7500000000
2 4 15 1474560.000000 0.00000000078657 3 -15.7500000000
2 4 16 1572864.000000 0.00000000023038 3 -16.7500000000
2 5 0 0.000000 0.15481168031693 0 -4.0000000000
2 5 1 98304.000000 0.08633729815483 0 -4.0000000000
2 5 2 196608.000000 0.01782994344831 3 -5.0000000000
2 5 3 294912.000000 0.00632970407605 4 -5.7500000000
2 5 4 393216.000000 0.00296102836728 5 -6.2500000000
2 5 5 491520.000000 0.00117707590107 5 -6.7500000000
2 5 6 589824.000000 0.00047339629964 5 -7.2500000000
2 5 7 688128.000000 0.00014589363127 4 -8.0000000000
2 5 8 786432.000000 0.00004614833233 4 -8.7500000000
2 5 9 884736.000000 0.00001434284604 3 -9.7500000000
2 5 10 983040.000000 0.00000439302812 4 -10.5000000000
2 5 11 1081344.000000 0.00000111502652 3 -11.5000000000
2 5 12 1179648.000000 0.00000030081978 3 -12.5000000000
2 5 13 1277952.000000 0.00000007192564 3 -13.5000000000
2 5 14 1376256.000000 0.00000001706024 3 -14.5000000000
2 5 15 1474560.000000 0.00000000414521 3 -15.5000000000
2 5 16 1572864.000000 0.00000000106334 3 -16.5000000000
2 6 0 0.000000 0.26966831088066 0 -4.0000000000
2 6 1 98304.000000 0.14220534265041 0 -4.0000000000
2 6 2 196608.000000 0.02734909020364 5 -4.5000000000
2 6 3 294912.000000 0.00889986101538 4 -5.2500000000
2 6 4 393216.000000 0.00418720906600 4 -6.0000000000
2 6 5 491520.000000 0.00158463336993 4 -6.7500000000
2 6 6 589824.000000 0.00059938296909 5 -7.2500000000
2 6 7 688128.000000 0.00018300653028 4 -8.0000000000
2 6 8 786432.000000 0.00005453314952 4 -8.7500000000
2 6 9 884736.000000 0.00001468326718 3 -9.7500000000
2 6 10 983040.000000 0.00000336484163 3 -10.7500000000
2 6 11 1081344.000000 0.00000087606696 3 -11.7500000000
2 6 12 1179648.000000 0.00000022368646 3 -12.7500000000
2 6 13 1277952.000000 0.00000005397361 3 -13.7500000000
2 6 14 1376256.000000 0.00000001397046 3 -14.7500000000
2 6 15 1474560.000000 0.00000000326271 3 -15.7500000000
2 6 16 1572864.000000 0.00000000083240 3 -16.7500000000
2 7 0 0.000000 0.40844750404358 0 -4.0000000000
2 7 1 98304.000000 0.20259007811546 0 -4.0000000000
2 7 2 196608.000000 0.04731278494000 5 -4.5000000000
2 7 3 294912.000000 0.01688157021999 4 -5.2500000000
2 7 4 393216.000000 0.00689738942310 5 -5.7500000000
2 7 5 491520.000000 0.00272725801915 5 -6.2500000000
2 7 6 589824.000000 0.00079729506979 3 -7.2500000000
2 7 7 688128.000000 0.00023854270694 4 -8.0000000000
2 7 8 786432.000000 0.00006558444147 4 -8.7500000000
2 7 9 884736.000000 0.00001673075349 3 -9.7500000000
2 7 10 983040.000000 0.00000390960986 3 -10.7500000000
2 7 11 1081344.000000 0.00000092986954 3 -11.7500000000
2 7 12 1179648.000000 0.00000024617233 3 -12.7500000000
2 7 13 1277952.000000 0.00000005734806 3 -13.7500000000
2 7 14 1376256.000000 0.00000001628426 3 -14.7500000000
2 7 15 1474560.000000 0.00000000380903 3 -15.7500000000
2 7 16 1572864.000000 0.00000000099508 3 -16.7500000000
2 8 0 0.000000 4.48950862884521 0 -4.0000000000
2 8 1 98304.000000 2.24757456779480 0 -4.0000000000
2 8 2 196608.000000 0.36103245615959 5 -4.5000000000
2 8 3 294912.000000 0.11660128831863 6 -4.7500000000
2 8 4 393216.000000 0.04189382866025 5 -5.2500000000
2 8 5 491520.000000 0.01638826727867 5 -5.7500000000
2 8 6 589824.000000 0.00667888438329 3 -6.7500000000
2 8 7 688128.000000 0.00242889672518 5 -7.2500000000
2 8 8 786432.000000 0.00062014604919 4 -8.0000000000
2 8 9 884736.000000 0.00020512961783 4 -8.7500000000
2 8 10 983040.000000 0.00005516764213 3 -9.7500000000
2 8 11 1081344.000000 0.00001337651247 3 -10.7500000000
2 8 12 1179648.000000 0.00000323999279 3 -11.7500000000
2 8 13 1277952.000000 0.00000076218271 3 -12.7500000000
2 8 14 1376256.000000 0.00000018846934 3 -13.7500000000
2 8 15 1474560.000000 0.00000004741978 3 -14.7500000000
2 8 16 1572864.000000 0.00000001305276 3 -15.7500000000
