1 0 0 0.000000 0.00006485015183 0 -6.0000000000
1 0 1 12288.000000 0.00004042122237 0 -6.0000000000
1 0 2 24576.000000 0.00001313265420 5 -6.5000000000
1 0 3 36864.000000 0.00000514591738 4 -7.2500000000
1 0 4 49152.000000 0.00000159876186 4 -8.0000000000
1 0 5 61440.000000 0.00000053710630 4 -8.7500000000
1 0 6 73728.000000 0.00000015249923 4 -9.5000000000
1 0 7 86016.000000 0.00000004797894 3 -10.5000000000
1 0 8 98304.000000 0.00000001279111 4 -11.2500000000
1 0 9 110592.000000 0.00000000326636 3 -12.2500000000
1 0 10 122880.000000 0.00000000080208 3 -13.2500000000
1 0 11 135168.000000 0.00000000021154 3 -14.2500000000
1 0 12 147456.000000 0.00000000005261 3 -15.2500000000
1 0 13 159744.000000 0.00000000001387 3 -16.2500000000
1 0 14 172032.000000 0.00000000000474 3 -17.2500000000
1 0 15 184320.000000 0.00000000000182 3 -18.2500000000
1 0 16 196608.000000 0.00000000000104 3 -19.2500000000
1 1 0 0.000000 0.00008397619240 0 -6.0000000000
1 1 1 12288.000000 0.00005067806705 0 -6.0000000000
1 1 2 24576.000000 0.00001670274105 4 -6.7500000000
1 1 3 36864.000000 0.00000569813483 4 -7.5000000000
1 1 4 49152.000000 0.00000207790526 5 -8.0000000000
1 1 5 61440.000000 0.00000072666342 4 -8.7500000000
1 1 6 73728.000000 0.00000023915956 4 -9.5000000000
1 1 7 86016.000000 0.00000006220619 4 -10.2500000000
1 1 8 98304.000000 0.00000001784653 3 -11.2500000000
1 1 9 110592.000000 0.00000000529004 4 -12.0000000000
1 1 10 122880.000000 0.00000000144070 3 -13.0000000000
1 1 11 135168.000000 0.00000000032830 3 -14.0000000000
1 1 12 147456.000000 0.00000000007738 3 -15.0000000000
1 1 13 159744.000000 0.00000000002071 3 -16.0000000000
1 1 14 172032.000000 0.00000000000648 3 -17.0000000000
1 1 15 184320.000000 0.00000000000221 3 -18.0000000000
1 1 16 196608.000000 0.00000000000129 3 -19.0000000000
1 2 0 0.000000 0.00013453740394 0 -6.0000000000
1 2 1 12288.000000 0.00007653103239 1 -5.7500000000
1 2 2 24576.000000 0.00002989237873 4 -6.5000000000
1 2 3 36864.000000 0.00001417512340 4 -7.2500000000
1 2 4 49152.000000 0.00000530167699 6 -7.5000000000
1 2 5 61440.000000 0.00000215067462 5 -8.0000000000
1 2 6 73728.000000 0.00000063259466 4 -8.7500000000
1 2 7 86016.000000 0.00000018611203 4 -9.5000000000
1 2 8 98304.000000 0.00000004839924 3 -10.5000000000
1 2 9 110592.000000 0.00000001279026 3 -11.5000000000
1 2 10 122880.000000 0.00000000290802 3 -12.5000000000
1 2 11 135168.000000 0.00000000075882 3 -13.5000000000
1 2 12 147456.000000 0.00000000018470 3 -14.5000000000
1 2 13 159744.000000 0.00000000004859 3 -15.5000000000
1 2 14 172032.000000 0.00000000001296 3 -16.5000000000
1 2 15 184320.000000 0.00000000000422 3 -17.5000000000
1 2 16 196608.000000 0.00000000000171 3 -18.5000000000
1 3 0 0.000000 0.00025622730027 0 -5.0000000000
1 3 1 12288.000000 0.00017392431619 0 -5.0000000000
1 3 2 24576.000000 0.00005851192327 3 -6.0000000000
1 3 3 36864.000000 0.00002193325781 4 -6.7500000000
1 3 4 49152.000000 0.00000844732494 5 -7.2500000000
1 3 5 61440.000000 0.00000300904935 4 -8.0000000000
1 3 6 73728.000000 0.00000140215263 5 -8.5000000000
1 3 7 86016.000000 0.00000038697496 4 -9.2500000000
1 3 8 98304.000000 0.00000012619570 4 -10.0000000000
1 3 9 110592.000000 0.00000003302364 3 -11.0000000000
1 3 10 122880.000000 0.00000000810491 3 -12.0000000000
1 3 11 135168.000000 0.00000000205495 3 -13.0000000000
1 3 12 147456.000000 0.00000000052500 3 -14.0000000000
1 3 13 159744.000000 0.00000000013543 3 -15.0000000000
1 3 14 172032.000000 0.00000000003444 3 -16.0000000000
1 3 15 184320.000000 0.00000000000975 3 -17.0000000000
1 3 16 196608.000000 0.00000000000292 3 -18.0000000000
1 4 0 0.000000 0.00043567008106 0 -5.0000000000
1 4 1 12288.000000 0.00029935754719 0 -5.0000000000
1 4 2 24576.000000 0.00011104394798 4 -5.7500000000
1 4 3 36864.000000 0.00005184610927 5 -6.2500000000
1 4 4 49152.000000 0.00002174063957 5 -6.7500000000
1 4 5 61440.000000 0.00000772288695 5 -7.2500000000
1 4 6 73728.000000 0.00000239731867 3 -8.2500000000
1 4 7 86016.000000 0.00000063101453 4 -9.0000000000
1 4 8 98304.000000 0.00000014806648 3 -10.0000000000
1 4 9 110592.000000 0.00000004337904 3 -11.0000000000
1 4 10 122880.000000 0.00000001334364 4 -11.7500000000
1 4 11 135168.000000 0.00000000343804 3 -12.7500000000
1 4 12 147456.000000 0.00000000084917 3 -13.7500000000
1 4 13 159744.000000 0.00000000020577 3 -14.7500000000
1 4 14 172032.000000 0.00000000005419 3 -15.7500000000
1 4 15 184320.000000 0.00000000001433 3 -16.7500000000
1 4 16 196608.000000 0.00000000000438 3 -17.7500000000
1 5 0 0.000000 0.00065197120421 0 -5.0000000000
1 5 1 12288.000000 0.00039361466770 0 -5.0000000000
1 5 2 24576.000000 0.00012556751608 5 -5.5000000000
1 5 3 36864.000000 0.00004747621642 4 -6.2500000000
1 5 4 49152.000000 0.00001890048588 5 -6.7500000000
1 5 5 61440.000000 0.00000618148442 3 -7.7500000000
1 5 6 73728.000000 0.00000219111166 4 -8.5000000000
1 5 7 86016.000000 0.00000057574641 4 -9.2500000000
1 5 8 98304.000000 0.00000019872451 4 -10.0000000000
1 5 9 110592.000000 0.00000004418150 3 -11.0000000000
1 5 10 122880.000000 0.00000001160623 3 -12.0000000000
1 5 11 135168.000000 0.00000000289996 3 -13.0000000000
1 5 12 147456.000000 0.00000000070646 3 -14.0000000000
1 5 13 159744.000000 0.00000000019504 3 -15.0000000000
1 5 14 172032.000000 0.00000000004564 3 -16.0000000000
1 5 15 184320.000000 0.00000000001207 3 -17.0000000000
1 5 16 196608.000000 0.00000000000379 3 -18.0000000000
1 6 0 0.000000 0.00092414143728 0 -5.0000000000
1 6 1 12288.000000 0.00056596135255 1 -4.7500000000
1 6 2 24576.000000 0.00018552206166 4 -5.5000000000
1 6 3 36864.000000 0.00007578932127 5 -6.0000000000
1 6 4 49152.000000 0.00002983930062 4 -6.7500000000
1 6 5 61440.000000 0.00000961708884 4 -7.5000000000
1 6 6 73728.000000 0.00000325852488 4 -8.2500000000
1 6 7 86016.000000 0.00000095301539 4 -9.0000000000
1 6 8 98304.000000 0.00000021685501 3 -10.0000000000
1 6 9 110592.000000 0.00000006232683 3 -11.0000000000
1 6 10 122880.000000 0.00000001748624 3 -12.0000000000
1 6 11 135168.000000 0.00000000470504 4 -12.7500000000
1 6 12 147456.000000 0.00000000117311 3 -13.7500000000
1 6 13 159744.000000 0.00000000031935 3 -14.7500000000
1 6 14 172032.000000 0.00000000008475 3 -15.7500000000
1 6 15 184320.000000 0.00000000002354 3 -16.7500000000
1 6 16 196608.000000 0.00000000000846 3 -17.7500000000
1 7 0 0.000000 0.00105859362520 0 -5.0000000000
1 7 1 12288.000000 0.00058372918284 0 -5.0000000000
1 7 2 24576.000000 0.00020859840151 5 -5.5000000000
1 7 3 36864.000000 0.00008319234621 5 -6.0000000000
1 7 4 49152.000000 0.00003372570427 4 -6.7500000000
1 7 5 61440.000000 0.00001203481588 5 -7.2500000000
1 7 6 73728.000000 0.00000369765462 3 -8.2500000000
1 7 7 86016.000000 0.00000113411181 4 -9.0000000000
1 7 8 98304.000000 0.00000027462707 3 -10.0000000000
1 7 9 110592.000000 0.00000006463790 3 -11.0000000000
1 7 10 122880.000000 0.00000001677550 3 -12.0000000000
1 7 11 135168.000000 0.00000000392284 3 -13.0000000000
1 7 12 147456.000000 0.00000000113254 3 -14.0000000000
1 7 13 159744.000000 0.00000000024620 3 -15.0000000000
1 7 14 172032.000000 0.00000000006202 3 -16.0000000000
1 7 15 184320.000000 0.00000000001452 3 -17.0000000000
1 7 16 196608.000000 0.00000000000565 3 -18.0000000000
1 8 0 0.000000 0.00153089803644 0 -5.0000000000
1 8 1 12288.000000 0.00096806098009 1 -4.7500000000
1 8 2 24576.000000 0.00031000634772 4 -5.5000000000
1 8 3 36864.000000 0.00012706617417 4 -6.2500000000
1 8 4 49152.000000 0.00004642817657 6 -6.5000000000
1 8 5 61440.000000 0.00001729613177 4 -7.2500000000
1 8 6 73728.000000 0.00000545249441 4 -8.0000000000
1 8 7 86016.000000 0.00000148132881 3 -9.0000000000
1 8 8 98304.000000 0.00000039455827 4 -9.7500000000
1 8 9 110592.000000 0.00000010591921 3 -10.7500000000
1 8 10 122880.000000 0.00000002701503 3 -11.7500000000
1 8 11 135168.000000 0.00000000638983 3 -12.7500000000
1 8 12 147456.000000 0.00000000169200 3 -13.7500000000
1 8 13 159744.000000 0.00000000040301 3 -14.7500000000
1 8 14 172032.000000 0.00000000009702 3 -15.7500000000
1 8 15 184320.000000 0.00000000002836 3 -16.7500000000
1 8 16 196608.000000 0.00000000000738 3 -17.7500000000
1 9 0 0.000000 0.00209278683178 0 -5.0000000000
1 9 1 12288.000000 0.00166315585375 0 -5.0000000000
1 9 2 24576.000000 0.00046178011689 4 -5.7500000000
1 9 3 36864.000000 0.00014584643941 6 -6.0000000000
1 9 4 49152.000000 0.00005875254647 5 -6.5000000000
1 9 5 61440.000000 0.00002131673864 4 -7.2500000000
1 9 6 73728.000000 0.00000752491496 4 -8.0000000000
1 9 7 86016.000000 0.00000235160041 4 -8.7500000000
1 9 8 98304.000000 0.00000059565093 3 -9.7500000000
1 9 9 110592.000000 0.00000016904676 4 -10.5000000000
1 9 10 122880.000000 0.00000004732665 3 -11.5000000000
1 9 11 135168.000000 0.00000001212589 3 -12.5000000000
1 9 12 147456.000000 0.00000000283655 3 -13.5000000000
1 9 13 159744.000000 0.00000000072656 3 -14.5000000000
1 9 14 172032.000000 0.00000000017762 3 -15.5000000000
1 9 15 184320.000000 0.00000000005154 3 -16.5000000000
1 9 16 196608.000000 0.00000000001230 3 -17.5000000000
1 10 0 0.000000 0.00277409236878 0 -5.0000000000
1 10 1 12288.000000 0.00187756761443 2 -4.5000000000
1 10 2 24576.000000 0.00062903959770 4 -5.2500000000
1 10 3 36864.000000 0.00027039714041 6 -5.5000000000
1 10 4 49152.000000 0.00010784972983 4 -6.2500000000
1 10 5 61440.000000 0.00003900357478 4 -7.0000000000
1 10 6 73728.000000 0.00001738299216 4 -7.7500000000
1 10 7 86016.000000 0.00000615196450 6 -8.0000000000
1 10 8 98304.000000 0.00000144477542 3 -9.0000000000
1 10 9 110592.000000 0.00000040132954 3 -10.0000000000
1 10 10 122880.000000 0.00000009964990 3 -11.0000000000
1 10 11 135168.000000 0.00000002248437 3 -12.0000000000
1 10 12 147456.000000 0.00000000584228 3 -13.0000000000
1 10 13 159744.000000 0.00000000145670 3 -14.0000000000
1 10 14 172032.000000 0.00000000037677 3 -15.0000000000
1 10 15 184320.000000 0.00000000009882 3 -16.0000000000
1 10 16 196608.000000 0.00000000002335 3 -17.0000000000
1 11 0 0.000000 0.00305438088253 0 -4.0000000000
1 11 1 12288.000000 0.00222434033640 0 -4.0000000000
1 11 2 24576.000000 0.00057026819559 2 -5.2500000000
1 11 3 36864.000000 0.00021705169638 5 -5.7500000000
1 11 4 49152.000000 0.00007246070163 4 -6.5000000000
1 11 5 61440.000000 0.00002038106504 4 -7.2500000000
1 11 6 73728.000000 0.00000688939372 4 -8.0000000000
1 11 7 86016.000000 0.00000184272903 3 -9.0000000000
1 11 8 98304.000000 0.00000053098904 3 -10.0000000000
1 11 9 110592.000000 0.00000016382194 3 -11.0000000000
1 11 10 122880.000000 0.00000004034657 4 -11.7500000000
1 11 11 135168.000000 0.00000000985467 3 -12.7500000000
1 11 12 147456.000000 0.00000000248661 3 -13.7500000000
1 11 13 159744.000000 0.00000000059723 3 -14.7500000000
1 11 14 172032.000000 0.00000000015132 3 -15.7500000000
1 11 15 184320.000000 0.00000000004145 3 -16.7500000000
1 11 16 196608.000000 0.00000000001054 3 -17.7500000000
1 12 0 0.000000 0.00504679139704 0 -4.0000000000
1 12 1 12288.000000 0.00363865937106 0 -4.0000000000
1 12 2 24576.000000 0.00085789529840 3 -5.0000000000
1 12 3 36864.000000 0.00027239214978 4 -5.7500000000
1 12 4 49152.000000 0.00009661912918 5 -6.2500000000
1 12 5 61440.000000 0.00003185901005 3 -7.2500000000
1 12 6 73728.000000 0.00000858509156 4 -8.0000000000
1 12 7 86016.000000 0.00000246313607 3 -9.0000000000
1 12 8 98304.000000 0.00000069809340 4 -9.7500000000
1 12 9 110592.000000 0.00000020142896 3 -10.7500000000
1 12 10 122880.000000 0.00000005416561 3 -11.7500000000
1 12 11 135168.000000 0.00000001120575 3 -12.7500000000
1 12 12 147456.000000 0.00000000268188 3 -13.7500000000
1 12 13 159744.000000 0.00000000072188 3 -14.7500000000
1 12 14 172032.000000 0.00000000020062 3 -15.7500000000
1 12 15 184320.000000 0.00000000004389 3 -16.7500000000
1 12 16 196608.000000 0.00000000001273 3 -17.7500000000
1 13 0 0.000000 0.00865438766778 0 -4.0000000000
1 13 1 12288.000000 0.00943324249238 0 -4.0000000000
1 13 2 24576.000000 0.00199014879763 3 -5.0000000000
1 13 3 36864.000000 0.00071568426210 5 -5.5000000000
1 13 4 49152.000000 0.00023146717285 5 -6.0000000000
1 13 5 61440.000000 0.00007076030306 5 -6.5000000000
1 13 6 73728.000000 0.00002134295210 3 -7.5000000000
1 13 7 86016.000000 0.00000691402329 4 -8.2500000000
1 13 8 98304.000000 0.00000214237889 3 -9.2500000000
1 13 9 110592.000000 0.00000051352748 3 -10.2500000000
1 13 10 122880.000000 0.00000011448626 3 -11.2500000000
1 13 11 135168.000000 0.00000003447556 3 -12.2500000000
1 13 12 147456.000000 0.00000000638603 3 -13.2500000000
1 13 13 159744.000000 0.00000000198571 3 -14.2500000000
1 13 14 172032.000000 0.00000000048245 3 -15.2500000000
1 13 15 184320.000000 0.00000000012158 3 -16.2500000000
1 13 16 196608.000000 0.00000000002588 3 -17.2500000000
1 14 0 0.000000 0.01060678996146 0 -4.0000000000
1 14 1 12288.000000 0.00773682072759 0 -4.0000000000
1 14 2 24576.000000 0.00156842928845 4 -4.7500000000
1 14 3 36864.000000 0.00056493229931 3 -5.7500000000
1 14 4 49152.000000 0.00024115577980 5 -6.2500000000
1 14 5 61440.000000 0.00010234093497 4 -7.0000000000
1 14 6 73728.000000 0.00002629188384 5 -7.5000000000
1 14 7 86016.000000 0.00000854250629 3 -8.5000000000
1 14 8 98304.000000 0.00000248177025 4 -9.2500000000
1 14 9 110592.000000 0.00000056682853 3 -10.2500000000
1 14 10 122880.000000 0.00000013558095 3 -11.2500000000
1 14 11 135168.000000 0.00000003635629 3 -12.2500000000
1 14 12 147456.000000 0.00000000990762 3 -13.2500000000
1 14 13 159744.000000 0.00000000213840 3 -14.2500000000
1 14 14 172032.000000 0.00000000057142 3 -15.2500000000
1 14 15 184320.000000 0.00000000013527 3 -16.2500000000
1 14 16 196608.000000 0.00000000003686 3 -17.2500000000
1 15 0 0.000000 0.01045645494014 0 -4.0000000000
1 15 1 12288.000000 0.00692434515804 0 -4.0000000000
1 15 2 24576.000000 0.00150439119898 4 -4.7500000000
1 15 3 36864.000000 0.00052531296387 3 -5.7500000000
1 15 4 49152.000000 0.00020826190303 4 -6.5000000000
1 15 5 61440.000000 0.00006435372779 6 -6.7500000000
1 15 6 73728.000000 0.00002160912663 3 -7.7500000000
1 15 7 86016.000000 0.00000564352285 3 -8.7500000000
1 15 8 98304.000000 0.00000144877663 4 -9.5000000000
1 15 9 110592.000000 0.00000041508798 3 -10.5000000000
1 15 10 122880.000000 0.00000008640512 3 -11.5000000000
1 15 11 135168.000000 0.00000002294570 3 -12.5000000000
1 15 12 147456.000000 0.00000000762792 3 -13.5000000000
1 15 13 159744.000000 0.00000000162039 3 -14.5000000000
1 15 14 172032.000000 0.00000000038794 3 -15.5000000000
1 15 15 184320.000000 0.00000000009671 3 -16.5000000000
1 15 16 196608.000000 0.00000000002368 3 -17.5000000000
1 16 0 0.000000 0.03107305429876 0 -4.0000000000
1 16 1 12288.000000 0.02682462893426 7 -2.2500000000
1 16 2 24576.000000 0.00656861811876 0 -4.0000000000
1 16 3 36864.000000 0.00158278108574 1 -5.5000000000
1 16 4 49152.000000 0.00047429287224 4 -6.2500000000
1 16 5 61440.000000 0.00013392309484 5 -6.7500000000
1 16 6 73728.000000 0.00003620390635 3 -7.7500000000
1 16 7 86016.000000 0.00001386486656 4 -8.5000000000
1 16 8 98304.000000 0.00000356429928 3 -9.5000000000
1 16 9 110592.000000 0.00000070691289 3 -10.5000000000
1 16 10 122880.000000 0.00000020455988 3 -11.5000000000
1 16 11 135168.000000 0.00000004429050 3 -12.5000000000
1 16 12 147456.000000 0.00000001404182 3 -13.5000000000
1 16 13 159744.000000 0.00000000451694 4 -14.2500000000
1 16 14 172032.000000 0.00000000109247 3 -15.2500000000
1 16 15 184320.000000 0.00000000026252 3 -16.2500000000
1 16 16 196608.000000 0.00000000006146 3 -17.2500000000
1 17 0 0.000000 0.02675808034837 0 -4.0000000000
1 17 1 12288.000000 0.02129854820669 0 -4.0000000000
1 17 2 24576.000000 0.00371496030129 4 -4.7500000000
1 17 3 36864.000000 0.00163484679069 4 -5.5000000000
1 17 4 49152.000000 0.00056694936939 5 -6.0000000000
1 17 5 61440.000000 0.00021051813383 4 -6.7500000000
1 17 6 73728.000000 0.00006453848619 4 -7.5000000000
1 17 7 86016.000000 0.00002177088209 4 -8.2500000000
1 17 8 98304.000000 0.00000452055792 3 -9.2500000000
1 17 9 110592.000000 0.00000168071324 4 -10.0000000000
1 17 10 122880.000000 0.00000045159160 3 -11.0000000000
1 17 11 135168.000000 0.00000010127327 3 -12.0000000000
1 17 12 147456.000000 0.00000002393057 3 -13.0000000000
1 17 13 159744.000000 0.00000000611176 3 -14.0000000000
1 17 14 172032.000000 0.00000000197518 3 -15.0000000000
1 17 15 184320.000000 0.00000000040743 3 -16.0000000000
1 17 16 196608.000000 0.00000000009555 3 -17.0000000000
1 18 0 0.000000 0.03221867233515 0 -4.0000000000
1 18 1 12288.000000 0.03560375049710 3 -3.2500000000
1 18 2 24576.000000 0.00611513108015 2 -4.5000000000
1 18 3 36864.000000 0.00154740200378 4 -5.2500000000
1 18 4 49152.000000 0.00044696821715 4 -6.0000000000
1 18 5 61440.000000 0.00019082668587 4 -6.7500000000
1 18 6 73728.000000 0.00004987352804 3 -7.7500000000
1 18 7 86016.000000 0.00001282058020 4 -8.5000000000
1 18 8 98304.000000 0.00000359020373 3 -9.5000000000
1 18 9 110592.000000 0.00000116306956 3 -10.5000000000
1 18 10 122880.000000 0.00000027859096 4 -11.2500000000
1 18 11 135168.000000 0.00000007426925 3 -12.2500000000
1 18 12 147456.000000 0.00000001773926 3 -13.2500000000
1 18 13 159744.000000 0.00000000434391 3 -14.2500000000
1 18 14 172032.000000 0.00000000110593 3 -15.2500000000
1 18 15 184320.000000 0.00000000026668 3 -16.2500000000
1 18 16 196608.000000 0.00000000008689 3 -17.2500000000
1 19 0 0.000000 0.04313452169299 0 -4.0000000000
1 19 1 12288.000000 0.02256967313588 0 -4.0000000000
1 19 2 24576.000000 0.00534074241295 5 -4.5000000000
1 19 3 36864.000000 0.00171912519727 4 -5.2500000000
1 19 4 49152.000000 0.00053306575865 4 -6.0000000000
1 19 5 61440.000000 0.00018572072440 4 -6.7500000000
1 19 6 73728.000000 0.00005537578545 3 -7.7500000000
1 19 7 86016.000000 0.00001517272358 4 -8.5000000000
1 19 8 98304.000000 0.00000445987143 4 -9.2500000000
1 19 9 110592.000000 0.00000113537544 3 -10.2500000000
1 19 10 122880.000000 0.00000028828902 3 -11.2500000000
1 19 11 135168.000000 0.00000007947036 3 -12.2500000000
1 19 12 147456.000000 0.00000001675903 3 -13.2500000000
1 19 13 159744.000000 0.00000000463426 3 -14.2500000000
1 19 14 172032.000000 0.00000000111101 3 -15.2500000000
1 19 15 184320.000000 0.00000000031078 3 -16.2500000000
1 19 16 196608.000000 0.00000000006866 3 -17.2500000000
1 20 0 0.000000 0.18261918425560 0 -3.0000000000
1 20 1 12288.000000 0.15989778935909 0 -3.0000000000
1 20 2 24576.000000 0.02741024456918 3 -4.0000000000
1 20 3 36864.000000 0.00941288098693 6 -4.2500000000
1 20 4 49152.000000 0.00397819839418 2 -5.5000000000
1 20 5 61440.000000 0.00149030657485 4 -6.2500000000
1 20 6 73728.000000 0.00028621157981 6 -6.5000000000
1 20 7 86016.000000 0.00008191147936 3 -7.5000000000
1 20 8 98304.000000 0.00002371788105 3 -8.5000000000
1 20 9 110592.000000 0.00000535155823 3 -9.5000000000
1 20 10 122880.000000 0.00000141131329 3 -10.5000000000
1 20 11 135168.000000 0.00000033280818 3 -11.5000000000
1 20 12 147456.000000 0.00000007249070 3 -12.5000000000
1 20 13 159744.000000 0.00000002164440 3 -13.5000000000
1 20 14 172032.000000 0.00000000477046 3 -14.5000000000
1 20 15 184320.000000 0.00000000138742 3 -15.5000000000
1 20 16 196608.000000 0.00000000027545 3 -16.5000000000
1 21 0 0.000000 0.68638610839844 0 -3.0000000000
1 21 1 12288.000000 0.38531911373138 0 -3.0000000000
1 21 2 24576.000000 0.07496461272240 4 -3.7500000000
1 21 3 36864.000000 0.02097330056131 3 -4.7500000000
1 21 4 49152.000000 0.00778547162190 4 -5.5000000000
1 21 5 61440.000000 0.00234995828941 4 -6.2500000000
1 21 6 73728.000000 0.00083875074051 4 -7.0000000000
1 21 7 86016.000000 0.00028701711562 4 -7.7500000000
1 21 8 98304.000000 0.00007421099872 4 -8.5000000000
1 21 9 110592.000000 0.00002074708027 3 -9.5000000000
1 21 10 122880.000000 0.00000453206758 3 -10.5000000000
1 21 11 135168.000000 0.00000147039952 4 -11.2500000000
1 21 12 147456.000000 0.00000044297124 2 -12.5000000000
1 21 13 159744.000000 0.00000009360465 4 -13.2500000000
1 21 14 172032.000000 0.00000002925479 3 -14.2500000000
1 21 15 184320.000000 0.00000000661922 3 -15.2500000000
1 21 16 196608.000000 0.00000000200150 3 -16.2500000000
1 22 0 0.000000 0.58897185325623 0 -3.0000000000
1 22 1 12288.000000 0.26721313595772 0 -3.0000000000
1 22 2 24576.000000 0.05817960575223 5 -3.5000000000
1 22 3 36864.000000 0.02283688634634 5 -4.0000000000
1 22 4 49152.000000 0.00769677106291 3 -5.0000000000
1 22 5 61440.000000 0.00293651269749 5 -5.5000000000
1 22 6 73728.000000 0.00072195404209 4 -6.2500000000
1 22 7 86016.000000 0.00028643748374 4 -7.0000000000
1 22 8 98304.000000 0.00007257408288 3 -8.0000000000
1 22 9 110592.000000 0.00002443625272 4 -8.7500000000
1 22 10 122880.000000 0.00000548554954 3 -9.7500000000
1 22 11 135168.000000 0.00000160893853 3 -10.7500000000
1 22 12 147456.000000 0.00000031225173 3 -11.7500000000
1 22 13 159744.000000 0.00000008960485 3 -12.7500000000
1 22 14 172032.000000 0.00000002375728 3 -13.7500000000
1 22 15 184320.000000 0.00000000605782 3 -14.7500000000
1 22 16 196608.000000 0.00000000149931 3 -15.7500000000
1 23 0 0.000000 0.37989565730095 0 -3.0000000000
1 23 1 12288.000000 0.18166990578175 1 -2.7500000000
1 23 2 24576.000000 0.05084163695574 3 -3.7500000000
1 23 3 36864.000000 0.01558666862547 6 -4.0000000000
1 23 4 49152.000000 0.00461864518002 3 -5.0000000000
1 23 5 61440.000000 0.00165148091037 4 -5.7500000000
1 23 6 73728.000000 0.00055836443789 4 -6.5000000000
1 23 7 86016.000000 0.00020358394249 5 -7.0000000000
1 23 8 98304.000000 0.00004688879926 3 -8.0000000000
1 23 9 110592.000000 0.00001604977842 3 -9.0000000000
1 23 10 122880.000000 0.00000422428002 4 -9.7500000000
1 23 11 135168.000000 0.00000103155946 3 -10.7500000000
1 23 12 147456.000000 0.00000027098079 3 -11.7500000000
1 23 13 159744.000000 0.00000006963544 3 -12.7500000000
1 23 14 172032.000000 0.00000001643101 3 -13.7500000000
1 23 15 184320.000000 0.00000000451946 3 -14.7500000000
1 23 16 196608.000000 0.00000000103462 3 -15.7500000000
1 24 0 0.000000 4.45305824279785 0 -2.0000000000
1 24 1 12288.000000 3.86835813522339 0 -2.0000000000
1 24 2 24576.000000 0.40532588958740 2 -3.2500000000
1 24 3 36864.000000 0.12164731323719 4 -4.0000000000
1 24 4 49152.000000 0.02580514922738 5 -4.5000000000
1 24 5 61440.000000 0.00923217739910 3 -5.5000000000
1 24 6 73728.000000 0.00351278530434 4 -6.2500000000
1 24 7 86016.000000 0.00128139765002 4 -7.0000000000
1 24 8 98304.000000 0.00045743377996 5 -7.5000000000
1 24 9 110592.000000 0.00012466868793 4 -8.2500000000
1 24 10 122880.000000 0.00003239689249 3 -9.2500000000
1 24 11 135168.000000 0.00000679811546 3 -10.2500000000
1 24 12 147456.000000 0.00000197744794 3 -11.2500000000
1 24 13 159744.000000 0.00000046764191 3 -12.2500000000
1 24 14 172032.000000 0.00000014923467 3 -13.2500000000
1 24 15 184320.000000 0.00000002964076 3 -14.2500000000
1 24 16 196608.000000 0.00000000684949 3 -15.2500000000
