15.700852 55.100000 78.400000
15.603317 55.100000 78.400000
15.564097 55.100000 78.400000
15.407260 55.100000 78.400000
15.341331 55.100000 78.400000
15.138072 55.100000 78.400000
14.888267 55.100000 78.400000
14.721635 55.100000 78.400000
14.644059 55.100000 78.400000
14.214412 55.100000 78.400000
14.033829 55.100000 78.400000
13.813161 55.100000 78.400000
13.667723 55.100000 78.400000
13.316474 55.100000 78.400000
13.123256 55.100000 78.400000
12.898432 55.100000 78.400000
12.666735 55.100000 78.400000
12.352977 55.100000 78.400000
12.081608 55.100000 78.400000
11.814149 55.100000 78.400000
11.646776 55.100000 78.400000
11.264291 55.100000 78.400000
11.002963 55.100000 78.400000
10.819663 55.100000 78.400000
10.463270 55.100000 78.400000
10.111898 55.100000 78.400000
9.881065 55.100000 78.400000
9.592288 55.100000 78.400000
9.214577 55.100000 78.600000
8.878390 55.100000 78.500000
8.644512 55.100000 78.500000
8.327174 55.100000 78.400000
7.917486 55.000000 78.400000
7.592946 55.000000 78.400000
7.340426 55.000000 78.400000
6.873287 55.000000 78.400000
6.573357 55.100000 78.500000
6.211696 55.200000 78.400000
5.786205 55.200000 78.400000
5.516276 55.100000 78.600000
4.977324 55.200000 78.600000
4.775999 55.200000 78.600000
4.334829 55.000000 78.600000
3.919626 55.000000 78.700000
3.754352 55.100000 78.700000
3.319560 55.200000 78.600000
3.021976 54.900000 78.600000
2.735298 55.200000 78.400000
2.528252 55.300000 78.400000
2.315198 55.400000 78.500000
1.828594 55.200000 78.400000
1.668958 55.000000 78.200000
1.419400 55.100000 78.700000
1.338779 55.100000 78.200000
1.216388 54.400000 78.300000
1.071690 54.700000 78.000000
0.864151 54.400000 78.300000
0.731717 54.600000 78.300000
0.593522 54.400000 78.100000
0.523808 54.100000 77.900000
0.406930 53.100000 78.300000
0.321906 52.700000 77.800000
0.278283 51.900000 76.600000
0.272275 50.200000 74.900000
0.239434 44.300000 67.900000
0.085683 42.600000 67.100000
0.069015 36.500000 61.000000
0.062389 25.900000 48.700000
0.019013 10.900000 25.300000
0.018643 9.300000 23.600000
0.018396 11.500000 25.900000
0.012511 10.600000 20.700000
0.001728 8.600000 19.400000
0.001482 3.800000 10.100000
0.001111 3.200000 7.300000
0.000988 3.200000 7.900000
0.000741 3.200000 7.900000
0.000494 1.300000 3.800000
0.000000 0.500000 2.000000
0.000000 0.500000 2.000000
0.000000 0.500000 2.000000
0.000000 0.500000 2.000000
0.000000 0.500000 2.000000
0.000000 0.500000 2.000000
0.000000 0.500000 2.000000
0.000000 0.500000 2.000000
0.000000 0.500000 2.000000
0.000000 0.500000 2.000000
0.000000 0.500000 2.000000
0.000000 0.500000 2.000000
0.000000 0.500000 2.000000
0.000000 0.500000 2.000000
0.000000 0.500000 2.000000
0.000000 0.500000 2.000000
0.000000 0.500000 2.000000
0.000000 0.500000 2.000000
