14.760649 55.100000 78.400000
14.630396 55.100000 78.400000
14.470266 55.100000 78.400000
14.210297 55.100000 78.400000
14.122556 55.100000 78.400000
13.946006 55.100000 78.400000
13.774353 55.100000 78.400000
13.556772 55.100000 78.400000
13.274620 55.100000 78.400000
13.107988 55.100000 78.400000
12.837483 55.100000 78.400000
12.586814 55.100000 78.400000
12.430594 55.100000 78.400000
12.206387 55.100000 78.400000
11.914935 55.100000 78.400000
11.701017 55.100000 78.400000
11.492366 55.100000 78.400000
11.183999 55.100000 78.400000
10.981481 55.100000 78.400000
10.709741 55.100000 78.400000
10.480267 55.100000 78.400000
10.054652 55.100000 78.400000
9.856537 55.100000 78.400000
9.594592 55.100000 78.400000
9.332277 55.100000 78.400000
9.001728 55.100000 78.400000
8.756327 55.100000 78.400000
8.472694 55.100000 78.500000
8.179760 55.100000 78.500000
7.853615 55.100000 78.400000
7.670439 55.100000 78.400000
7.234660 55.100000 78.500000
7.024157 55.100000 78.500000
6.788057 55.100000 78.500000
6.414750 55.100000 78.400000
6.143133 55.100000 78.500000
5.817235 55.200000 78.500000
5.506523 55.100000 78.600000
5.297625 55.100000 78.700000
4.991440 55.100000 78.600000
4.572781 55.200000 78.600000
4.345734 55.000000 78.700000
3.935800 55.100000 78.600000
3.758385 55.100000 78.600000
3.439607 55.000000 78.600000
3.221285 55.000000 78.600000
2.850693 54.900000 78.700000
2.674884 55.200000 78.800000
2.514136 55.000000 78.800000
2.259558 54.900000 78.900000
2.015515 55.000000 78.600000
1.791802 55.000000 78.500000
1.647846 54.900000 78.600000
1.503766 55.000000 78.500000
1.333594 55.300000 79.000000
1.206305 54.800000 78.900000
1.077781 54.700000 78.500000
0.965431 54.500000 78.500000
0.764270 54.900000 78.400000
0.699206 54.900000 78.600000
0.545208 54.400000 78.600000
0.517758 54.700000 78.600000
0.341948 53.600000 78.100000
0.298078 54.500000 77.900000
0.275896 53.000000 77.800000
0.274291 52.400000 77.400000
0.114902 51.300000 77.000000
0.103255 50.200000 75.200000
0.048973 47.900000 73.000000
0.042841 46.000000 70.400000
0.025680 42.600000 67.800000
0.018684 32.900000 55.800000
0.007037 28.100000 51.800000
0.005926 22.800000 44.500000
0.004692 10.800000 22.200000
0.002963 6.400000 15.300000
0.001975 4.100000 11.100000
0.000864 2.100000 4.400000
0.000741 1.200000 3.900000
0.000494 0.600000 1.900000
0.000247 0.400000 1.500000
0.000000 0.200000 0.500000
0.000000 0.200000 0.500000
0.000000 0.200000 0.500000
0.000000 0.200000 0.500000
0.000000 0.200000 0.500000
0.000000 0.200000 0.500000
0.000000 0.200000 0.500000
0.000000 0.200000 0.500000
0.000000 0.200000 0.500000
0.000000 0.200000 0.500000
0.000000 0.200000 0.500000
0.000000 0.200000 0.500000
0.000000 0.200000 0.500000
0.000000 0.200000 0.500000
0.000000 0.200000 0.500000
