15.375365 55.100000 78.400000
15.278571 55.100000 78.400000
15.134491 55.100000 78.400000
14.948146 55.100000 78.400000
14.651426 55.100000 78.400000
14.522779 55.100000 78.400000
14.334705 55.100000 78.400000
14.069344 55.100000 78.400000
13.756080 55.100000 78.400000
13.679246 55.100000 78.400000
13.438248 55.100000 78.400000
13.109305 55.100000 78.400000
12.863904 55.100000 78.400000
12.744310 55.100000 78.400000
12.457015 55.100000 78.400000
12.200091 55.100000 78.400000
11.912671 55.100000 78.500000
11.708671 55.100000 78.500000
11.420264 55.100000 78.500000
11.084571 55.100000 78.500000
10.891477 55.100000 78.500000
10.750195 55.100000 78.400000
10.409482 55.100000 78.400000
10.036915 55.100000 78.600000
9.770443 55.100000 78.600000
9.687724 55.100000 78.700000
9.372608 55.200000 78.700000
9.010453 55.100000 78.600000
8.802420 55.200000 78.500000
8.487181 55.200000 78.400000
8.209926 55.300000 78.500000
7.953619 55.300000 78.700000
7.613029 55.200000 78.600000
7.292769 54.800000 78.500000
7.067451 54.700000 78.600000
6.690481 55.200000 78.500000
6.343265 55.700000 78.300000
6.023869 55.400000 78.300000
5.666735 55.200000 78.300000
5.356764 55.100000 78.000000
5.094201 55.300000 78.400000
4.657434 54.300000 78.300000
4.426725 54.400000 77.900000
4.036380 54.000000 77.800000
3.815713 54.400000 78.200000
3.590642 54.000000 78.800000
3.295238 53.900000 78.200000
3.027038 54.100000 77.200000
2.726985 52.700000 76.800000
2.016791 49.300000 75.000000
1.845261 47.500000 73.800000
1.637598 46.600000 72.900000
1.486028 44.900000 69.300000
1.472159 44.700000 69.100000
1.374871 41.500000 66.000000
1.219268 32.500000 58.000000
1.089880 27.000000 50.300000
0.934894 19.000000 39.200000
0.606568 6.100000 16.200000
0.387506 1.600000 5.200000
0.338121 0.500000 3.700000
0.293016 0.500000 3.200000
0.285032 0.500000 2.400000
0.167661 0.000000 0.100000
0.144368 0.000000 0.100000
0.064735 0.000000 0.200000
0.063377 0.000000 0.200000
0.062266 0.000000 0.200000
0.019260 0.100000 0.300000
0.018272 0.100000 0.300000
0.017408 0.100000 0.300000
0.017408 0.100000 0.300000
0.001111 0.100000 0.300000
0.001111 0.100000 0.300000
0.001111 0.100000 0.300000
0.000617 0.100000 0.300000
0.000247 0.100000 0.300000
0.000247 0.100000 0.300000
0.000000 0.100000 0.300000
0.000000 0.100000 0.300000
0.000000 0.100000 0.300000
0.000000 0.100000 0.300000
0.000000 0.100000 0.300000
0.000000 0.100000 0.300000
0.000000 0.100000 0.300000
0.000000 0.100000 0.300000
0.000000 0.100000 0.300000
0.000000 0.100000 0.300000
0.000000 0.100000 0.300000
0.000000 0.100000 0.300000
0.000000 0.100000 0.300000
0.000000 0.100000 0.300000
0.000000 0.100000 0.300000
0.000000 0.100000 0.300000
0.000000 0.100000 0.300000
0.000000 0.100000 0.300000
