15.311330 55.100000 78.400000
15.140664 55.100000 78.400000
15.007490 55.100000 78.400000
14.852998 55.100000 78.400000
14.787316 55.100000 78.400000
14.484835 55.100000 78.400000
14.239928 55.100000 78.400000
14.005679 55.100000 78.400000
13.882547 55.100000 78.400000
13.600519 55.100000 78.400000
13.339438 55.100000 78.400000
13.163134 55.100000 78.400000
13.012799 55.100000 78.400000
12.730154 55.100000 78.400000
12.516482 55.100000 78.400000
12.270340 55.100000 78.400000
12.078728 55.100000 78.400000
11.680069 55.100000 78.400000
11.450471 55.100000 78.400000
11.199185 55.100000 78.400000
11.006091 55.100000 78.400000
10.622742 55.100000 78.400000
10.377341 55.100000 78.400000
10.193917 55.100000 78.400000
9.901231 55.100000 78.400000
9.649451 55.100000 78.400000
9.382361 55.100000 78.400000
9.115766 55.100000 78.400000
8.842668 55.100000 78.400000
8.507223 55.100000 78.400000
8.256677 55.100000 78.600000
7.873081 55.000000 78.500000
7.611630 55.100000 78.400000
7.264661 55.000000 78.600000
6.955307 55.100000 78.600000
6.682086 55.100000 78.600000
6.378987 55.400000 78.600000
6.096341 55.300000 78.400000
5.691675 55.200000 78.400000
5.412568 55.000000 78.600000
5.054941 55.100000 78.600000
4.745216 55.100000 78.600000
4.540105 55.300000 78.500000
4.241162 55.200000 78.600000
3.872875 55.300000 78.400000
3.442734 55.600000 78.400000
3.095889 55.300000 78.300000
2.806371 54.800000 78.200000
2.512202 54.700000 78.200000
2.323141 54.600000 78.300000
2.160542 54.800000 78.400000
2.040701 54.700000 78.300000
1.767357 54.500000 78.600000
1.479691 54.300000 78.500000
1.307790 53.700000 78.200000
1.257171 53.900000 78.100000
1.075476 53.800000 78.100000
0.961398 54.100000 77.900000
0.704844 53.200000 77.900000
0.586732 52.400000 77.300000
0.415573 51.500000 76.700000
0.377711 51.400000 76.800000
0.323305 50.100000 75.100000
0.314704 46.300000 72.400000
0.255648 45.200000 72.100000
0.243878 44.400000 69.500000
0.095271 43.200000 67.900000
0.094037 38.600000 63.300000
0.029466 36.900000 61.600000
0.028479 34.700000 59.600000
0.022470 31.700000 56.700000
0.021853 25.000000 48.000000
0.004198 12.500000 28.300000
0.003580 8.200000 19.100000
0.003087 6.200000 16.500000
0.002099 3.600000 11.700000
0.001728 0.900000 4.500000
0.001111 0.400000 2.400000
0.000494 0.700000 2.300000
0.000370 0.200000 1.000000
0.000000 0.200000 0.500000
0.000000 0.200000 0.500000
0.000000 0.200000 0.500000
0.000000 0.200000 0.500000
0.000000 0.200000 0.500000
0.000000 0.200000 0.500000
0.000000 0.200000 0.500000
0.000000 0.200000 0.500000
0.000000 0.200000 0.500000
0.000000 0.200000 0.500000
0.000000 0.200000 0.500000
0.000000 0.200000 0.500000
0.000000 0.200000 0.500000
0.000000 0.200000 0.500000
0.000000 0.200000 0.500000
0.000000 0.200000 0.500000
