15.253508 55.100000 78.400000
14.977365 55.100000 78.400000
14.865509 55.100000 78.400000
14.653072 55.100000 78.400000
14.560682 55.100000 78.400000
14.337462 55.100000 78.400000
14.044776 55.100000 78.400000
13.805630 55.100000 78.400000
13.640232 55.100000 78.400000
13.384543 55.100000 78.400000
13.165604 55.100000 78.400000
12.983785 55.100000 78.400000
12.786164 55.100000 78.400000
12.429894 55.100000 78.400000
12.289971 55.100000 78.400000
11.938475 55.100000 78.400000
11.725791 55.100000 78.400000
11.464093 55.100000 78.400000
11.071196 55.100000 78.400000
10.930532 55.100000 78.400000
10.621548 55.100000 78.400000
10.438372 55.100000 78.400000
10.103543 55.100000 78.400000
9.941068 55.100000 78.400000
9.569365 55.100000 78.400000
9.359727 55.100000 78.400000
9.066299 55.100000 78.400000
8.783901 55.100000 78.400000
8.442323 55.100000 78.400000
8.254373 55.100000 78.400000
7.887938 55.100000 78.600000
7.551751 55.000000 78.500000
7.358780 55.100000 78.400000
6.943208 55.000000 78.600000
6.628709 55.100000 78.600000
6.381826 55.100000 78.600000
6.020783 55.400000 78.600000
5.616980 55.300000 78.400000
5.417754 55.200000 78.400000
5.064900 55.000000 78.600000
4.838965 55.100000 78.700000
4.397300 55.100000 78.600000
4.050208 55.400000 78.500000
3.867155 55.200000 78.600000
3.314375 55.300000 78.400000
3.000247 55.600000 78.400000
2.816700 55.300000 78.300000
2.532326 54.700000 78.100000
2.259352 54.700000 78.200000
2.091362 54.600000 78.300000
1.839211 54.800000 78.400000
1.698300 54.900000 78.300000
1.477633 54.400000 78.600000
1.305856 54.300000 78.500000
1.049673 53.800000 78.200000
0.920038 53.900000 78.100000
0.869912 53.700000 78.100000
0.729372 54.100000 78.300000
0.578419 53.300000 77.900000
0.396971 52.300000 77.100000
0.310219 51.300000 77.100000
0.298819 51.500000 77.000000
0.291699 49.900000 75.000000
0.267171 46.100000 72.700000
0.250381 45.400000 72.100000
0.238487 44.900000 69.400000
0.100539 43.000000 67.100000
0.067698 38.700000 63.300000
0.018931 37.100000 61.500000
0.017943 34.700000 59.100000
0.017202 31.600000 56.300000
0.016585 24.600000 47.700000
0.004198 12.600000 28.200000
0.003580 7.900000 19.300000
0.003087 6.100000 16.600000
0.002222 5.700000 13.100000
0.001728 0.900000 4.300000
0.001111 0.400000 2.200000
0.000494 0.600000 2.400000
0.000370 0.200000 1.000000
0.000000 0.200000 0.400000
0.000000 0.200000 0.400000
0.000000 0.200000 0.400000
0.000000 0.200000 0.400000
0.000000 0.200000 0.400000
0.000000 0.200000 0.400000
0.000000 0.200000 0.400000
0.000000 0.200000 0.400000
0.000000 0.200000 0.400000
0.000000 0.200000 0.400000
0.000000 0.200000 0.400000
0.000000 0.200000 0.400000
0.000000 0.200000 0.400000
0.000000 0.200000 0.400000
0.000000 0.200000 0.400000
0.000000 0.200000 0.400000
