15.504753 51.600000 75.900000
15.291082 51.600000 75.900000
15.214741 51.600000 75.900000
15.106424 51.600000 75.900000
14.913577 51.600000 75.900000
14.663402 51.600000 75.900000
14.508046 51.600000 75.900000
14.379028 51.600000 75.900000
14.116836 51.600000 75.900000
13.839458 51.600000 75.900000
13.647599 51.600000 75.900000
13.490637 51.600000 75.900000
13.218404 51.600000 75.900000
12.857607 51.600000 75.900000
12.648710 51.600000 75.900000
12.482324 51.600000 75.900000
12.214741 51.600000 75.900000
11.779086 51.600000 75.900000
11.649327 51.600000 75.900000
11.503148 51.600000 75.900000
11.145644 51.600000 75.900000
10.800650 51.600000 75.900000
10.565538 51.600000 75.900000
10.371209 51.600000 75.800000
9.956624 51.600000 75.800000
9.716490 51.600000 75.900000
9.455039 51.600000 75.900000
9.266348 51.600000 75.900000
8.835343 51.600000 75.900000
8.489979 51.600000 75.900000
8.260628 51.600000 75.900000
7.939874 51.600000 75.800000
7.597802 51.600000 75.900000
7.131281 51.600000 75.800000
6.964402 51.600000 75.800000
6.580929 51.600000 75.800000
6.108276 51.600000 75.900000
5.856743 51.600000 75.800000
5.569324 51.600000 75.900000
5.184123 51.500000 75.800000
4.736820 51.500000 75.800000
4.469361 51.500000 75.800000
4.222478 51.500000 75.800000
3.858595 51.500000 75.900000
3.574962 51.800000 75.800000
3.144450 51.700000 75.800000
2.692251 51.600000 76.000000
2.550475 51.700000 75.700000
2.460883 51.600000 76.100000
2.189020 52.100000 75.800000
1.831886 51.600000 75.900000
1.674801 51.100000 75.900000
1.570764 51.500000 75.900000
1.272686 51.800000 75.500000
1.032306 51.100000 75.100000
0.929750 51.300000 74.800000
0.843492 50.500000 74.000000
0.710070 49.600000 73.400000
0.513437 49.200000 73.000000
0.336639 44.200000 69.000000
0.286514 38.400000 61.300000
0.274250 37.200000 61.000000
0.246924 35.100000 58.400000
0.240298 30.200000 52.600000
0.228404 22.000000 41.200000
0.069509 14.900000 30.500000
0.062883 8.400000 18.300000
0.020001 6.300000 15.500000
0.013992 4.100000 12.000000
0.013498 5.700000 14.300000
0.002099 4.800000 12.000000
0.001852 4.100000 11.200000
0.001728 3.700000 10.200000
0.001482 2.400000 6.900000
0.001111 3.400000 9.200000
0.000988 2.800000 8.800000
0.000494 0.500000 1.600000
0.000494 0.500000 1.600000
0.000494 0.500000 1.600000
0.000123 0.200000 0.500000
0.000000 0.200000 0.400000
0.000000 0.200000 0.400000
0.000000 0.200000 0.400000
0.000000 0.200000 0.400000
0.000000 0.200000 0.400000
0.000000 0.200000 0.400000
0.000000 0.200000 0.400000
0.000000 0.200000 0.400000
0.000000 0.200000 0.400000
0.000000 0.200000 0.400000
0.000000 0.200000 0.400000
0.000000 0.200000 0.400000
0.000000 0.200000 0.400000
0.000000 0.200000 0.400000
0.000000 0.200000 0.400000
0.000000 0.200000 0.400000
