14.654924 55.100000 78.400000
14.536071 55.100000 78.400000
14.322647 55.100000 78.400000
14.115355 55.100000 78.400000
13.916992 55.100000 78.400000
13.745586 55.100000 78.400000
13.479238 55.100000 78.400000
13.341043 55.100000 78.400000
13.053377 55.100000 78.400000
12.865673 55.100000 78.400000
12.637434 55.100000 78.400000
12.491996 55.100000 78.400000
12.151529 55.100000 78.400000
11.932466 55.100000 78.400000
11.630479 55.100000 78.400000
11.437261 55.100000 78.400000
11.134038 55.100000 78.400000
10.936417 55.100000 78.400000
10.538993 55.100000 78.400000
10.467427 55.100000 78.400000
10.095601 55.100000 78.400000
9.865015 55.100000 78.400000
9.508869 55.100000 78.400000
9.299601 55.100000 78.400000
8.942343 55.100000 78.400000
8.722417 55.100000 78.400000
8.445533 55.100000 78.400000
8.109223 55.100000 78.500000
7.868966 55.100000 78.500000
7.600765 55.100000 78.400000
7.233219 55.100000 78.400000
6.934524 55.100000 78.500000
6.702827 55.100000 78.500000
6.435121 55.100000 78.500000
6.056422 55.100000 78.400000
5.742911 55.100000 78.500000
5.527511 55.100000 78.500000
5.179802 55.100000 78.600000
4.897280 55.100000 78.700000
4.580312 55.100000 78.500000
4.277789 55.200000 78.600000
4.019137 55.000000 78.700000
3.603687 55.100000 78.600000
3.421375 55.100000 78.600000
3.044529 55.000000 78.600000
2.884028 55.100000 78.600000
2.576773 54.900000 78.700000
2.379892 55.200000 78.900000
2.140129 55.000000 78.900000
1.943496 54.800000 79.000000
1.736203 55.200000 78.600000
1.433598 54.900000 78.500000
1.389481 54.900000 78.800000
1.256060 55.100000 78.700000
1.054406 55.300000 78.900000
0.906046 54.800000 78.900000
0.835466 54.700000 78.500000
0.649245 54.400000 78.500000
0.611507 54.900000 78.400000
0.493765 55.000000 78.700000
0.334499 54.400000 78.700000
0.301782 54.700000 78.600000
0.284003 53.900000 77.700000
0.255936 54.100000 77.700000
0.249558 53.000000 78.100000
0.242685 52.300000 77.300000
0.083172 51.600000 77.200000
0.066381 50.100000 75.600000
0.022635 47.300000 72.900000
0.021770 45.900000 70.500000
0.020412 42.600000 68.000000
0.018437 32.100000 56.200000
0.007037 28.300000 52.000000
0.005926 23.500000 45.000000
0.004692 11.700000 24.200000
0.002963 7.300000 15.800000
0.001975 4.300000 11.800000
0.000864 1.600000 3.500000
0.000741 1.000000 3.200000
0.000494 0.400000 1.800000
0.000247 0.500000 1.500000
0.000000 0.200000 0.400000
0.000000 0.200000 0.400000
0.000000 0.200000 0.400000
0.000000 0.200000 0.400000
0.000000 0.200000 0.400000
0.000000 0.200000 0.400000
0.000000 0.200000 0.400000
0.000000 0.200000 0.400000
0.000000 0.200000 0.400000
0.000000 0.200000 0.400000
0.000000 0.200000 0.400000
0.000000 0.200000 0.400000
0.000000 0.200000 0.400000
0.000000 0.200000 0.400000
0.000000 0.200000 0.400000
