15.674884 55.100000 78.400000
15.576978 55.100000 78.400000
15.501008 55.100000 78.400000
15.354459 55.100000 78.400000
15.172394 55.100000 78.400000
15.032964 55.100000 78.400000
14.819663 55.100000 78.400000
14.642619 55.100000 78.400000
14.443763 55.100000 78.400000
14.145932 55.100000 78.400000
13.901889 55.100000 78.400000
13.744928 55.100000 78.400000
13.520227 55.100000 78.400000
13.095477 55.100000 78.400000
12.928351 55.100000 78.400000
12.761472 55.100000 78.400000
12.440224 55.100000 78.400000
12.084324 55.100000 78.400000
11.907774 55.100000 78.400000
11.735133 55.100000 78.400000
11.441335 55.100000 78.400000
10.995638 55.100000 78.400000
10.823861 55.100000 78.400000
10.630149 55.100000 78.400000
10.342113 55.100000 78.400000
9.948599 55.100000 78.400000
9.707231 55.100000 78.400000
9.413186 55.100000 78.400000
9.046010 55.100000 78.600000
8.809910 55.100000 78.500000
8.386271 55.100000 78.500000
8.069056 55.100000 78.400000
7.754187 55.000000 78.400000
7.450718 55.000000 78.400000
7.134985 55.000000 78.400000
6.709988 55.000000 78.400000
6.362649 55.100000 78.500000
6.095806 55.200000 78.400000
5.596568 55.200000 78.400000
5.347710 55.100000 78.600000
4.861435 55.200000 78.600000
4.507346 55.200000 78.600000
4.139923 55.000000 78.600000
3.777398 55.000000 78.600000
3.575250 55.000000 78.600000
3.166797 55.100000 78.600000
2.906087 54.900000 78.600000
2.492983 55.200000 78.400000
2.280670 55.300000 78.400000
1.946459 55.400000 78.500000
1.638956 55.200000 78.400000
1.505659 55.000000 78.200000
1.382526 55.000000 78.700000
1.127577 54.800000 78.200000
1.026256 54.500000 78.100000
0.892588 54.500000 78.000000
0.827277 54.400000 78.300000
0.668505 54.600000 78.300000
0.561916 54.400000 78.100000
0.455327 54.100000 77.900000
0.275238 52.900000 78.000000
0.274867 53.000000 77.900000
0.251945 51.700000 76.800000
0.240668 50.200000 75.100000
0.228898 44.300000 67.900000
0.111898 41.200000 65.600000
0.069015 36.400000 61.100000
0.062389 25.900000 48.600000
0.013745 10.900000 25.400000
0.013375 9.300000 23.600000
0.002593 11.400000 26.000000
0.001975 10.600000 20.700000
0.001728 8.700000 19.400000
0.001482 3.800000 10.100000
0.001111 3.200000 7.300000
0.000988 3.200000 8.000000
0.000741 3.200000 8.000000
0.000494 1.300000 3.800000
0.000000 0.500000 2.000000
0.000000 0.500000 2.000000
0.000000 0.500000 2.000000
0.000000 0.500000 2.000000
0.000000 0.500000 2.000000
0.000000 0.500000 2.000000
0.000000 0.500000 2.000000
0.000000 0.500000 2.000000
0.000000 0.500000 2.000000
0.000000 0.500000 2.000000
0.000000 0.500000 2.000000
0.000000 0.500000 2.000000
0.000000 0.500000 2.000000
0.000000 0.500000 2.000000
0.000000 0.500000 2.000000
0.000000 0.500000 2.000000
0.000000 0.500000 2.000000
0.000000 0.500000 2.000000
