15.504136 51.500000 76.100000
15.291082 51.500000 76.100000
15.214988 51.500000 76.100000
15.106795 51.500000 76.100000
14.950451 51.500000 76.100000
14.731635 51.500000 76.100000
14.550064 51.500000 76.100000
14.389193 51.500000 76.100000
14.222314 51.500000 76.100000
13.881600 51.500000 76.100000
13.689617 51.500000 76.100000
13.501173 51.500000 76.100000
13.239475 51.500000 76.100000
12.894481 51.500000 76.100000
12.780402 51.500000 76.100000
12.529734 51.500000 76.100000
12.325116 51.500000 76.100000
11.910778 51.500000 76.100000
11.754681 51.500000 76.100000
11.487222 51.500000 76.100000
11.261657 51.500000 76.100000
10.927075 51.400000 76.100000
10.697230 51.500000 76.100000
10.381744 51.500000 76.100000
10.135726 51.500000 76.100000
9.821845 51.500000 76.100000
9.549858 51.400000 76.100000
9.276884 51.400000 76.100000
8.982839 51.400000 76.100000
8.642742 51.400000 76.100000
8.350179 51.500000 76.100000
7.987283 51.500000 76.100000
7.782172 51.500000 76.100000
7.331454 51.500000 76.100000
7.048685 51.600000 76.100000
6.638874 51.500000 76.100000
6.334787 51.500000 76.100000
5.919956 51.500000 76.100000
5.632536 51.400000 76.100000
5.347422 51.500000 76.100000
4.879049 51.400000 76.100000
4.627392 51.400000 76.100000
4.280423 51.500000 76.100000
3.974485 51.800000 76.200000
3.675048 51.900000 76.000000
3.212931 51.700000 76.000000
2.787069 51.700000 76.100000
2.697971 51.800000 76.000000
2.576773 51.700000 75.900000
2.336516 51.800000 75.800000
1.942508 51.400000 75.900000
1.790691 51.100000 75.800000
1.691921 51.100000 75.800000
1.541339 51.700000 75.700000
1.279888 51.100000 75.100000
1.035104 51.100000 74.600000
0.901436 50.700000 74.300000
0.804889 49.500000 73.300000
0.576649 48.900000 72.800000
0.378781 44.100000 68.600000
0.370797 38.500000 61.600000
0.332195 37.500000 61.200000
0.325939 35.000000 57.900000
0.277172 30.000000 53.000000
0.149512 22.600000 41.500000
0.080044 14.800000 30.500000
0.068151 8.300000 18.400000
0.067410 6.500000 15.600000
0.019260 4.200000 12.000000
0.018766 5.600000 14.500000
0.017902 4.700000 11.900000
0.012387 4.100000 11.100000
0.001728 3.400000 10.000000
0.001482 2.300000 6.900000
0.001111 3.400000 9.100000
0.000988 2.700000 8.700000
0.000494 0.500000 1.600000
0.000494 0.500000 1.600000
0.000494 0.500000 1.600000
0.000123 0.200000 0.600000
0.000000 0.200000 0.500000
0.000000 0.200000 0.500000
0.000000 0.200000 0.500000
0.000000 0.200000 0.500000
0.000000 0.200000 0.500000
0.000000 0.200000 0.500000
0.000000 0.200000 0.500000
0.000000 0.200000 0.500000
0.000000 0.200000 0.500000
0.000000 0.200000 0.500000
0.000000 0.200000 0.500000
0.000000 0.200000 0.500000
0.000000 0.200000 0.500000
0.000000 0.200000 0.500000
0.000000 0.200000 0.500000
0.000000 0.200000 0.500000
