15.238405 55.100000 78.400000
15.057204 55.100000 78.400000
14.907733 55.100000 78.400000
14.768550 55.100000 78.400000
14.592494 55.100000 78.400000
14.420964 55.100000 78.400000
14.134038 55.100000 78.400000
14.010165 55.100000 78.400000
13.665171 55.100000 78.400000
13.530639 55.100000 78.400000
13.237952 55.100000 78.400000
13.108441 55.100000 78.400000
12.804107 55.100000 78.400000
12.606856 55.100000 78.500000
12.313552 55.100000 78.400000
12.152434 55.100000 78.400000
11.848101 55.100000 78.400000
11.607844 55.100000 78.500000
11.330590 55.100000 78.500000
11.131734 55.100000 78.500000
10.791638 55.100000 78.500000
10.498580 55.100000 78.400000
10.316021 55.100000 78.400000
10.091197 55.100000 78.400000
9.650521 55.000000 78.400000
9.541216 55.100000 78.400000
9.210791 55.100000 78.500000
8.769620 55.200000 78.600000
8.512943 55.200000 78.500000
8.245854 55.200000 78.700000
7.989177 55.000000 78.500000
7.585621 55.300000 78.600000
7.344376 55.300000 78.500000
7.151529 55.300000 78.500000
6.703980 55.200000 78.800000
6.385201 55.400000 78.200000
6.202519 55.300000 78.400000
5.787440 55.300000 78.700000
5.525618 55.500000 78.400000
5.167373 55.200000 78.400000
4.840981 54.800000 78.700000
4.387794 54.800000 78.100000
4.088234 54.000000 78.000000
3.894399 53.500000 78.100000
3.654142 54.000000 78.300000
3.185399 54.600000 78.100000
2.875304 53.700000 77.700000
2.675954 53.800000 77.300000
2.439730 54.000000 77.900000
2.182929 52.700000 76.800000
2.068357 53.000000 76.800000
1.802008 51.000000 75.200000
1.593852 48.800000 72.800000
1.501091 46.200000 72.000000
1.413968 45.000000 71.700000
1.358204 44.700000 70.300000
1.075806 37.400000 62.500000
0.883822 30.700000 53.300000
0.808223 24.100000 43.500000
0.605334 12.400000 27.700000
0.371332 4.300000 13.000000
0.359068 3.500000 10.600000
0.299395 2.000000 6.300000
0.276102 1.500000 4.500000
0.264085 0.800000 3.500000
0.178690 0.200000 0.600000
0.082514 0.300000 0.500000
0.070867 0.300000 0.500000
0.022100 0.200000 0.700000
0.020989 0.200000 0.700000
0.020248 0.200000 0.700000
0.014116 0.200000 0.700000
0.013252 0.200000 0.700000
0.002346 0.200000 0.700000
0.001852 0.200000 0.700000
0.001235 0.200000 0.700000
0.001235 0.200000 0.700000
0.001111 0.200000 0.700000
0.000864 0.200000 0.700000
0.000370 0.200000 0.700000
0.000000 0.200000 0.700000
0.000000 0.200000 0.700000
0.000000 0.200000 0.700000
0.000000 0.200000 0.700000
0.000000 0.200000 0.700000
0.000000 0.200000 0.700000
0.000000 0.200000 0.700000
0.000000 0.200000 0.700000
0.000000 0.200000 0.700000
0.000000 0.200000 0.700000
0.000000 0.200000 0.700000
0.000000 0.200000 0.700000
0.000000 0.200000 0.700000
0.000000 0.200000 0.700000
0.000000 0.200000 0.700000
0.000000 0.200000 0.700000
