4 0 0 0.000000 0.00162461888976 0 3.0000000000
4 0 1 49152.000000 0.00100323650986 0 3.0000000000
4 0 2 98304.000000 0.00027215023874 4 2.2500000000
4 0 3 147456.000000 0.00010404657223 3 1.2500000000
4 0 4 196608.000000 0.00004842564886 6 1.0000000000
4 0 5 245760.000000 0.00002248232886 4 0.2500000000
4 0 6 294912.000000 0.00000930885290 5 -0.2500000000
4 0 7 344064.000000 0.00000351689300 5 -0.7500000000
4 0 8 393216.000000 0.00000097275858 3 -1.7500000000
4 0 9 442368.000000 0.00000026871280 4 -2.5000000000
4 0 10 491520.000000 0.00000006926444 3 -3.5000000000
4 0 11 540672.000000 0.00000001806945 3 -4.5000000000
4 0 12 589824.000000 0.00000000434401 3 -5.5000000000
4 0 13 638976.000000 0.00000000103374 3 -6.5000000000
4 0 14 688128.000000 0.00000000027482 3 -7.5000000000
4 0 15 737280.000000 0.00000000007470 3 -8.5000000000
4 0 16 786432.000000 0.00000000001968 3 -9.5000000000
4 1 0 0.000000 0.00270380522124 0 3.0000000000
4 1 1 49152.000000 0.00141695130151 0 3.0000000000
4 1 2 98304.000000 0.00042084662709 5 2.5000000000
4 1 3 147456.000000 0.00016078996123 4 1.7500000000
4 1 4 196608.000000 0.00006392824434 4 1.0000000000
4 1 5 245760.000000 0.00002265093281 4 0.2500000000
4 1 6 294912.000000 0.00000733389197 5 -0.2500000000
4 1 7 344064.000000 0.00000234013100 4 -1.0000000000
4 1 8 393216.000000 0.00000069287398 3 -2.0000000000
4 1 9 442368.000000 0.00000021666565 4 -2.7500000000
4 1 10 491520.000000 0.00000006090735 3 -3.7500000000
4 1 11 540672.000000 0.00000001875170 4 -4.5000000000
4 1 12 589824.000000 0.00000000470483 3 -5.5000000000
4 1 13 638976.000000 0.00000000108975 3 -6.5000000000
4 1 14 688128.000000 0.00000000028370 3 -7.5000000000
4 1 15 737280.000000 0.00000000007408 3 -8.5000000000
4 1 16 786432.000000 0.00000000001790 3 -9.5000000000
4 2 0 0.000000 0.00256523350254 0 3.0000000000
4 2 1 49152.000000 0.00144305941649 0 3.0000000000
4 2 2 98304.000000 0.00044691562653 4 2.2500000000
4 2 3 147456.000000 0.00018177514721 4 1.5000000000
4 2 4 196608.000000 0.00008150416397 6 1.2500000000
4 2 5 245760.000000 0.00003704852861 4 0.5000000000
4 2 6 294912.000000 0.00001335660090 6 0.2500000000
4 2 7 344064.000000 0.00000432688194 3 -0.7500000000
4 2 8 393216.000000 0.00000115437854 4 -1.5000000000
4 2 9 442368.000000 0.00000030955101 3 -2.5000000000
4 2 10 491520.000000 0.00000007517613 3 -3.5000000000
4 2 11 540672.000000 0.00000002119696 3 -4.5000000000
4 2 12 589824.000000 0.00000000613840 4 -5.2500000000
4 2 13 638976.000000 0.00000000160551 3 -6.2500000000
4 2 14 688128.000000 0.00000000041935 3 -7.2500000000
4 2 15 737280.000000 0.00000000010570 3 -8.2500000000
4 2 16 786432.000000 0.00000000002324 3 -9.2500000000
4 3 0 0.000000 0.01448548119515 0 4.0000000000
4 3 1 49152.000000 0.00705451844260 0 4.0000000000
4 3 2 98304.000000 0.00175783736631 4 3.2500000000
4 3 3 147456.000000 0.00072875648038 5 2.7500000000
4 3 4 196608.000000 0.00027308831341 3 1.7500000000
4 3 5 245760.000000 0.00009592263814 6 1.5000000000
4 3 6 294912.000000 0.00003526818546 4 0.7500000000
4 3 7 344064.000000 0.00001051751406 4 0.0000000000
4 3 8 393216.000000 0.00000376627395 3 -1.0000000000
4 3 9 442368.000000 0.00000098652129 4 -1.7500000000
4 3 10 491520.000000 0.00000026698464 3 -2.7500000000
4 3 11 540672.000000 0.00000008076422 3 -3.7500000000
4 3 12 589824.000000 0.00000002482719 4 -4.5000000000
4 3 13 638976.000000 0.00000000565235 3 -5.5000000000
4 3 14 688128.000000 0.00000000135630 3 -6.5000000000
4 3 15 737280.000000 0.00000000032757 3 -7.5000000000
4 3 16 786432.000000 0.00000000008263 3 -8.5000000000
4 4 0 0.000000 0.06641984730959 0 4.0000000000
4 4 1 49152.000000 0.03175317496061 2 4.5000000000
4 4 2 98304.000000 0.00583619857207 7 4.5000000000
4 4 3 147456.000000 0.00191290455405 2 3.2500000000
4 4 4 196608.000000 0.00078140175901 5 2.7500000000
4 4 5 245760.000000 0.00038742244942 4 2.0000000000
4 4 6 294912.000000 0.00018780707614 5 1.5000000000
4 4 7 344064.000000 0.00007472043944 5 1.0000000000
4 4 8 393216.000000 0.00001998990410 4 0.2500000000
4 4 9 442368.000000 0.00000667784707 4 -0.5000000000
4 4 10 491520.000000 0.00000165866675 3 -1.5000000000
4 4 11 540672.000000 0.00000040387798 3 -2.5000000000
4 4 12 589824.000000 0.00000009870457 3 -3.5000000000
4 4 13 638976.000000 0.00000002717376 3 -4.5000000000
4 4 14 688128.000000 0.00000000596950 3 -5.5000000000
4 4 15 737280.000000 0.00000000163946 3 -6.5000000000
4 4 16 786432.000000 0.00000000039638 3 -7.5000000000
4 5 0 0.000000 0.04478322714567 0 4.0000000000
4 5 1 49152.000000 0.02271955646574 2 4.5000000000
4 5 2 98304.000000 0.00397872179747 5 4.0000000000
4 5 3 147456.000000 0.00143473676872 4 3.2500000000
4 5 4 196608.000000 0.00046931742691 4 2.5000000000
4 5 5 245760.000000 0.00017401733203 4 1.7500000000
4 5 6 294912.000000 0.00006120366743 4 1.0000000000
4 5 7 344064.000000 0.00001938286550 3 0.0000000000
4 5 8 393216.000000 0.00000641289762 5 -0.5000000000
4 5 9 442368.000000 0.00000183493432 3 -1.5000000000
4 5 10 491520.000000 0.00000059357535 3 -2.5000000000
4 5 11 540672.000000 0.00000014416104 4 -3.2500000000
4 5 12 589824.000000 0.00000003704704 3 -4.2500000000
4 5 13 638976.000000 0.00000000879779 3 -5.2500000000
4 5 14 688128.000000 0.00000000235500 3 -6.2500000000
4 5 15 737280.000000 0.00000000056885 3 -7.2500000000
4 5 16 786432.000000 0.00000000014569 3 -8.2500000000
4 6 0 0.000000 0.17047898471355 0 6.0000000000
4 6 1 49152.000000 0.08766094595194 0 6.0000000000
4 6 2 98304.000000 0.01551364734769 2 4.7500000000
4 6 3 147456.000000 0.00512961810455 4 4.0000000000
4 6 4 196608.000000 0.00179193099029 4 3.2500000000
4 6 5 245760.000000 0.00056536070770 4 2.5000000000
4 6 6 294912.000000 0.00020793659496 4 1.7500000000
4 6 7 344064.000000 0.00007097668276 4 1.0000000000
4 6 8 393216.000000 0.00001916310794 4 0.2500000000
4 6 9 442368.000000 0.00000512288443 3 -0.7500000000
4 6 10 491520.000000 0.00000141354428 3 -1.7500000000
4 6 11 540672.000000 0.00000034618751 3 -2.7500000000
4 6 12 589824.000000 0.00000011649164 3 -3.7500000000
4 6 13 638976.000000 0.00000002959717 4 -4.5000000000
4 6 14 688128.000000 0.00000000679828 3 -5.5000000000
4 6 15 737280.000000 0.00000000176859 3 -6.5000000000
4 6 16 786432.000000 0.00000000045880 3 -7.5000000000
4 7 0 0.000000 0.14800646901131 0 5.0000000000
4 7 1 49152.000000 0.06590557843447 0 5.0000000000
4 7 2 98304.000000 0.01292796712369 5 4.5000000000
4 7 3 147456.000000 0.00452308123931 4 3.7500000000
4 7 4 196608.000000 0.00161734386347 4 3.0000000000
4 7 5 245760.000000 0.00055471831001 5 2.5000000000
4 7 6 294912.000000 0.00019469503604 4 1.7500000000
4 7 7 344064.000000 0.00007835212455 4 1.0000000000
4 7 8 393216.000000 0.00002536851571 4 0.2500000000
4 7 9 442368.000000 0.00000751924199 4 -0.5000000000
4 7 10 491520.000000 0.00000185228123 3 -1.5000000000
4 7 11 540672.000000 0.00000056171871 3 -2.5000000000
4 7 12 589824.000000 0.00000016590855 4 -3.2500000000
4 7 13 638976.000000 0.00000003836386 3 -4.2500000000
4 7 14 688128.000000 0.00000001005804 3 -5.2500000000
4 7 15 737280.000000 0.00000000242512 3 -6.2500000000
4 7 16 786432.000000 0.00000000060876 3 -7.2500000000
4 8 0 0.000000 4.64685058593750 0 7.0000000000
4 8 1 49152.000000 3.90565633773804 0 7.0000000000
4 8 2 98304.000000 0.46299108862877 4 6.2500000000
4 8 3 147456.000000 0.11276598274708 5 5.7500000000
4 8 4 196608.000000 0.03808737546206 4 5.0000000000
4 8 5 245760.000000 0.01129307225347 4 4.2500000000
4 8 6 294912.000000 0.00390165066347 4 3.5000000000
4 8 7 344064.000000 0.00132876890711 3 2.5000000000
4 8 8 393216.000000 0.00051802198868 5 2.0000000000
4 8 9 442368.000000 0.00015475653345 4 1.2500000000
4 8 10 491520.000000 0.00004893808000 3 0.2500000000
4 8 11 540672.000000 0.00001452777178 4 -0.5000000000
4 8 12 589824.000000 0.00000327829935 3 -1.5000000000
4 8 13 638976.000000 0.00000083847516 3 -2.5000000000
4 8 14 688128.000000 0.00000021981241 3 -3.5000000000
4 8 15 737280.000000 0.00000006306423 3 -4.5000000000
4 8 16 786432.000000 0.00000001957795 4 -5.2500000000
