2 0 0 0.000000 0.00020012764435 0 4.0000000000
2 0 1 98304.000000 0.00012507679639 0 4.0000000000
2 0 2 196608.000000 0.00003126036609 4 3.2500000000
2 0 3 294912.000000 0.00001260337012 4 2.5000000000
2 0 4 393216.000000 0.00000517606031 5 2.0000000000
2 0 5 491520.000000 0.00000229524858 4 1.2500000000
2 0 6 589824.000000 0.00000103955244 5 0.7500000000
2 0 7 688128.000000 0.00000043570455 4 0.0000000000
2 0 8 786432.000000 0.00000016947396 5 -0.5000000000
2 0 9 884736.000000 0.00000005899234 4 -1.2500000000
2 0 10 983040.000000 0.00000001659531 4 -2.0000000000
2 0 11 1081344.000000 0.00000000411164 3 -3.0000000000
2 0 12 1179648.000000 0.00000000107960 3 -4.0000000000
2 0 13 1277952.000000 0.00000000026334 3 -5.0000000000
2 0 14 1376256.000000 0.00000000009304 4 -5.7500000000
2 0 15 1474560.000000 0.00000000002323 3 -6.7500000000
2 0 16 1572864.000000 0.00000000000636 3 -7.7500000000
2 1 0 0.000000 0.00257327128202 0 5.0000000000
2 1 1 98304.000000 0.00135466991924 0 5.0000000000
2 1 2 196608.000000 0.00036231032573 6 4.7500000000
2 1 3 294912.000000 0.00013908403344 4 4.0000000000
2 1 4 393216.000000 0.00006054275582 5 3.5000000000
2 1 5 491520.000000 0.00002486738413 4 2.7500000000
2 1 6 589824.000000 0.00001009648349 5 2.2500000000
2 1 7 688128.000000 0.00000348200979 3 1.2500000000
2 1 8 786432.000000 0.00000114503939 5 0.7500000000
2 1 9 884736.000000 0.00000037352319 4 0.0000000000
2 1 10 983040.000000 0.00000009453034 3 -1.0000000000
2 1 11 1081344.000000 0.00000002438600 3 -2.0000000000
2 1 12 1179648.000000 0.00000000710479 3 -3.0000000000
2 1 13 1277952.000000 0.00000000207691 4 -3.7500000000
2 1 14 1376256.000000 0.00000000052890 3 -4.7500000000
2 1 15 1474560.000000 0.00000000013577 3 -5.7500000000
2 1 16 1572864.000000 0.00000000003282 3 -6.7500000000
2 2 0 0.000000 0.00380819756538 0 5.0000000000
2 2 1 98304.000000 0.00195465004072 1 5.2500000000
2 2 2 196608.000000 0.00046297060908 5 4.7500000000
2 2 3 294912.000000 0.00015031789371 5 4.2500000000
2 2 4 393216.000000 0.00006126001972 4 3.5000000000
2 2 5 491520.000000 0.00002442084769 5 3.0000000000
2 2 6 589824.000000 0.00000933843239 3 2.0000000000
2 2 7 688128.000000 0.00000339940379 4 1.2500000000
2 2 8 786432.000000 0.00000129491002 5 0.7500000000
2 2 9 884736.000000 0.00000040197577 4 0.0000000000
2 2 10 983040.000000 0.00000011090913 3 -1.0000000000
2 2 11 1081344.000000 0.00000003310541 3 -2.0000000000
2 2 12 1179648.000000 0.00000000835156 4 -2.7500000000
2 2 13 1277952.000000 0.00000000240562 3 -3.7500000000
2 2 14 1376256.000000 0.00000000053805 3 -4.7500000000
2 2 15 1474560.000000 0.00000000013579 3 -5.7500000000
2 2 16 1572864.000000 0.00000000003397 3 -6.7500000000
2 3 0 0.000000 0.02085426077247 0 6.0000000000
2 3 1 98304.000000 0.00991586130112 2 6.5000000000
2 3 2 196608.000000 0.00285088736564 4 5.7500000000
2 3 3 294912.000000 0.00112491135951 4 5.0000000000
2 3 4 393216.000000 0.00051553611411 5 4.5000000000
2 3 5 491520.000000 0.00021175730217 5 4.0000000000
2 3 6 589824.000000 0.00009652099834 4 3.2500000000
2 3 7 688128.000000 0.00003507922520 5 2.7500000000
2 3 8 786432.000000 0.00001084209362 4 2.0000000000
2 3 9 884736.000000 0.00000333339335 3 1.0000000000
2 3 10 983040.000000 0.00000093547339 4 0.2500000000
2 3 11 1081344.000000 0.00000024824968 3 -0.7500000000
2 3 12 1179648.000000 0.00000005950004 3 -1.7500000000
2 3 13 1277952.000000 0.00000001590279 3 -2.7500000000
2 3 14 1376256.000000 0.00000000380134 3 -3.7500000000
2 3 15 1474560.000000 0.00000000095659 3 -4.7500000000
2 3 16 1572864.000000 0.00000000025663 3 -5.7500000000
2 4 0 0.000000 0.06419730186462 0 7.0000000000
2 4 1 98304.000000 0.03318477421999 0 7.0000000000
2 4 2 196608.000000 0.00685775838792 4 6.2500000000
2 4 3 294912.000000 0.00261488463730 5 5.7500000000
2 4 4 393216.000000 0.00112327479292 4 5.0000000000
2 4 5 491520.000000 0.00052427529590 5 4.5000000000
2 4 6 589824.000000 0.00025493683643 5 4.0000000000
2 4 7 688128.000000 0.00010158895748 5 3.5000000000
2 4 8 786432.000000 0.00003668529826 4 2.7500000000
2 4 9 884736.000000 0.00001142961628 4 2.0000000000
2 4 10 983040.000000 0.00000328126885 4 1.2500000000
2 4 11 1081344.000000 0.00000074656867 3 0.2500000000
2 4 12 1179648.000000 0.00000020681152 3 -0.7500000000
2 4 13 1277952.000000 0.00000004961124 3 -1.7500000000
2 4 14 1376256.000000 0.00000001238762 3 -2.7500000000
2 4 15 1474560.000000 0.00000000321305 3 -3.7500000000
2 4 16 1572864.000000 0.00000000079838 3 -4.7500000000
2 5 0 0.000000 0.05437851697206 0 7.0000000000
2 5 1 98304.000000 0.03142743185163 0 7.0000000000
2 5 2 196608.000000 0.00567784486338 4 6.2500000000
2 5 3 294912.000000 0.00213533011265 4 5.5000000000
2 5 4 393216.000000 0.00095228705322 5 5.0000000000
2 5 5 491520.000000 0.00040573935257 5 4.5000000000
2 5 6 589824.000000 0.00015035249817 4 3.7500000000
2 5 7 688128.000000 0.00006387352187 4 3.0000000000
2 5 8 786432.000000 0.00002142067933 5 2.5000000000
2 5 9 884736.000000 0.00000621249364 3 1.5000000000
2 5 10 983040.000000 0.00000171890872 4 0.7500000000
2 5 11 1081344.000000 0.00000042896050 3 -0.2500000000
2 5 12 1179648.000000 0.00000011717525 3 -1.2500000000
2 5 13 1277952.000000 0.00000002660133 3 -2.2500000000
2 5 14 1376256.000000 0.00000000695010 3 -3.2500000000
2 5 15 1474560.000000 0.00000000178630 3 -4.2500000000
2 5 16 1572864.000000 0.00000000042415 3 -5.2500000000
2 6 0 0.000000 0.37147393822670 0 8.0000000000
2 6 1 98304.000000 0.18806049227715 0 8.0000000000
2 6 2 196608.000000 0.04134868085384 2 6.7500000000
2 6 3 294912.000000 0.01309939194471 6 6.5000000000
2 6 4 393216.000000 0.00521207088605 5 6.0000000000
2 6 5 491520.000000 0.00216977554373 4 5.2500000000
2 6 6 589824.000000 0.00074320059502 4 4.5000000000
2 6 7 688128.000000 0.00023020607478 4 3.7500000000
2 6 8 786432.000000 0.00007041302888 4 3.0000000000
2 6 9 884736.000000 0.00002150729597 3 2.0000000000
2 6 10 983040.000000 0.00000575119657 4 1.2500000000
2 6 11 1081344.000000 0.00000152799726 3 0.2500000000
2 6 12 1179648.000000 0.00000036247340 3 -0.7500000000
2 6 13 1277952.000000 0.00000009059783 3 -1.7500000000
2 6 14 1376256.000000 0.00000002238266 3 -2.7500000000
2 6 15 1474560.000000 0.00000000543193 3 -3.7500000000
2 6 16 1572864.000000 0.00000000157314 3 -4.7500000000
2 7 0 0.000000 0.37849247455597 0 8.0000000000
2 7 1 98304.000000 0.19673195481300 0 8.0000000000
2 7 2 196608.000000 0.04015779122710 4 7.2500000000
2 7 3 294912.000000 0.01733333617449 6 7.0000000000
2 7 4 393216.000000 0.00731966225430 3 6.0000000000
2 7 5 491520.000000 0.00316643086262 5 5.5000000000
2 7 6 589824.000000 0.00096034799935 5 5.0000000000
2 7 7 688128.000000 0.00032806847594 3 4.0000000000
2 7 8 786432.000000 0.00009345989383 4 3.2500000000
2 7 9 884736.000000 0.00002783133095 3 2.2500000000
2 7 10 983040.000000 0.00000850113247 4 1.5000000000
2 7 11 1081344.000000 0.00000217490856 3 0.5000000000
2 7 12 1179648.000000 0.00000049864872 3 -0.5000000000
2 7 13 1277952.000000 0.00000014754185 3 -1.5000000000
2 7 14 1376256.000000 0.00000003379479 3 -2.5000000000
2 7 15 1474560.000000 0.00000000862532 3 -3.5000000000
2 7 16 1572864.000000 0.00000000213026 3 -4.5000000000
2 8 0 0.000000 4.26485919952393 0 9.0000000000
2 8 1 98304.000000 3.29389190673828 1 9.2500000000
2 8 2 196608.000000 0.50051295757294 2 8.0000000000
2 8 3 294912.000000 0.17495265603065 5 7.5000000000
2 8 4 393216.000000 0.06860771775246 5 7.0000000000
2 8 5 491520.000000 0.02700437419116 5 6.5000000000
2 8 6 589824.000000 0.01048960722983 4 5.7500000000
2 8 7 688128.000000 0.00388115784153 5 5.2500000000
2 8 8 786432.000000 0.00128402712289 3 4.2500000000
2 8 9 884736.000000 0.00039774566540 4 3.5000000000
2 8 10 983040.000000 0.00010641905101 4 2.7500000000
2 8 11 1081344.000000 0.00002976959513 3 1.7500000000
2 8 12 1179648.000000 0.00000637721223 3 0.7500000000
2 8 13 1277952.000000 0.00000171124350 3 -0.2500000000
2 8 14 1376256.000000 0.00000046880544 3 -1.2500000000
2 8 15 1474560.000000 0.00000009940787 3 -2.2500000000
2 8 16 1572864.000000 0.00000002803145 3 -3.2500000000
