3 0 0 0.000000 0.00045737551409 0 4.0000000000
3 0 1 73728.000000 0.00029402371729 0 4.0000000000
3 0 2 147456.000000 0.00007534374890 3 3.0000000000
3 0 3 221184.000000 0.00003202166408 5 2.5000000000
3 0 4 294912.000000 0.00001629607323 4 1.7500000000
3 0 5 368640.000000 0.00000711634812 6 1.5000000000
3 0 6 442368.000000 0.00000304068863 4 0.7500000000
3 0 7 516096.000000 0.00000108709332 5 0.2500000000
3 0 8 589824.000000 0.00000037036821 4 -0.5000000000
3 0 9 663552.000000 0.00000010552902 3 -1.5000000000
3 0 10 737280.000000 0.00000003135083 4 -2.2500000000
3 0 11 811008.000000 0.00000000781625 3 -3.2500000000
3 0 12 884736.000000 0.00000000179331 3 -4.2500000000
3 0 13 958464.000000 0.00000000050175 3 -5.2500000000
3 0 14 1032192.000000 0.00000000011773 3 -6.2500000000
3 0 15 1105920.000000 0.00000000003060 3 -7.2500000000
3 0 16 1179648.000000 0.00000000000794 3 -8.2500000000
3 1 0 0.000000 0.00333004794084 0 5.0000000000
3 1 1 73728.000000 0.00177566730417 0 5.0000000000
3 1 2 147456.000000 0.00049065222265 3 4.0000000000
3 1 3 221184.000000 0.00019028472889 4 3.2500000000
3 1 4 294912.000000 0.00008520661504 6 3.0000000000
3 1 5 368640.000000 0.00004525168333 4 2.2500000000
3 1 6 442368.000000 0.00001962582974 5 1.7500000000
3 1 7 516096.000000 0.00000978333810 5 1.2500000000
3 1 8 589824.000000 0.00000374316755 5 0.7500000000
3 1 9 663552.000000 0.00000097228281 4 0.0000000000
3 1 10 737280.000000 0.00000027706434 3 -1.0000000000
3 1 11 811008.000000 0.00000006551875 3 -2.0000000000
3 1 12 884736.000000 0.00000001690737 3 -3.0000000000
3 1 13 958464.000000 0.00000000509302 3 -4.0000000000
3 1 14 1032192.000000 0.00000000146498 4 -4.7500000000
3 1 15 1105920.000000 0.00000000036332 3 -5.7500000000
3 1 16 1179648.000000 0.00000000009102 3 -6.7500000000
3 2 0 0.000000 0.00297231669538 0 5.0000000000
3 2 1 73728.000000 0.00166931853164 0 5.0000000000
3 2 2 147456.000000 0.00043094530702 3 4.0000000000
3 2 3 221184.000000 0.00016161632084 5 3.5000000000
3 2 4 294912.000000 0.00006913644029 4 2.7500000000
3 2 5 368640.000000 0.00002787557787 5 2.2500000000
3 2 6 442368.000000 0.00001297362451 4 1.5000000000
3 2 7 516096.000000 0.00000518345314 5 1.0000000000
3 2 8 589824.000000 0.00000210357121 4 0.2500000000
3 2 9 663552.000000 0.00000070374040 4 -0.5000000000
3 2 10 737280.000000 0.00000019469780 4 -1.2500000000
3 2 11 811008.000000 0.00000004635716 3 -2.2500000000
3 2 12 884736.000000 0.00000001477258 3 -3.2500000000
3 2 13 958464.000000 0.00000000372625 4 -4.0000000000
3 2 14 1032192.000000 0.00000000095232 3 -5.0000000000
3 2 15 1105920.000000 0.00000000024446 3 -6.0000000000
3 2 16 1179648.000000 0.00000000006019 3 -7.0000000000
3 3 0 0.000000 0.01803087443113 0 6.0000000000
3 3 1 73728.000000 0.00917617790401 0 6.0000000000
3 3 2 147456.000000 0.00261884927750 2 4.7500000000
3 3 3 221184.000000 0.00091059535043 5 4.2500000000
3 3 4 294912.000000 0.00040400185389 5 3.7500000000
3 3 5 368640.000000 0.00015548797091 4 3.0000000000
3 3 6 442368.000000 0.00006265105912 5 2.5000000000
3 3 7 516096.000000 0.00001940237235 4 1.7500000000
3 3 8 589824.000000 0.00000502345210 3 0.7500000000
3 3 9 663552.000000 0.00000174281479 4 0.0000000000
3 3 10 737280.000000 0.00000046246146 3 -1.0000000000
3 3 11 811008.000000 0.00000010605407 3 -2.0000000000
3 3 12 884736.000000 0.00000002671052 3 -3.0000000000
3 3 13 958464.000000 0.00000000642253 3 -4.0000000000
3 3 14 1032192.000000 0.00000000175121 3 -5.0000000000
3 3 15 1105920.000000 0.00000000041607 3 -6.0000000000
3 3 16 1179648.000000 0.00000000010337 3 -7.0000000000
3 4 0 0.000000 0.07405060529709 0 6.0000000000
3 4 1 73728.000000 0.03683375939727 0 6.0000000000
3 4 2 147456.000000 0.00744027411565 4 5.2500000000
3 4 3 221184.000000 0.00222718948498 5 4.7500000000
3 4 4 294912.000000 0.00091726373648 5 4.2500000000
3 4 5 368640.000000 0.00038167962339 5 3.7500000000
3 4 6 442368.000000 0.00014861419913 4 3.0000000000
3 4 7 516096.000000 0.00004396181612 4 2.2500000000
3 4 8 589824.000000 0.00001380937465 4 1.5000000000
3 4 9 663552.000000 0.00000435141965 3 0.5000000000
3 4 10 737280.000000 0.00000115756336 4 -0.2500000000
3 4 11 811008.000000 0.00000026201124 3 -1.2500000000
3 4 12 884736.000000 0.00000007153071 3 -2.2500000000
3 4 13 958464.000000 0.00000001710862 3 -3.2500000000
3 4 14 1032192.000000 0.00000000448262 3 -4.2500000000
3 4 15 1105920.000000 0.00000000109726 3 -5.2500000000
3 4 16 1179648.000000 0.00000000028995 3 -6.2500000000
3 5 0 0.000000 0.08650461584330 0 6.0000000000
3 5 1 73728.000000 0.04767144843936 0 6.0000000000
3 5 2 147456.000000 0.00919897668064 6 5.7500000000
3 5 3 221184.000000 0.00309143960476 5 5.2500000000
3 5 4 294912.000000 0.00117818498984 3 4.2500000000
3 5 5 368640.000000 0.00048581263400 5 3.7500000000
3 5 6 442368.000000 0.00017010582087 4 3.0000000000
3 5 7 516096.000000 0.00005639446317 5 2.5000000000
3 5 8 589824.000000 0.00001980031084 4 1.7500000000
3 5 9 663552.000000 0.00000608488972 3 0.7500000000
3 5 10 737280.000000 0.00000157326224 3 -0.2500000000
3 5 11 811008.000000 0.00000045182588 4 -1.0000000000
3 5 12 884736.000000 0.00000010019644 3 -2.0000000000
3 5 13 958464.000000 0.00000002668909 3 -3.0000000000
3 5 14 1032192.000000 0.00000000656695 3 -4.0000000000
3 5 15 1105920.000000 0.00000000174436 3 -5.0000000000
3 5 16 1179648.000000 0.00000000041258 3 -6.0000000000
3 6 0 0.000000 0.36430951952934 0 7.0000000000
3 6 1 73728.000000 0.17203272879124 0 7.0000000000
3 6 2 147456.000000 0.03517268598080 4 6.2500000000
3 6 3 221184.000000 0.01549711450934 4 5.5000000000
3 6 4 294912.000000 0.00634767999873 5 5.0000000000
3 6 5 368640.000000 0.00272215576842 5 4.5000000000
3 6 6 442368.000000 0.00091060576960 5 4.0000000000
3 6 7 516096.000000 0.00027049696655 4 3.2500000000
3 6 8 589824.000000 0.00007853713760 3 2.2500000000
3 6 9 663552.000000 0.00002597437924 4 1.5000000000
3 6 10 737280.000000 0.00000742551902 4 0.7500000000
3 6 11 811008.000000 0.00000197664372 3 -0.2500000000
3 6 12 884736.000000 0.00000054295822 3 -1.2500000000
3 6 13 958464.000000 0.00000012733028 3 -2.2500000000
3 6 14 1032192.000000 0.00000003275320 3 -3.2500000000
3 6 15 1105920.000000 0.00000000817667 3 -4.2500000000
3 6 16 1179648.000000 0.00000000207954 3 -5.2500000000
3 7 0 0.000000 0.37315419316292 0 7.0000000000
3 7 1 73728.000000 0.18060672283173 0 7.0000000000
3 7 2 147456.000000 0.03752920776606 4 6.2500000000
3 7 3 221184.000000 0.01619907096028 4 5.5000000000
3 7 4 294912.000000 0.00764246517792 5 5.0000000000
3 7 5 368640.000000 0.00298955943435 6 4.7500000000
3 7 6 442368.000000 0.00110901182052 5 4.2500000000
3 7 7 516096.000000 0.00041208736366 4 3.5000000000
3 7 8 589824.000000 0.00013116354239 4 2.7500000000
3 7 9 663552.000000 0.00003125656440 3 1.7500000000
3 7 10 737280.000000 0.00000803895728 3 0.7500000000
3 7 11 811008.000000 0.00000196996075 3 -0.2500000000
3 7 12 884736.000000 0.00000054840046 3 -1.2500000000
3 7 13 958464.000000 0.00000011263198 3 -2.2500000000
3 7 14 1032192.000000 0.00000003040129 3 -3.2500000000
3 7 15 1105920.000000 0.00000000746703 3 -4.2500000000
3 7 16 1179648.000000 0.00000000190838 3 -5.2500000000
3 8 0 0.000000 3.32472634315491 0 8.0000000000
3 8 1 73728.000000 1.85988235473633 0 8.0000000000
3 8 2 147456.000000 0.25410512089729 3 7.0000000000
3 8 3 221184.000000 0.11103191226721 5 6.5000000000
3 8 4 294912.000000 0.04732052236795 3 5.5000000000
3 8 5 368640.000000 0.01961104571819 7 5.5000000000
3 8 6 442368.000000 0.00860846228898 4 4.7500000000
3 8 7 516096.000000 0.00313487788662 5 4.2500000000
3 8 8 589824.000000 0.00110444671009 4 3.5000000000
3 8 9 663552.000000 0.00030740947113 4 2.7500000000
3 8 10 737280.000000 0.00008316864842 3 1.7500000000
3 8 11 811008.000000 0.00002711663728 3 0.7500000000
3 8 12 884736.000000 0.00000735117146 4 0.0000000000
3 8 13 958464.000000 0.00000166728114 3 -1.0000000000
3 8 14 1032192.000000 0.00000058812526 3 -2.0000000000
3 8 15 1105920.000000 0.00000012062448 3 -3.0000000000
3 8 16 1179648.000000 0.00000003152977 3 -4.0000000000
