1 0 0 0.000000 0.00005537403558 0 4.0000000000
1 0 1 12288.000000 0.00003728494266 0 4.0000000000
1 0 2 24576.000000 0.00001387641987 4 3.2500000000
1 0 3 36864.000000 0.00000703630349 3 2.2500000000
1 0 4 49152.000000 0.00000288307251 6 2.0000000000
1 0 5 61440.000000 0.00000124024439 4 1.2500000000
1 0 6 73728.000000 0.00000050872910 4 0.5000000000
1 0 7 86016.000000 0.00000018060021 5 0.0000000000
1 0 8 98304.000000 0.00000006331496 3 -1.0000000000
1 0 9 110592.000000 0.00000001540636 4 -1.7500000000
1 0 10 122880.000000 0.00000000500487 3 -2.7500000000
1 0 11 135168.000000 0.00000000135725 4 -3.5000000000
1 0 12 147456.000000 0.00000000033878 3 -4.5000000000
1 0 13 159744.000000 0.00000000008947 3 -5.5000000000
1 0 14 172032.000000 0.00000000002215 3 -6.5000000000
1 0 15 184320.000000 0.00000000000666 3 -7.5000000000
1 0 16 196608.000000 0.00000000000237 3 -8.5000000000
1 1 0 0.000000 0.00006241491064 0 4.0000000000
1 1 1 12288.000000 0.00004080652070 0 4.0000000000
1 1 2 24576.000000 0.00001388416058 5 3.5000000000
1 1 3 36864.000000 0.00000623097640 3 2.5000000000
1 1 4 49152.000000 0.00000250016751 5 2.0000000000
1 1 5 61440.000000 0.00000104208311 4 1.2500000000
1 1 6 73728.000000 0.00000043837090 4 0.5000000000
1 1 7 86016.000000 0.00000014046131 5 0.0000000000
1 1 8 98304.000000 0.00000003730870 3 -1.0000000000
1 1 9 110592.000000 0.00000001008992 3 -2.0000000000
1 1 10 122880.000000 0.00000000320673 4 -2.7500000000
1 1 11 135168.000000 0.00000000081294 3 -3.7500000000
1 1 12 147456.000000 0.00000000021524 3 -4.7500000000
1 1 13 159744.000000 0.00000000004785 3 -5.7500000000
1 1 14 172032.000000 0.00000000001354 3 -6.7500000000
1 1 15 184320.000000 0.00000000000423 3 -7.7500000000
1 1 16 196608.000000 0.00000000000179 3 -8.7500000000
1 2 0 0.000000 0.00005976616740 0 4.0000000000
1 2 1 12288.000000 0.00003899838339 0 4.0000000000
1 2 2 24576.000000 0.00001557668838 3 3.0000000000
1 2 3 36864.000000 0.00000655651820 5 2.5000000000
1 2 4 49152.000000 0.00000258101886 5 2.0000000000
1 2 5 61440.000000 0.00000106870505 4 1.2500000000
1 2 6 73728.000000 0.00000047448401 4 0.5000000000
1 2 7 86016.000000 0.00000017222357 4 -0.2500000000
1 2 8 98304.000000 0.00000004961372 5 -0.7500000000
1 2 9 110592.000000 0.00000001300807 3 -1.7500000000
1 2 10 122880.000000 0.00000000359044 3 -2.7500000000
1 2 11 135168.000000 0.00000000099010 3 -3.7500000000
1 2 12 147456.000000 0.00000000026083 4 -4.5000000000
1 2 13 159744.000000 0.00000000007388 3 -5.5000000000
1 2 14 172032.000000 0.00000000001899 3 -6.5000000000
1 2 15 184320.000000 0.00000000000531 3 -7.5000000000
1 2 16 196608.000000 0.00000000000215 3 -8.5000000000
1 3 0 0.000000 0.00019752647495 0 5.0000000000
1 3 1 12288.000000 0.00012091871031 0 5.0000000000
1 3 2 24576.000000 0.00003691963138 3 4.0000000000
1 3 3 36864.000000 0.00001353918287 4 3.2500000000
1 3 4 49152.000000 0.00000543249371 4 2.5000000000
1 3 5 61440.000000 0.00000196259975 4 1.7500000000
1 3 6 73728.000000 0.00000072343352 5 1.2500000000
1 3 7 86016.000000 0.00000023012126 3 0.2500000000
1 3 8 98304.000000 0.00000006496282 4 -0.5000000000
1 3 9 110592.000000 0.00000001602617 3 -1.5000000000
1 3 10 122880.000000 0.00000000412831 3 -2.5000000000
1 3 11 135168.000000 0.00000000118440 3 -3.5000000000
1 3 12 147456.000000 0.00000000037262 4 -4.2500000000
1 3 13 159744.000000 0.00000000008956 3 -5.2500000000
1 3 14 172032.000000 0.00000000002401 3 -6.2500000000
1 3 15 184320.000000 0.00000000000676 3 -7.2500000000
1 3 16 196608.000000 0.00000000000230 3 -8.2500000000
1 4 0 0.000000 0.00031300101546 0 5.0000000000
1 4 1 12288.000000 0.00020091720216 0 5.0000000000
1 4 2 24576.000000 0.00006849683996 5 4.5000000000
1 4 3 36864.000000 0.00002961742575 3 3.5000000000
1 4 4 49152.000000 0.00001258829252 5 3.0000000000
1 4 5 61440.000000 0.00000510721929 5 2.5000000000
1 4 6 73728.000000 0.00000175123591 4 1.7500000000
1 4 7 86016.000000 0.00000072675948 4 1.0000000000
1 4 8 98304.000000 0.00000022949985 5 0.5000000000
1 4 9 110592.000000 0.00000006524743 3 -0.5000000000
1 4 10 122880.000000 0.00000001494299 3 -1.5000000000
1 4 11 135168.000000 0.00000000365903 3 -2.5000000000
1 4 12 147456.000000 0.00000000092919 3 -3.5000000000
1 4 13 159744.000000 0.00000000025889 3 -4.5000000000
1 4 14 172032.000000 0.00000000007884 3 -5.5000000000
1 4 15 184320.000000 0.00000000002091 4 -6.2500000000
1 4 16 196608.000000 0.00000000000676 3 -7.2500000000
1 5 0 0.000000 0.00024562390172 0 5.0000000000
1 5 1 12288.000000 0.00015767406148 0 5.0000000000
1 5 2 24576.000000 0.00005628464351 5 4.5000000000
1 5 3 36864.000000 0.00002298605250 4 3.7500000000
1 5 4 49152.000000 0.00001081702976 4 3.0000000000
1 5 5 61440.000000 0.00000471573048 4 2.2500000000
1 5 6 73728.000000 0.00000214642955 5 1.7500000000
1 5 7 86016.000000 0.00000082117469 5 1.2500000000
1 5 8 98304.000000 0.00000024460488 4 0.5000000000
1 5 9 110592.000000 0.00000006530181 3 -0.5000000000
1 5 10 122880.000000 0.00000001952655 4 -1.2500000000
1 5 11 135168.000000 0.00000000519715 3 -2.2500000000
1 5 12 147456.000000 0.00000000120060 3 -3.2500000000
1 5 13 159744.000000 0.00000000035312 3 -4.2500000000
1 5 14 172032.000000 0.00000000007746 3 -5.2500000000
1 5 15 184320.000000 0.00000000002172 3 -6.2500000000
1 5 16 196608.000000 0.00000000000589 3 -7.2500000000
1 6 0 0.000000 0.00068422011100 0 6.0000000000
1 6 1 12288.000000 0.00041431732825 0 6.0000000000
1 6 2 24576.000000 0.00013327677152 4 5.2500000000
1 6 3 36864.000000 0.00005153667371 4 4.5000000000
1 6 4 49152.000000 0.00002046176269 3 3.5000000000
1 6 5 61440.000000 0.00000649663343 4 2.7500000000
1 6 6 73728.000000 0.00000222341146 4 2.0000000000
1 6 7 86016.000000 0.00000066799754 4 1.2500000000
1 6 8 98304.000000 0.00000017421740 3 0.2500000000
1 6 9 110592.000000 0.00000005450874 4 -0.5000000000
1 6 10 122880.000000 0.00000001420930 3 -1.5000000000
1 6 11 135168.000000 0.00000000341619 3 -2.5000000000
1 6 12 147456.000000 0.00000000089974 3 -3.5000000000
1 6 13 159744.000000 0.00000000020532 3 -4.5000000000
1 6 14 172032.000000 0.00000000005213 3 -5.5000000000
1 6 15 184320.000000 0.00000000001497 3 -6.5000000000
1 6 16 196608.000000 0.00000000000447 3 -7.5000000000
1 7 0 0.000000 0.00088468025206 0 6.0000000000
1 7 1 12288.000000 0.00049412803492 0 6.0000000000
1 7 2 24576.000000 0.00014912856568 3 5.0000000000
1 7 3 36864.000000 0.00005775495083 5 4.5000000000
1 7 4 49152.000000 0.00002411689275 3 3.5000000000
1 7 5 61440.000000 0.00000896066740 5 3.0000000000
1 7 6 73728.000000 0.00000295045561 4 2.2500000000
1 7 7 86016.000000 0.00000082078412 4 1.5000000000
1 7 8 98304.000000 0.00000022326239 3 0.5000000000
1 7 9 110592.000000 0.00000006393713 3 -0.5000000000
1 7 10 122880.000000 0.00000001873439 4 -1.2500000000
1 7 11 135168.000000 0.00000000489108 3 -2.2500000000
1 7 12 147456.000000 0.00000000120673 3 -3.2500000000
1 7 13 159744.000000 0.00000000031610 3 -4.2500000000
1 7 14 172032.000000 0.00000000008091 3 -5.2500000000
1 7 15 184320.000000 0.00000000001952 3 -6.2500000000
1 7 16 196608.000000 0.00000000000602 3 -7.2500000000
1 8 0 0.000000 0.00094149180222 0 6.0000000000
1 8 1 12288.000000 0.00049457035493 0 6.0000000000
1 8 2 24576.000000 0.00018185259250 4 5.2500000000
1 8 3 36864.000000 0.00006678138016 4 4.5000000000
1 8 4 49152.000000 0.00002500335177 5 4.0000000000
1 8 5 61440.000000 0.00000963065941 4 3.2500000000
1 8 6 73728.000000 0.00000309361280 4 2.5000000000
1 8 7 86016.000000 0.00000082194572 3 1.5000000000
1 8 8 98304.000000 0.00000025488859 3 0.5000000000
1 8 9 110592.000000 0.00000007184504 4 -0.2500000000
1 8 10 122880.000000 0.00000001788398 3 -1.2500000000
1 8 11 135168.000000 0.00000000417091 3 -2.2500000000
1 8 12 147456.000000 0.00000000105417 3 -3.2500000000
1 8 13 159744.000000 0.00000000024832 3 -4.2500000000
1 8 14 172032.000000 0.00000000006955 3 -5.2500000000
1 8 15 184320.000000 0.00000000001785 3 -6.2500000000
1 8 16 196608.000000 0.00000000000511 3 -7.2500000000
1 9 0 0.000000 0.00115744280629 0 6.0000000000
1 9 1 12288.000000 0.00059844512725 0 6.0000000000
1 9 2 24576.000000 0.00018510804512 4 5.2500000000
1 9 3 36864.000000 0.00006284825213 4 4.5000000000
1 9 4 49152.000000 0.00002075710290 4 3.7500000000
1 9 5 61440.000000 0.00000705844286 4 3.0000000000
1 9 6 73728.000000 0.00000247981598 4 2.2500000000
1 9 7 86016.000000 0.00000072368385 3 1.2500000000
1 9 8 98304.000000 0.00000019274553 4 0.5000000000
1 9 9 110592.000000 0.00000005446664 3 -0.5000000000
1 9 10 122880.000000 0.00000001309398 3 -1.5000000000
1 9 11 135168.000000 0.00000000344579 3 -2.5000000000
1 9 12 147456.000000 0.00000000107291 4 -3.2500000000
1 9 13 159744.000000 0.00000000027232 3 -4.2500000000
1 9 14 172032.000000 0.00000000006905 3 -5.2500000000
1 9 15 184320.000000 0.00000000001807 3 -6.2500000000
1 9 16 196608.000000 0.00000000000547 3 -7.2500000000
1 10 0 0.000000 0.00311006559059 0 6.0000000000
1 10 1 12288.000000 0.00154195970390 1 6.2500000000
1 10 2 24576.000000 0.00040525229997 6 6.0000000000
1 10 3 36864.000000 0.00013954401948 4 5.2500000000
1 10 4 49152.000000 0.00005673189662 3 4.2500000000
1 10 5 61440.000000 0.00001781546416 5 3.7500000000
1 10 6 73728.000000 0.00000548081653 3 2.7500000000
1 10 7 86016.000000 0.00000160524871 4 2.0000000000
1 10 8 98304.000000 0.00000037462380 3 1.0000000000
1 10 9 110592.000000 0.00000010383354 3 0.0000000000
1 10 10 122880.000000 0.00000002383113 3 -1.0000000000
1 10 11 135168.000000 0.00000000657595 3 -2.0000000000
1 10 12 147456.000000 0.00000000156418 3 -3.0000000000
1 10 13 159744.000000 0.00000000044754 3 -4.0000000000
1 10 14 172032.000000 0.00000000009288 3 -5.0000000000
1 10 15 184320.000000 0.00000000002597 3 -6.0000000000
1 10 16 196608.000000 0.00000000000759 3 -7.0000000000
1 11 0 0.000000 0.00364433554932 0 6.0000000000
1 11 1 12288.000000 0.00161435990594 2 6.5000000000
1 11 2 24576.000000 0.00046412940719 5 6.0000000000
1 11 3 36864.000000 0.00015990273096 5 5.5000000000
1 11 4 49152.000000 0.00005698863606 3 4.5000000000
1 11 5 61440.000000 0.00002151540320 4 3.7500000000
1 11 6 73728.000000 0.00000636074265 3 2.7500000000
1 11 7 86016.000000 0.00000167997700 4 2.0000000000
1 11 8 98304.000000 0.00000051896660 3 1.0000000000
1 11 9 110592.000000 0.00000015048141 4 0.2500000000
1 11 10 122880.000000 0.00000003404667 3 -0.7500000000
1 11 11 135168.000000 0.00000000861156 3 -1.7500000000
1 11 12 147456.000000 0.00000000219652 3 -2.7500000000
1 11 13 159744.000000 0.00000000060080 3 -3.7500000000
1 11 14 172032.000000 0.00000000014302 3 -4.7500000000
1 11 15 184320.000000 0.00000000003677 3 -5.7500000000
1 11 16 196608.000000 0.00000000001025 3 -6.7500000000
1 12 0 0.000000 0.01338527817279 0 7.0000000000
1 12 1 12288.000000 0.00631053233519 1 7.2500000000
1 12 2 24576.000000 0.00111537158955 3 6.2500000000
1 12 3 36864.000000 0.00029721567989 4 5.5000000000
1 12 4 49152.000000 0.00009472943202 4 4.7500000000
1 12 5 61440.000000 0.00003698477303 4 4.0000000000
1 12 6 73728.000000 0.00001259854344 4 3.2500000000
1 12 7 86016.000000 0.00000466366737 4 2.5000000000
1 12 8 98304.000000 0.00000134056961 4 1.7500000000
1 12 9 110592.000000 0.00000048493376 4 1.0000000000
1 12 10 122880.000000 0.00000011289562 3 0.0000000000
1 12 11 135168.000000 0.00000003444941 3 -1.0000000000
1 12 12 147456.000000 0.00000001033303 4 -1.7500000000
1 12 13 159744.000000 0.00000000256096 3 -2.7500000000
1 12 14 172032.000000 0.00000000062901 3 -3.7500000000
1 12 15 184320.000000 0.00000000015584 3 -4.7500000000
1 12 16 196608.000000 0.00000000004655 3 -5.7500000000
1 13 0 0.000000 0.00434984453022 0 7.0000000000
1 13 1 12288.000000 0.00261414120905 1 7.2500000000
1 13 2 24576.000000 0.00069944979623 3 6.2500000000
1 13 3 36864.000000 0.00027847790625 6 6.0000000000
1 13 4 49152.000000 0.00011203091708 4 5.2500000000
1 13 5 61440.000000 0.00004050855932 4 4.5000000000
1 13 6 73728.000000 0.00001613681889 4 3.7500000000
1 13 7 86016.000000 0.00000586086389 5 3.2500000000
1 13 8 98304.000000 0.00000191792242 3 2.2500000000
1 13 9 110592.000000 0.00000046168600 4 1.5000000000
1 13 10 122880.000000 0.00000011601382 3 0.5000000000
1 13 11 135168.000000 0.00000003323408 3 -0.5000000000
1 13 12 147456.000000 0.00000000878944 3 -1.5000000000
1 13 13 159744.000000 0.00000000197912 3 -2.5000000000
1 13 14 172032.000000 0.00000000046558 3 -3.5000000000
1 13 15 184320.000000 0.00000000012289 3 -4.5000000000
1 13 16 196608.000000 0.00000000003182 3 -5.5000000000
1 14 0 0.000000 0.00426138192415 0 7.0000000000
1 14 1 12288.000000 0.00202255789191 0 7.0000000000
1 14 2 24576.000000 0.00067886139732 3 6.0000000000
1 14 3 36864.000000 0.00029663700843 6 5.7500000000
1 14 4 49152.000000 0.00014993881632 5 5.2500000000
1 14 5 61440.000000 0.00007990989980 6 5.0000000000
1 14 6 73728.000000 0.00003259285586 4 4.2500000000
1 14 7 86016.000000 0.00001103856357 4 3.5000000000
1 14 8 98304.000000 0.00000319599235 4 2.7500000000
1 14 9 110592.000000 0.00000070403223 3 1.7500000000
1 14 10 122880.000000 0.00000020804096 3 0.7500000000
1 14 11 135168.000000 0.00000004946727 3 -0.2500000000
1 14 12 147456.000000 0.00000001163868 3 -1.2500000000
1 14 13 159744.000000 0.00000000299293 3 -2.2500000000
1 14 14 172032.000000 0.00000000073606 3 -3.2500000000
1 14 15 184320.000000 0.00000000019539 3 -4.2500000000
1 14 16 196608.000000 0.00000000004534 3 -5.2500000000
1 15 0 0.000000 0.01783152297139 0 7.0000000000
1 15 1 12288.000000 0.00892846100032 3 7.7500000000
1 15 2 24576.000000 0.00272373808548 3 6.7500000000
1 15 3 36864.000000 0.00086849380750 6 6.5000000000
1 15 4 49152.000000 0.00041073950706 5 6.0000000000
1 15 5 61440.000000 0.00013448469690 3 5.0000000000
1 15 6 73728.000000 0.00005498952305 5 4.5000000000
1 15 7 86016.000000 0.00001327465179 3 3.5000000000
1 15 8 98304.000000 0.00000391329968 3 2.5000000000
1 15 9 110592.000000 0.00000113135400 4 1.7500000000
1 15 10 122880.000000 0.00000027723590 3 0.7500000000
1 15 11 135168.000000 0.00000006863767 3 -0.2500000000
1 15 12 147456.000000 0.00000001735230 3 -1.2500000000
1 15 13 159744.000000 0.00000000421136 3 -2.2500000000
1 15 14 172032.000000 0.00000000119181 3 -3.2500000000
1 15 15 184320.000000 0.00000000025969 3 -4.2500000000
1 15 16 196608.000000 0.00000000006890 3 -5.2500000000
1 16 0 0.000000 0.01804431527853 0 7.0000000000
1 16 1 12288.000000 0.00886088702828 1 7.2500000000
1 16 2 24576.000000 0.00207328633405 7 7.2500000000
1 16 3 36864.000000 0.00082532537635 4 6.5000000000
1 16 4 49152.000000 0.00034622073872 4 5.7500000000
1 16 5 61440.000000 0.00015626179811 3 4.7500000000
1 16 6 73728.000000 0.00005229966337 5 4.2500000000
1 16 7 86016.000000 0.00001556712596 4 3.5000000000
1 16 8 98304.000000 0.00000425824146 4 2.7500000000
1 16 9 110592.000000 0.00000101975877 3 1.7500000000
1 16 10 122880.000000 0.00000027343762 3 0.7500000000
1 16 11 135168.000000 0.00000007101450 3 -0.2500000000
1 16 12 147456.000000 0.00000001646497 3 -1.2500000000
1 16 13 159744.000000 0.00000000423999 3 -2.2500000000
1 16 14 172032.000000 0.00000000102795 3 -3.2500000000
1 16 15 184320.000000 0.00000000027073 3 -4.2500000000
1 16 16 196608.000000 0.00000000006993 3 -5.2500000000
1 17 0 0.000000 0.00997089873999 0 8.0000000000
1 17 1 12288.000000 0.00565377669409 0 8.0000000000
1 17 2 24576.000000 0.00142442260403 2 6.7500000000
1 17 3 36864.000000 0.00060454843333 5 6.2500000000
1 17 4 49152.000000 0.00026954326313 4 5.5000000000
1 17 5 61440.000000 0.00010632516933 5 5.0000000000
1 17 6 73728.000000 0.00004402172635 6 4.7500000000
1 17 7 86016.000000 0.00001279337630 3 3.7500000000
1 17 8 98304.000000 0.00000396048290 4 3.0000000000
1 17 9 110592.000000 0.00000100818943 3 2.0000000000
1 17 10 122880.000000 0.00000024545815 3 1.0000000000
1 17 11 135168.000000 0.00000005797390 3 0.0000000000
1 17 12 147456.000000 0.00000001493147 3 -1.0000000000
1 17 13 159744.000000 0.00000000382895 3 -2.0000000000
1 17 14 172032.000000 0.00000000100396 3 -3.0000000000
1 17 15 184320.000000 0.00000000025269 3 -4.0000000000
1 17 16 196608.000000 0.00000000005880 3 -5.0000000000
1 18 0 0.000000 0.01638279296458 0 8.0000000000
1 18 1 12288.000000 0.00837602280080 0 8.0000000000
1 18 2 24576.000000 0.00208484218456 4 7.2500000000
1 18 3 36864.000000 0.00070684758248 5 6.7500000000
1 18 4 49152.000000 0.00029228747007 4 6.0000000000
1 18 5 61440.000000 0.00012180797785 3 5.0000000000
1 18 6 73728.000000 0.00003945968638 5 4.5000000000
1 18 7 86016.000000 0.00001336579953 5 4.0000000000
1 18 8 98304.000000 0.00000396311270 3 3.0000000000
1 18 9 110592.000000 0.00000112191583 3 2.0000000000
1 18 10 122880.000000 0.00000031745651 4 1.2500000000
1 18 11 135168.000000 0.00000007230822 3 0.2500000000
1 18 12 147456.000000 0.00000001949556 3 -0.7500000000
1 18 13 159744.000000 0.00000000497136 3 -1.7500000000
1 18 14 172032.000000 0.00000000133234 3 -2.7500000000
1 18 15 184320.000000 0.00000000031490 3 -3.7500000000
1 18 16 196608.000000 0.00000000007160 3 -4.7500000000
1 19 0 0.000000 0.03879796713591 0 8.0000000000
1 19 1 12288.000000 0.01735570654273 0 8.0000000000
1 19 2 24576.000000 0.00393217382953 5 7.5000000000
1 19 3 36864.000000 0.00127724383492 4 6.7500000000
1 19 4 49152.000000 0.00046465065680 4 6.0000000000
1 19 5 61440.000000 0.00016113265883 3 5.0000000000
1 19 6 73728.000000 0.00005425961353 4 4.2500000000
1 19 7 86016.000000 0.00001813958261 4 3.5000000000
1 19 8 98304.000000 0.00000567716188 4 2.7500000000
1 19 9 110592.000000 0.00000165760275 4 2.0000000000
1 19 10 122880.000000 0.00000042916218 3 1.0000000000
1 19 11 135168.000000 0.00000010672702 3 0.0000000000
1 19 12 147456.000000 0.00000002555915 3 -1.0000000000
1 19 13 159744.000000 0.00000000683558 3 -2.0000000000
1 19 14 172032.000000 0.00000000156535 3 -3.0000000000
1 19 15 184320.000000 0.00000000034956 3 -4.0000000000
1 19 16 196608.000000 0.00000000010205 3 -5.0000000000
1 20 0 0.000000 0.14721012115479 0 9.0000000000
1 20 1 12288.000000 0.06664622575045 0 9.0000000000
1 20 2 24576.000000 0.01191906630993 4 8.2500000000
1 20 3 36864.000000 0.00454731611535 4 7.5000000000
1 20 4 49152.000000 0.00162217509933 5 7.0000000000
1 20 5 61440.000000 0.00087068381254 4 6.2500000000
1 20 6 73728.000000 0.00033263969817 5 5.7500000000
1 20 7 86016.000000 0.00012626085663 5 5.2500000000
1 20 8 98304.000000 0.00004054218880 4 4.5000000000
1 20 9 110592.000000 0.00001059029728 3 3.5000000000
1 20 10 122880.000000 0.00000242301894 3 2.5000000000
1 20 11 135168.000000 0.00000062691265 3 1.5000000000
1 20 12 147456.000000 0.00000017370220 3 0.5000000000
1 20 13 159744.000000 0.00000005375200 4 -0.2500000000
1 20 14 172032.000000 0.00000001520442 3 -1.2500000000
1 20 15 184320.000000 0.00000000314249 3 -2.2500000000
1 20 16 196608.000000 0.00000000082630 3 -3.2500000000
1 21 0 0.000000 0.17184579372406 0 9.0000000000
1 21 1 12288.000000 0.06301237642765 0 9.0000000000
1 21 2 24576.000000 0.01418107748032 4 8.2500000000
1 21 3 36864.000000 0.00501755950972 5 7.7500000000
1 21 4 49152.000000 0.00194716081023 3 6.7500000000
1 21 5 61440.000000 0.00072525010910 5 6.2500000000
1 21 6 73728.000000 0.00023874807812 5 5.7500000000
1 21 7 86016.000000 0.00007554270996 4 5.0000000000
1 21 8 98304.000000 0.00002441002289 3 4.0000000000
1 21 9 110592.000000 0.00000554495409 3 3.0000000000
1 21 10 122880.000000 0.00000167662768 4 2.2500000000
1 21 11 135168.000000 0.00000046621170 3 1.2500000000
1 21 12 147456.000000 0.00000010846114 3 0.2500000000
1 21 13 159744.000000 0.00000002778603 3 -0.7500000000
1 21 14 172032.000000 0.00000000685102 3 -1.7500000000
1 21 15 184320.000000 0.00000000179514 3 -2.7500000000
1 21 16 196608.000000 0.00000000047252 3 -3.7500000000
1 22 0 0.000000 0.43917411565781 0 10.0000000000
1 22 1 12288.000000 0.19964849948883 0 10.0000000000
1 22 2 24576.000000 0.03809068724513 4 9.2500000000
1 22 3 36864.000000 0.01284566149116 3 8.2500000000
1 22 4 49152.000000 0.00670695118606 4 7.5000000000
1 22 5 61440.000000 0.00259719626047 5 7.0000000000
1 22 6 73728.000000 0.00126403407194 4 6.2500000000
1 22 7 86016.000000 0.00039697138709 6 6.0000000000
1 22 8 98304.000000 0.00012556533329 4 5.2500000000
1 22 9 110592.000000 0.00003047133941 3 4.2500000000
1 22 10 122880.000000 0.00000761471438 3 3.2500000000
1 22 11 135168.000000 0.00000205319157 3 2.2500000000
1 22 12 147456.000000 0.00000046223306 3 1.2500000000
1 22 13 159744.000000 0.00000014284515 3 0.2500000000
1 22 14 172032.000000 0.00000002911278 3 -0.7500000000
1 22 15 184320.000000 0.00000000760380 3 -1.7500000000
1 22 16 196608.000000 0.00000000194062 3 -2.7500000000
1 23 0 0.000000 0.50189214944839 0 10.0000000000
1 23 1 12288.000000 0.19634789228439 1 10.2500000000
1 23 2 24576.000000 0.04343569278717 2 9.0000000000
1 23 3 36864.000000 0.01828593946993 5 8.5000000000
1 23 4 49152.000000 0.00766295613721 5 8.0000000000
1 23 5 61440.000000 0.00335948448628 4 7.2500000000
1 23 6 73728.000000 0.00114362873137 5 6.7500000000
1 23 7 86016.000000 0.00039065684541 3 5.7500000000
1 23 8 98304.000000 0.00009547021909 4 5.0000000000
1 23 9 110592.000000 0.00002387339191 3 4.0000000000
1 23 10 122880.000000 0.00000586148099 3 3.0000000000
1 23 11 135168.000000 0.00000148418485 3 2.0000000000
1 23 12 147456.000000 0.00000036016453 3 1.0000000000
1 23 13 159744.000000 0.00000008438328 3 0.0000000000
1 23 14 172032.000000 0.00000002320275 3 -1.0000000000
1 23 15 184320.000000 0.00000000577933 3 -2.0000000000
1 23 16 196608.000000 0.00000000137565 3 -3.0000000000
1 24 0 0.000000 3.38061833381653 0 11.0000000000
1 24 1 12288.000000 3.33416152000427 3 11.7500000000
1 24 2 24576.000000 0.84388196468353 0 10.0000000000
1 24 3 36864.000000 0.28218999505043 3 9.0000000000
1 24 4 49152.000000 0.08520783483982 7 9.0000000000
1 24 5 61440.000000 0.03281798958778 5 8.5000000000
1 24 6 73728.000000 0.01141069829464 4 7.7500000000
1 24 7 86016.000000 0.00297643011436 3 6.7500000000
1 24 8 98304.000000 0.00076419743709 4 6.0000000000
1 24 9 110592.000000 0.00023449958826 3 5.0000000000
1 24 10 122880.000000 0.00006390579074 3 4.0000000000
1 24 11 135168.000000 0.00001547258580 3 3.0000000000
1 24 12 147456.000000 0.00000388073613 3 2.0000000000
1 24 13 159744.000000 0.00000075758095 3 1.0000000000
1 24 14 172032.000000 0.00000035175924 4 0.2500000000
1 24 15 184320.000000 0.00000008969336 3 -0.7500000000
1 24 16 196608.000000 0.00000001593781 3 -1.7500000000
