2 0 0 0.000000 0.00099580327515 0 -6.0000000000
2 0 1 98304.000000 0.00040049431846 0 -6.0000000000
2 0 2 196608.000000 0.00006496760034 5 -6.5000000000
2 0 3 294912.000000 0.00002081564162 3 -7.5000000000
2 0 4 393216.000000 0.00000787394674 5 -8.0000000000
2 0 5 491520.000000 0.00000277036452 4 -8.7500000000
2 0 6 589824.000000 0.00000095664370 5 -9.2500000000
2 0 7 688128.000000 0.00000026768032 3 -10.2500000000
2 0 8 786432.000000 0.00000006272554 3 -11.2500000000
2 0 9 884736.000000 0.00000002027942 4 -12.0000000000
2 0 10 983040.000000 0.00000000596283 3 -13.0000000000
2 0 11 1081344.000000 0.00000000124135 3 -14.0000000000
2 0 12 1179648.000000 0.00000000033349 3 -15.0000000000
2 0 13 1277952.000000 0.00000000008352 3 -16.0000000000
2 0 14 1376256.000000 0.00000000002118 3 -17.0000000000
2 0 15 1474560.000000 0.00000000000463 3 -18.0000000000
2 0 16 1572864.000000 0.00000000000169 3 -19.0000000000
2 1 0 0.000000 0.01781866140664 0 -5.0000000000
2 1 1 98304.000000 0.00808140356094 0 -5.0000000000
2 1 2 196608.000000 0.00161110167392 3 -6.0000000000
2 1 3 294912.000000 0.00052495591808 5 -6.5000000000
2 1 4 393216.000000 0.00016036865418 4 -7.2500000000
2 1 5 491520.000000 0.00007176578220 4 -8.0000000000
2 1 6 589824.000000 0.00002245651558 5 -8.5000000000
2 1 7 688128.000000 0.00000893952347 4 -9.2500000000
2 1 8 786432.000000 0.00000236343021 4 -10.0000000000
2 1 9 884736.000000 0.00000054950715 3 -11.0000000000
2 1 10 983040.000000 0.00000014170071 3 -12.0000000000
2 1 11 1081344.000000 0.00000003955825 3 -13.0000000000
2 1 12 1179648.000000 0.00000001006945 3 -14.0000000000
2 1 13 1277952.000000 0.00000000270798 3 -15.0000000000
2 1 14 1376256.000000 0.00000000086750 4 -15.7500000000
2 1 15 1474560.000000 0.00000000020889 3 -16.7500000000
2 1 16 1572864.000000 0.00000000005647 3 -17.7500000000
2 2 0 0.000000 0.38602823019028 0 -4.0000000000
2 2 1 98304.000000 0.24524383246899 0 -4.0000000000
2 2 2 196608.000000 0.03425005450845 4 -4.7500000000
2 2 3 294912.000000 0.01250328589231 4 -5.5000000000
2 2 4 393216.000000 0.00407643523067 4 -6.2500000000
2 2 5 491520.000000 0.00173982768320 4 -7.0000000000
2 2 6 589824.000000 0.00065474532312 4 -7.7500000000
2 2 7 688128.000000 0.00022670287581 5 -8.2500000000
2 2 8 786432.000000 0.00007720286521 4 -9.0000000000
2 2 9 884736.000000 0.00001815799442 3 -10.0000000000
2 2 10 983040.000000 0.00000412892996 3 -11.0000000000
2 2 11 1081344.000000 0.00000145851834 3 -12.0000000000
2 2 12 1179648.000000 0.00000038714919 4 -12.7500000000
2 2 13 1277952.000000 0.00000009368151 3 -13.7500000000
2 2 14 1376256.000000 0.00000002665598 3 -14.7500000000
2 2 15 1474560.000000 0.00000000640489 3 -15.7500000000
2 2 16 1572864.000000 0.00000000152450 3 -16.7500000000
2 3 0 0.000000 0.00137522432487 0 -6.0000000000
2 3 1 98304.000000 0.00065971014556 2 -5.5000000000
2 3 2 196608.000000 0.00014237698633 4 -6.2500000000
2 3 3 294912.000000 0.00004470746353 4 -7.0000000000
2 3 4 393216.000000 0.00001549592889 4 -7.7500000000
2 3 5 491520.000000 0.00000577787023 4 -8.5000000000
2 3 6 589824.000000 0.00000185740953 4 -9.2500000000
2 3 7 688128.000000 0.00000063200287 4 -10.0000000000
2 3 8 786432.000000 0.00000018141967 4 -10.7500000000
2 3 9 884736.000000 0.00000005374529 3 -11.7500000000
2 3 10 983040.000000 0.00000001231844 3 -12.7500000000
2 3 11 1081344.000000 0.00000000401307 4 -13.5000000000
2 3 12 1179648.000000 0.00000000102655 3 -14.5000000000
2 3 13 1277952.000000 0.00000000024686 3 -15.5000000000
2 3 14 1376256.000000 0.00000000006242 3 -16.5000000000
2 3 15 1474560.000000 0.00000000001553 3 -17.5000000000
2 3 16 1572864.000000 0.00000000000479 3 -18.5000000000
2 4 0 0.000000 0.06883219629526 0 -5.0000000000
2 4 1 98304.000000 0.02374505810440 0 -5.0000000000
2 4 2 196608.000000 0.00308439764194 5 -5.5000000000
2 4 3 294912.000000 0.00105812866241 5 -6.0000000000
2 4 4 393216.000000 0.00040012079990 4 -6.7500000000
2 4 5 491520.000000 0.00013878580648 4 -7.5000000000
2 4 6 589824.000000 0.00005116584725 4 -8.2500000000
2 4 7 688128.000000 0.00001592735680 4 -9.0000000000
2 4 8 786432.000000 0.00000427217083 3 -10.0000000000
2 4 9 884736.000000 0.00000132858861 3 -11.0000000000
2 4 10 983040.000000 0.00000034730755 4 -11.7500000000
2 4 11 1081344.000000 0.00000007653141 3 -12.7500000000
2 4 12 1179648.000000 0.00000002009533 3 -13.7500000000
2 4 13 1277952.000000 0.00000000505981 3 -14.7500000000
2 4 14 1376256.000000 0.00000000113167 3 -15.7500000000
2 4 15 1474560.000000 0.00000000028655 3 -16.7500000000
2 4 16 1572864.000000 0.00000000007254 3 -17.7500000000
2 5 0 0.000000 1.40140604972839 0 -4.0000000000
2 5 1 98304.000000 0.66962850093842 0 -4.0000000000
2 5 2 196608.000000 0.08796642720699 6 -4.2500000000
2 5 3 294912.000000 0.02476256340742 3 -5.2500000000
2 5 4 393216.000000 0.00918762944639 4 -6.0000000000
2 5 5 491520.000000 0.00338589656167 5 -6.5000000000
2 5 6 589824.000000 0.00103563931771 3 -7.5000000000
2 5 7 688128.000000 0.00031762869912 5 -8.0000000000
2 5 8 786432.000000 0.00009724964912 3 -9.0000000000
2 5 9 884736.000000 0.00003195906174 4 -9.7500000000
2 5 10 983040.000000 0.00000999970325 3 -10.7500000000
2 5 11 1081344.000000 0.00000257364832 4 -11.5000000000
2 5 12 1179648.000000 0.00000066059249 3 -12.5000000000
2 5 13 1277952.000000 0.00000015763408 3 -13.5000000000
2 5 14 1376256.000000 0.00000004204132 3 -14.5000000000
2 5 15 1474560.000000 0.00000001060584 3 -15.5000000000
2 5 16 1572864.000000 0.00000000280617 3 -16.5000000000
2 6 0 0.000000 0.00361060514115 0 -5.0000000000
2 6 1 98304.000000 0.00202588620596 0 -5.0000000000
2 6 2 196608.000000 0.00036888022441 3 -6.0000000000
2 6 3 294912.000000 0.00012772371701 4 -6.7500000000
2 6 4 393216.000000 0.00005008047083 4 -7.5000000000
2 6 5 491520.000000 0.00001744811379 4 -8.2500000000
2 6 6 589824.000000 0.00000548655453 5 -8.7500000000
2 6 7 688128.000000 0.00000153586473 3 -9.7500000000
2 6 8 786432.000000 0.00000060961685 4 -10.5000000000
2 6 9 884736.000000 0.00000013411223 3 -11.5000000000
2 6 10 983040.000000 0.00000003294122 3 -12.5000000000
2 6 11 1081344.000000 0.00000000735289 3 -13.5000000000
2 6 12 1179648.000000 0.00000000206347 3 -14.5000000000
2 6 13 1277952.000000 0.00000000048084 3 -15.5000000000
2 6 14 1376256.000000 0.00000000011340 3 -16.5000000000
2 6 15 1474560.000000 0.00000000002969 3 -17.5000000000
2 6 16 1572864.000000 0.00000000000729 3 -18.5000000000
2 7 0 0.000000 0.72605276107788 0 -4.0000000000
2 7 1 98304.000000 0.55148345232010 0 -4.0000000000
2 7 2 196608.000000 0.03954946249723 3 -5.0000000000
2 7 3 294912.000000 0.00913499481976 4 -5.7500000000
2 7 4 393216.000000 0.00404908554628 4 -6.5000000000
2 7 5 491520.000000 0.00113153993152 4 -7.2500000000
2 7 6 589824.000000 0.00032612829818 4 -8.0000000000
2 7 7 688128.000000 0.00012213236187 4 -8.7500000000
2 7 8 786432.000000 0.00003531541734 3 -9.7500000000
2 7 9 884736.000000 0.00001121224886 4 -10.5000000000
2 7 10 983040.000000 0.00000318320372 3 -11.5000000000
2 7 11 1081344.000000 0.00000104029891 4 -12.2500000000
2 7 12 1179648.000000 0.00000024779470 3 -13.2500000000
2 7 13 1277952.000000 0.00000004700844 3 -14.2500000000
2 7 14 1376256.000000 0.00000001389063 3 -15.2500000000
2 7 15 1474560.000000 0.00000000353500 3 -16.2500000000
2 7 16 1572864.000000 0.00000000071141 3 -17.2500000000
2 8 0 0.000000 5.57470369338989 0 -4.0000000000
2 8 1 98304.000000 4.21116638183594 1 -3.7500000000
2 8 2 196608.000000 0.93093079328537 4 -4.5000000000
2 8 3 294912.000000 0.35110563039780 7 -4.5000000000
2 8 4 393216.000000 0.10239219665527 5 -5.0000000000
2 8 5 491520.000000 0.05214069411159 5 -5.5000000000
2 8 6 589824.000000 0.01514071039855 4 -6.2500000000
2 8 7 688128.000000 0.00544427800924 4 -7.0000000000
2 8 8 786432.000000 0.00182373065036 4 -7.7500000000
2 8 9 884736.000000 0.00041197106475 3 -8.7500000000
2 8 10 983040.000000 0.00014015597117 3 -9.7500000000
2 8 11 1081344.000000 0.00002772242260 3 -10.7500000000
2 8 12 1179648.000000 0.00000846982039 3 -11.7500000000
2 8 13 1277952.000000 0.00000193999995 3 -12.7500000000
2 8 14 1376256.000000 0.00000040467631 3 -13.7500000000
2 8 15 1474560.000000 0.00000012511751 3 -14.7500000000
2 8 16 1572864.000000 0.00000003096588 3 -15.7500000000
