1 0 0 0.000000 0.00001773246004 0 -7.0000000000
1 0 1 12288.000000 0.00001393582716 0 -7.0000000000
1 0 2 24576.000000 0.00000312454813 3 -8.0000000000
1 0 3 36864.000000 0.00000084163082 5 -8.5000000000
1 0 4 49152.000000 0.00000025288594 4 -9.2500000000
1 0 5 61440.000000 0.00000007398132 3 -10.2500000000
1 0 6 73728.000000 0.00000002191192 4 -11.0000000000
1 0 7 86016.000000 0.00000000627887 3 -12.0000000000
1 0 8 98304.000000 0.00000000173908 4 -12.7500000000
1 0 9 110592.000000 0.00000000047091 3 -13.7500000000
1 0 10 122880.000000 0.00000000010881 3 -14.7500000000
1 0 11 135168.000000 0.00000000002681 3 -15.7500000000
1 0 12 147456.000000 0.00000000000793 3 -16.7500000000
1 0 13 159744.000000 0.00000000000247 3 -17.7500000000
1 0 14 172032.000000 0.00000000000112 3 -18.7500000000
1 0 15 184320.000000 0.00000000000075 4 -19.5000000000
1 0 16 196608.000000 0.00000000000050 2 -20.7500000000
1 1 0 0.000000 0.00025550677674 0 -6.0000000000
1 1 1 12288.000000 0.00014343892690 0 -6.0000000000
1 1 2 24576.000000 0.00003270147499 3 -7.0000000000
1 1 3 36864.000000 0.00000949232344 4 -7.7500000000
1 1 4 49152.000000 0.00000292998470 4 -8.5000000000
1 1 5 61440.000000 0.00000090634251 5 -9.0000000000
1 1 6 73728.000000 0.00000021499301 3 -10.0000000000
1 1 7 86016.000000 0.00000007535446 4 -10.7500000000
1 1 8 98304.000000 0.00000002194734 2 -12.0000000000
1 1 9 110592.000000 0.00000000547604 4 -12.7500000000
1 1 10 122880.000000 0.00000000124371 3 -13.7500000000
1 1 11 135168.000000 0.00000000030391 3 -14.7500000000
1 1 12 147456.000000 0.00000000007796 3 -15.7500000000
1 1 13 159744.000000 0.00000000002616 3 -16.7500000000
1 1 14 172032.000000 0.00000000000509 3 -17.7500000000
1 1 15 184320.000000 0.00000000000195 3 -18.7500000000
1 1 16 196608.000000 0.00000000000086 3 -19.7500000000
1 2 0 0.000000 0.00205850717612 0 -5.0000000000
1 2 1 12288.000000 0.00110981171019 0 -5.0000000000
1 2 2 24576.000000 0.00030746165430 1 -6.5000000000
1 2 3 36864.000000 0.00007675750385 6 -6.7500000000
1 2 4 49152.000000 0.00002669204514 3 -7.7500000000
1 2 5 61440.000000 0.00000775593890 5 -8.2500000000
1 2 6 73728.000000 0.00000241458201 3 -9.2500000000
1 2 7 86016.000000 0.00000080164023 4 -10.0000000000
1 2 8 98304.000000 0.00000024266666 3 -11.0000000000
1 2 9 110592.000000 0.00000007100088 3 -12.0000000000
1 2 10 122880.000000 0.00000001786874 4 -12.7500000000
1 2 11 135168.000000 0.00000000341893 3 -13.7500000000
1 2 12 147456.000000 0.00000000107338 3 -14.7500000000
1 2 13 159744.000000 0.00000000034563 3 -15.7500000000
1 2 14 172032.000000 0.00000000007024 3 -16.7500000000
1 2 15 184320.000000 0.00000000001660 3 -17.7500000000
1 2 16 196608.000000 0.00000000000441 3 -18.7500000000
1 3 0 0.000000 0.02269630320370 0 -4.0000000000
1 3 1 12288.000000 0.02208646573126 0 -4.0000000000
1 3 2 24576.000000 0.00243271165527 1 -5.5000000000
1 3 3 36864.000000 0.00076059292769 5 -6.0000000000
1 3 4 49152.000000 0.00027730342117 3 -7.0000000000
1 3 5 61440.000000 0.00008315293235 5 -7.5000000000
1 3 6 73728.000000 0.00003119204848 3 -8.5000000000
1 3 7 86016.000000 0.00000973450096 5 -9.0000000000
1 3 8 98304.000000 0.00000250561243 3 -10.0000000000
1 3 9 110592.000000 0.00000067909724 3 -11.0000000000
1 3 10 122880.000000 0.00000022181828 4 -11.7500000000
1 3 11 135168.000000 0.00000004413228 2 -13.0000000000
1 3 12 147456.000000 0.00000001211274 3 -14.0000000000
1 3 13 159744.000000 0.00000000322647 4 -14.7500000000
1 3 14 172032.000000 0.00000000046663 2 -16.0000000000
1 3 15 184320.000000 0.00000000022296 4 -16.7500000000
1 3 16 196608.000000 0.00000000004246 2 -18.0000000000
1 4 0 0.000000 1.24686801433563 0 -3.0000000000
1 4 1 12288.000000 0.40057942271233 0 -3.0000000000
1 4 2 24576.000000 0.09532757848501 1 -4.5000000000
1 4 3 36864.000000 0.02361359447241 5 -5.0000000000
1 4 4 49152.000000 0.00585530139506 5 -5.5000000000
1 4 5 61440.000000 0.00186338333879 4 -6.2500000000
1 4 6 73728.000000 0.00045987431076 3 -7.2500000000
1 4 7 86016.000000 0.00012754545605 3 -8.2500000000
1 4 8 98304.000000 0.00003962001574 4 -9.0000000000
1 4 9 110592.000000 0.00000932512921 3 -10.0000000000
1 4 10 122880.000000 0.00000294122810 3 -11.0000000000
1 4 11 135168.000000 0.00000083374249 4 -11.7500000000
1 4 12 147456.000000 0.00000019749834 2 -13.0000000000
1 4 13 159744.000000 0.00000004103347 3 -14.0000000000
1 4 14 172032.000000 0.00000000794104 3 -15.0000000000
1 4 15 184320.000000 0.00000000240120 3 -16.0000000000
1 4 16 196608.000000 0.00000000074504 3 -17.0000000000
1 5 0 0.000000 0.00002618030157 0 -7.0000000000
1 5 1 12288.000000 0.00001768610309 0 -7.0000000000
1 5 2 24576.000000 0.00000428527119 5 -7.5000000000
1 5 3 36864.000000 0.00000130646902 4 -8.2500000000
1 5 4 49152.000000 0.00000040429671 3 -9.2500000000
1 5 5 61440.000000 0.00000013980637 4 -10.0000000000
1 5 6 73728.000000 0.00000005428690 4 -10.7500000000
1 5 7 86016.000000 0.00000001327247 4 -11.5000000000
1 5 8 98304.000000 0.00000000349875 3 -12.5000000000
1 5 9 110592.000000 0.00000000095294 3 -13.5000000000
1 5 10 122880.000000 0.00000000028326 4 -14.2500000000
1 5 11 135168.000000 0.00000000008146 3 -15.2500000000
1 5 12 147456.000000 0.00000000001828 3 -16.2500000000
1 5 13 159744.000000 0.00000000000517 3 -17.2500000000
1 5 14 172032.000000 0.00000000000168 3 -18.2500000000
1 5 15 184320.000000 0.00000000000085 3 -19.2500000000
1 5 16 196608.000000 0.00000000000057 3 -20.2500000000
1 6 0 0.000000 0.00074937823229 0 -6.0000000000
1 6 1 12288.000000 0.00061117805308 0 -6.0000000000
1 6 2 24576.000000 0.00011294519209 6 -6.2500000000
1 6 3 36864.000000 0.00001803382838 3 -7.2500000000
1 6 4 49152.000000 0.00000640987628 4 -8.0000000000
1 6 5 61440.000000 0.00000192809875 3 -9.0000000000
1 6 6 73728.000000 0.00000050042087 3 -10.0000000000
1 6 7 86016.000000 0.00000011853606 4 -10.7500000000
1 6 8 98304.000000 0.00000003278703 3 -11.7500000000
1 6 9 110592.000000 0.00000000625743 3 -12.7500000000
1 6 10 122880.000000 0.00000000196886 3 -13.7500000000
1 6 11 135168.000000 0.00000000046542 3 -14.7500000000
1 6 12 147456.000000 0.00000000011719 3 -15.7500000000
1 6 13 159744.000000 0.00000000002985 3 -16.7500000000
1 6 14 172032.000000 0.00000000000824 3 -17.7500000000
1 6 15 184320.000000 0.00000000000259 3 -18.7500000000
1 6 16 196608.000000 0.00000000000105 3 -19.7500000000
1 7 0 0.000000 0.00279736542143 0 -5.0000000000
1 7 1 12288.000000 0.00204444117844 0 -5.0000000000
1 7 2 24576.000000 0.00036224580253 4 -5.7500000000
1 7 3 36864.000000 0.00012152935960 4 -6.5000000000
1 7 4 49152.000000 0.00004533511674 4 -7.2500000000
1 7 5 61440.000000 0.00001559733937 4 -8.0000000000
1 7 6 73728.000000 0.00000383328506 3 -9.0000000000
1 7 7 86016.000000 0.00000078547953 3 -10.0000000000
1 7 8 98304.000000 0.00000025180157 4 -10.7500000000
1 7 9 110592.000000 0.00000007345862 3 -11.7500000000
1 7 10 122880.000000 0.00000001955856 3 -12.7500000000
1 7 11 135168.000000 0.00000000448139 3 -13.7500000000
1 7 12 147456.000000 0.00000000143821 3 -14.7500000000
1 7 13 159744.000000 0.00000000027935 3 -15.7500000000
1 7 14 172032.000000 0.00000000006972 3 -16.7500000000
1 7 15 184320.000000 0.00000000001727 3 -17.7500000000
1 7 16 196608.000000 0.00000000000447 3 -18.7500000000
1 8 0 0.000000 0.17950566112995 0 -4.0000000000
1 8 1 12288.000000 0.07223740220070 3 -3.2500000000
1 8 2 24576.000000 0.01659222319722 0 -5.0000000000
1 8 3 36864.000000 0.00290712015703 4 -5.7500000000
1 8 4 49152.000000 0.00115734664723 3 -6.7500000000
1 8 5 61440.000000 0.00036184856435 4 -7.5000000000
1 8 6 73728.000000 0.00009940387827 4 -8.2500000000
1 8 7 86016.000000 0.00001704152965 4 -9.0000000000
1 8 8 98304.000000 0.00000567021971 3 -10.0000000000
1 8 9 110592.000000 0.00000169784948 4 -10.7500000000
1 8 10 122880.000000 0.00000060200335 3 -11.7500000000
1 8 11 135168.000000 0.00000010057855 3 -12.7500000000
1 8 12 147456.000000 0.00000004119735 3 -13.7500000000
1 8 13 159744.000000 0.00000000933702 4 -14.5000000000
1 8 14 172032.000000 0.00000000150458 2 -15.7500000000
1 8 15 184320.000000 0.00000000053536 4 -16.5000000000
1 8 16 196608.000000 0.00000000014977 2 -17.7500000000
1 9 0 0.000000 3.15777230262756 0 -3.0000000000
1 9 1 12288.000000 4.17283439636230 0 -3.0000000000
1 9 2 24576.000000 0.55237096548080 2 -4.2500000000
1 9 3 36864.000000 0.07973553985357 6 -4.5000000000
1 9 4 49152.000000 0.03948181495070 5 -5.0000000000
1 9 5 61440.000000 0.01003016252071 4 -5.7500000000
1 9 6 73728.000000 0.00311521464027 3 -6.7500000000
1 9 7 86016.000000 0.00081081269309 3 -7.7500000000
1 9 8 98304.000000 0.00018996257859 3 -8.7500000000
1 9 9 110592.000000 0.00004265291136 3 -9.7500000000
1 9 10 122880.000000 0.00001369194706 3 -10.7500000000
1 9 11 135168.000000 0.00000320096115 3 -11.7500000000
1 9 12 147456.000000 0.00000068087064 4 -12.5000000000
1 9 13 159744.000000 0.00000022870086 2 -13.7500000000
1 9 14 172032.000000 0.00000007937294 3 -14.7500000000
1 9 15 184320.000000 0.00000001685217 4 -15.5000000000
1 9 16 196608.000000 0.00000000326730 3 -16.5000000000
1 10 0 0.000000 0.00004597142834 0 -6.0000000000
1 10 1 12288.000000 0.00003505508357 0 -6.0000000000
1 10 2 24576.000000 0.00000752922824 0 -7.7500000000
1 10 3 36864.000000 0.00000211561314 6 -8.0000000000
1 10 4 49152.000000 0.00000068931030 4 -8.7500000000
1 10 5 61440.000000 0.00000021207478 3 -9.7500000000
1 10 6 73728.000000 0.00000007097096 3 -10.7500000000
1 10 7 86016.000000 0.00000002281353 5 -11.2500000000
1 10 8 98304.000000 0.00000000629490 3 -12.2500000000
1 10 9 110592.000000 0.00000000161095 3 -13.2500000000
1 10 10 122880.000000 0.00000000051076 4 -14.0000000000
1 10 11 135168.000000 0.00000000010982 3 -15.0000000000
1 10 12 147456.000000 0.00000000003429 3 -16.0000000000
1 10 13 159744.000000 0.00000000000832 3 -17.0000000000
1 10 14 172032.000000 0.00000000000317 4 -17.7500000000
1 10 15 184320.000000 0.00000000000120 2 -19.0000000000
1 10 16 196608.000000 0.00000000000066 3 -20.0000000000
1 11 0 0.000000 0.00075785920490 0 -5.0000000000
1 11 1 12288.000000 0.00056583521655 2 -4.5000000000
1 11 2 24576.000000 0.00010027693497 0 -6.2500000000
1 11 3 36864.000000 0.00003742212721 2 -7.5000000000
1 11 4 49152.000000 0.00001188216174 5 -8.0000000000
1 11 5 61440.000000 0.00000289651462 4 -8.7500000000
1 11 6 73728.000000 0.00000081006192 3 -9.7500000000
1 11 7 86016.000000 0.00000026636511 3 -10.7500000000
1 11 8 98304.000000 0.00000005808289 4 -11.5000000000
1 11 9 110592.000000 0.00000001166720 3 -12.5000000000
1 11 10 122880.000000 0.00000000434998 3 -13.5000000000
1 11 11 135168.000000 0.00000000074450 3 -14.5000000000
1 11 12 147456.000000 0.00000000021348 3 -15.5000000000
1 11 13 159744.000000 0.00000000004797 3 -16.5000000000
1 11 14 172032.000000 0.00000000001414 3 -17.5000000000
1 11 15 184320.000000 0.00000000000462 3 -18.5000000000
1 11 16 196608.000000 0.00000000000131 3 -19.5000000000
1 12 0 0.000000 0.00618389155716 0 -5.0000000000
1 12 1 12288.000000 0.00440102070570 1 -4.7500000000
1 12 2 24576.000000 0.00064151483821 3 -5.7500000000
1 12 3 36864.000000 0.00019056905876 5 -6.2500000000
1 12 4 49152.000000 0.00006045763075 2 -7.5000000000
1 12 5 61440.000000 0.00001710110519 5 -8.0000000000
1 12 6 73728.000000 0.00000504007676 3 -9.0000000000
1 12 7 86016.000000 0.00000140339182 3 -10.0000000000
1 12 8 98304.000000 0.00000042412191 4 -10.7500000000
1 12 9 110592.000000 0.00000011088403 4 -11.5000000000
1 12 10 122880.000000 0.00000003332028 2 -12.7500000000
1 12 11 135168.000000 0.00000000778100 4 -13.5000000000
1 12 12 147456.000000 0.00000000234586 4 -14.2500000000
1 12 13 159744.000000 0.00000000067058 2 -15.5000000000
1 12 14 172032.000000 0.00000000012793 3 -16.5000000000
1 12 15 184320.000000 0.00000000002693 3 -17.5000000000
1 12 16 196608.000000 0.00000000000844 3 -18.5000000000
1 13 0 0.000000 0.14938879013062 0 -4.0000000000
1 13 1 12288.000000 0.17210516333580 1 -3.7500000000
1 13 2 24576.000000 0.02356559410691 2 -5.0000000000
1 13 3 36864.000000 0.00346578797325 5 -5.5000000000
1 13 4 49152.000000 0.00157763063908 3 -6.5000000000
1 13 5 61440.000000 0.00031998433406 5 -7.0000000000
1 13 6 73728.000000 0.00011053416529 3 -8.0000000000
1 13 7 86016.000000 0.00003480308078 4 -8.7500000000
1 13 8 98304.000000 0.00000809466201 3 -9.7500000000
1 13 9 110592.000000 0.00000291037554 3 -10.7500000000
1 13 10 122880.000000 0.00000055707613 4 -11.5000000000
1 13 11 135168.000000 0.00000017899666 2 -12.7500000000
1 13 12 147456.000000 0.00000004606333 4 -13.5000000000
1 13 13 159744.000000 0.00000001149024 3 -14.5000000000
1 13 14 172032.000000 0.00000000311611 3 -15.5000000000
1 13 15 184320.000000 0.00000000081486 3 -16.5000000000
1 13 16 196608.000000 0.00000000017330 3 -17.5000000000
1 14 0 0.000000 1.61764109134674 0 -3.0000000000
1 14 1 12288.000000 0.44918283820152 1 -2.7500000000
1 14 2 24576.000000 0.13105843961239 4 -3.5000000000
1 14 3 36864.000000 0.04694436118007 2 -4.7500000000
1 14 4 49152.000000 0.02044676989317 5 -5.2500000000
1 14 5 61440.000000 0.01018928736448 5 -5.7500000000
1 14 6 73728.000000 0.00333776487969 5 -6.2500000000
1 14 7 86016.000000 0.00071114866296 4 -7.0000000000
1 14 8 98304.000000 0.00029602562427 4 -7.7500000000
1 14 9 110592.000000 0.00008555445675 3 -8.7500000000
1 14 10 122880.000000 0.00002003477857 3 -9.7500000000
1 14 11 135168.000000 0.00000535944582 3 -10.7500000000
1 14 12 147456.000000 0.00000147632989 3 -11.7500000000
1 14 13 159744.000000 0.00000031043228 3 -12.7500000000
1 14 14 172032.000000 0.00000009115517 3 -13.7500000000
1 14 15 184320.000000 0.00000001791338 3 -14.7500000000
1 14 16 196608.000000 0.00000000522434 3 -15.7500000000
1 15 0 0.000000 0.00009201842477 0 -6.0000000000
1 15 1 12288.000000 0.00005502612112 0 -6.0000000000
1 15 2 24576.000000 0.00001153466474 2 -7.2500000000
1 15 3 36864.000000 0.00000380210486 5 -7.7500000000
1 15 4 49152.000000 0.00000112112059 3 -8.7500000000
1 15 5 61440.000000 0.00000038707583 4 -9.5000000000
1 15 6 73728.000000 0.00000009482675 3 -10.5000000000
1 15 7 86016.000000 0.00000002836647 4 -11.2500000000
1 15 8 98304.000000 0.00000000804591 3 -12.2500000000
1 15 9 110592.000000 0.00000000183767 3 -13.2500000000
1 15 10 122880.000000 0.00000000057235 3 -14.2500000000
1 15 11 135168.000000 0.00000000015091 4 -15.0000000000
1 15 12 147456.000000 0.00000000004291 3 -16.0000000000
1 15 13 159744.000000 0.00000000001000 3 -17.0000000000
1 15 14 172032.000000 0.00000000000325 3 -18.0000000000
1 15 15 184320.000000 0.00000000000117 3 -19.0000000000
1 15 16 196608.000000 0.00000000000064 3 -20.0000000000
1 16 0 0.000000 0.00081546691945 0 -5.0000000000
1 16 1 12288.000000 0.00062224909198 3 -4.2500000000
1 16 2 24576.000000 0.00012775465439 0 -6.0000000000
1 16 3 36864.000000 0.00005061838965 1 -7.5000000000
1 16 4 49152.000000 0.00001035343303 6 -7.7500000000
1 16 5 61440.000000 0.00000362709375 4 -8.5000000000
1 16 6 73728.000000 0.00000116288186 3 -9.5000000000
1 16 7 86016.000000 0.00000023362468 3 -10.5000000000
1 16 8 98304.000000 0.00000010611879 4 -11.2500000000
1 16 9 110592.000000 0.00000002102489 3 -12.2500000000
1 16 10 122880.000000 0.00000000460958 3 -13.2500000000
1 16 11 135168.000000 0.00000000142933 3 -14.2500000000
1 16 12 147456.000000 0.00000000037948 3 -15.2500000000
1 16 13 159744.000000 0.00000000007127 3 -16.2500000000
1 16 14 172032.000000 0.00000000001859 3 -17.2500000000
1 16 15 184320.000000 0.00000000000510 3 -18.2500000000
1 16 16 196608.000000 0.00000000000199 3 -19.2500000000
1 17 0 0.000000 0.01405975874513 0 -5.0000000000
1 17 1 12288.000000 0.01249765884131 0 -5.0000000000
1 17 2 24576.000000 0.00147616746835 6 -5.2500000000
1 17 3 36864.000000 0.00034890774987 2 -6.5000000000
1 17 4 49152.000000 0.00010209751053 4 -7.2500000000
1 17 5 61440.000000 0.00003476644633 4 -8.0000000000
1 17 6 73728.000000 0.00001543325016 5 -8.5000000000
1 17 7 86016.000000 0.00000335356663 3 -9.5000000000
1 17 8 98304.000000 0.00000083434702 3 -10.5000000000
1 17 9 110592.000000 0.00000018251987 3 -11.5000000000
1 17 10 122880.000000 0.00000005598663 3 -12.5000000000
1 17 11 135168.000000 0.00000001590867 4 -13.2500000000
1 17 12 147456.000000 0.00000000411794 3 -14.2500000000
1 17 13 159744.000000 0.00000000150562 3 -15.2500000000
1 17 14 172032.000000 0.00000000029625 3 -16.2500000000
1 17 15 184320.000000 0.00000000005811 3 -17.2500000000
1 17 16 196608.000000 0.00000000001549 3 -18.2500000000
1 18 0 0.000000 0.09965589642525 0 -4.0000000000
1 18 1 12288.000000 0.07702813297510 3 -3.2500000000
1 18 2 24576.000000 0.01756614446640 2 -4.5000000000
1 18 3 36864.000000 0.00358689576387 4 -5.2500000000
1 18 4 49152.000000 0.00121189991478 3 -6.2500000000
1 18 5 61440.000000 0.00036251303391 4 -7.0000000000
1 18 6 73728.000000 0.00008144081221 3 -8.0000000000
1 18 7 86016.000000 0.00002655393291 4 -8.7500000000
1 18 8 98304.000000 0.00000769268172 3 -9.7500000000
1 18 9 110592.000000 0.00000225523286 4 -10.5000000000
1 18 10 122880.000000 0.00000066782945 3 -11.5000000000
1 18 11 135168.000000 0.00000015750422 3 -12.5000000000
1 18 12 147456.000000 0.00000004144662 3 -13.5000000000
1 18 13 159744.000000 0.00000001329469 5 -14.0000000000
1 18 14 172032.000000 0.00000000256710 1 -15.5000000000
1 18 15 184320.000000 0.00000000074905 4 -16.2500000000
1 18 16 196608.000000 0.00000000016296 2 -17.5000000000
1 19 0 0.000000 1.28039252758026 0 -3.0000000000
1 19 1 12288.000000 0.60798925161362 0 -3.0000000000
1 19 2 24576.000000 0.14935417473316 4 -3.7500000000
1 19 3 36864.000000 0.04108848795295 6 -4.0000000000
1 19 4 49152.000000 0.01759472303092 6 -4.2500000000
1 19 5 61440.000000 0.00692012626678 3 -5.2500000000
1 19 6 73728.000000 0.00141043111216 3 -6.2500000000
1 19 7 86016.000000 0.00056126661366 4 -7.0000000000
1 19 8 98304.000000 0.00011885576532 3 -8.0000000000
1 19 9 110592.000000 0.00004599079693 3 -9.0000000000
1 19 10 122880.000000 0.00000959069985 4 -9.7500000000
1 19 11 135168.000000 0.00000330167927 3 -10.7500000000
1 19 12 147456.000000 0.00000085314207 3 -11.7500000000
1 19 13 159744.000000 0.00000018683959 3 -12.7500000000
1 19 14 172032.000000 0.00000004508965 3 -13.7500000000
1 19 15 184320.000000 0.00000001257245 3 -14.7500000000
1 19 16 196608.000000 0.00000000280936 3 -15.7500000000
1 20 0 0.000000 0.00013659166871 0 -6.0000000000
1 20 1 12288.000000 0.00008650751261 0 -6.0000000000
1 20 2 24576.000000 0.00001848432476 3 -7.0000000000
1 20 3 36864.000000 0.00000573906527 4 -7.7500000000
1 20 4 49152.000000 0.00000197583108 4 -8.5000000000
1 20 5 61440.000000 0.00000061296703 3 -9.5000000000
1 20 6 73728.000000 0.00000018120865 4 -10.2500000000
1 20 7 86016.000000 0.00000004670382 4 -11.0000000000
1 20 8 98304.000000 0.00000001497250 3 -12.0000000000
1 20 9 110592.000000 0.00000000472740 4 -12.7500000000
1 20 10 122880.000000 0.00000000099026 3 -13.7500000000
1 20 11 135168.000000 0.00000000027087 3 -14.7500000000
1 20 12 147456.000000 0.00000000007290 3 -15.7500000000
1 20 13 159744.000000 0.00000000001541 3 -16.7500000000
1 20 14 172032.000000 0.00000000000468 3 -17.7500000000
1 20 15 184320.000000 0.00000000000175 3 -18.7500000000
1 20 16 196608.000000 0.00000000000083 3 -19.7500000000
1 21 0 0.000000 0.00299112545326 0 -5.0000000000
1 21 1 12288.000000 0.00263906270266 2 -4.5000000000
1 21 2 24576.000000 0.00047929806169 2 -5.7500000000
1 21 3 36864.000000 0.00011740937043 4 -6.5000000000
1 21 4 49152.000000 0.00002961444443 3 -7.5000000000
1 21 5 61440.000000 0.00000945334796 4 -8.2500000000
1 21 6 73728.000000 0.00000213095973 3 -9.2500000000
1 21 7 86016.000000 0.00000061286636 3 -10.2500000000
1 21 8 98304.000000 0.00000013163346 4 -11.0000000000
1 21 9 110592.000000 0.00000006200190 3 -12.0000000000
1 21 10 122880.000000 0.00000001105267 3 -13.0000000000
1 21 11 135168.000000 0.00000000245408 3 -14.0000000000
1 21 12 147456.000000 0.00000000061767 3 -15.0000000000
1 21 13 159744.000000 0.00000000019165 3 -16.0000000000
1 21 14 172032.000000 0.00000000006551 3 -17.0000000000
1 21 15 184320.000000 0.00000000000920 3 -18.0000000000
1 21 16 196608.000000 0.00000000000402 4 -18.7500000000
1 22 0 0.000000 0.02921762131155 0 -4.0000000000
1 22 1 12288.000000 0.01508327107877 0 -4.0000000000
1 22 2 24576.000000 0.00235942495055 2 -5.2500000000
1 22 3 36864.000000 0.00090695661493 3 -6.2500000000
1 22 4 49152.000000 0.00023840133508 5 -6.7500000000
1 22 5 61440.000000 0.00008559275011 3 -7.7500000000
1 22 6 73728.000000 0.00001636643174 4 -8.5000000000
1 22 7 86016.000000 0.00000528119881 4 -9.2500000000
1 22 8 98304.000000 0.00000160148045 3 -10.2500000000
1 22 9 110592.000000 0.00000037737607 3 -11.2500000000
1 22 10 122880.000000 0.00000008730136 3 -12.2500000000
1 22 11 135168.000000 0.00000002675205 4 -13.0000000000
1 22 12 147456.000000 0.00000000775783 2 -14.2500000000
1 22 13 159744.000000 0.00000000164930 3 -15.2500000000
1 22 14 172032.000000 0.00000000046590 4 -16.0000000000
1 22 15 184320.000000 0.00000000012593 3 -17.0000000000
1 22 16 196608.000000 0.00000000003862 3 -18.0000000000
1 23 0 0.000000 0.13946844637394 0 -4.0000000000
1 23 1 12288.000000 0.10230515897274 1 -3.7500000000
1 23 2 24576.000000 0.01838782988489 3 -4.7500000000
1 23 3 36864.000000 0.00567498477176 6 -5.0000000000
1 23 4 49152.000000 0.00221544317901 3 -6.0000000000
1 23 5 61440.000000 0.00062322622398 4 -6.7500000000
1 23 6 73728.000000 0.00019227317534 4 -7.5000000000
1 23 7 86016.000000 0.00006025005496 3 -8.5000000000
1 23 8 98304.000000 0.00001524690379 4 -9.2500000000
1 23 9 110592.000000 0.00000460754563 3 -10.2500000000
1 23 10 122880.000000 0.00000104108210 4 -11.0000000000
1 23 11 135168.000000 0.00000030283866 3 -12.0000000000
1 23 12 147456.000000 0.00000005933075 3 -13.0000000000
1 23 13 159744.000000 0.00000002538702 4 -13.7500000000
1 23 14 172032.000000 0.00000000647074 2 -15.0000000000
1 23 15 184320.000000 0.00000000111309 3 -16.0000000000
1 23 16 196608.000000 0.00000000026404 3 -17.0000000000
1 24 0 0.000000 6.83001995086670 0 -2.0000000000
1 24 1 12288.000000 6.76967144012451 0 -2.0000000000
1 24 2 24576.000000 2.56797051429749 3 -3.0000000000
1 24 3 36864.000000 0.69235795736313 3 -4.0000000000
1 24 4 49152.000000 0.12957809865475 4 -4.7500000000
1 24 5 61440.000000 0.03797913715243 5 -5.2500000000
1 24 6 73728.000000 0.00936976354569 3 -6.2500000000
1 24 7 86016.000000 0.00447163777426 3 -7.2500000000
1 24 8 98304.000000 0.00120470602997 4 -8.0000000000
1 24 9 110592.000000 0.00033182263724 5 -8.5000000000
1 24 10 122880.000000 0.00011714702850 4 -9.2500000000
1 24 11 135168.000000 0.00003621706855 3 -10.2500000000
1 24 12 147456.000000 0.00000825328789 3 -11.2500000000
1 24 13 159744.000000 0.00000312560996 3 -12.2500000000
1 24 14 172032.000000 0.00000067538537 3 -13.2500000000
1 24 15 184320.000000 0.00000018216701 3 -14.2500000000
1 24 16 196608.000000 0.00000004663123 4 -15.0000000000
