3 0 0 0.000000 0.00043647797429 0 -6.0000000000
3 0 1 73728.000000 0.00024000041594 0 -6.0000000000
3 0 2 147456.000000 0.00005205599882 4 -6.7500000000
3 0 3 221184.000000 0.00001579362288 4 -7.5000000000
3 0 4 294912.000000 0.00000560421768 4 -8.2500000000
3 0 5 368640.000000 0.00000189462708 3 -9.2500000000
3 0 6 442368.000000 0.00000055295624 5 -9.7500000000
3 0 7 516096.000000 0.00000019124225 3 -10.7500000000
3 0 8 589824.000000 0.00000005686012 4 -11.5000000000
3 0 9 663552.000000 0.00000001580198 4 -12.2500000000
3 0 10 737280.000000 0.00000000415172 3 -13.2500000000
3 0 11 811008.000000 0.00000000102514 3 -14.2500000000
3 0 12 884736.000000 0.00000000026939 3 -15.2500000000
3 0 13 958464.000000 0.00000000006078 3 -16.2500000000
3 0 14 1032192.000000 0.00000000001424 3 -17.2500000000
3 0 15 1105920.000000 0.00000000000414 3 -18.2500000000
3 0 16 1179648.000000 0.00000000000110 3 -19.2500000000
3 1 0 0.000000 0.01157822273672 0 -5.0000000000
3 1 1 73728.000000 0.00596135295928 0 -5.0000000000
3 1 2 147456.000000 0.00113883649465 4 -5.7500000000
3 1 3 221184.000000 0.00036235159496 3 -6.7500000000
3 1 4 294912.000000 0.00012541378965 5 -7.2500000000
3 1 5 368640.000000 0.00004544593321 3 -8.2500000000
3 1 6 442368.000000 0.00001391131536 4 -9.0000000000
3 1 7 516096.000000 0.00000454299789 4 -9.7500000000
3 1 8 589824.000000 0.00000114564534 4 -10.5000000000
3 1 9 663552.000000 0.00000030681545 3 -11.5000000000
3 1 10 737280.000000 0.00000008872575 3 -12.5000000000
3 1 11 811008.000000 0.00000002318164 4 -13.2500000000
3 1 12 884736.000000 0.00000000651798 3 -14.2500000000
3 1 13 958464.000000 0.00000000157077 3 -15.2500000000
3 1 14 1032192.000000 0.00000000042570 3 -16.2500000000
3 1 15 1105920.000000 0.00000000010401 3 -17.2500000000
3 1 16 1179648.000000 0.00000000002626 3 -18.2500000000
3 2 0 0.000000 0.27916243672371 0 -4.0000000000
3 2 1 73728.000000 0.20036350190639 0 -4.0000000000
3 2 2 147456.000000 0.02721740491688 4 -4.7500000000
3 2 3 221184.000000 0.00846396572888 3 -5.7500000000
3 2 4 294912.000000 0.00316203362308 5 -6.2500000000
3 2 5 368640.000000 0.00096777878935 4 -7.0000000000
3 2 6 442368.000000 0.00033138025901 4 -7.7500000000
3 2 7 516096.000000 0.00010869667312 3 -8.7500000000
3 2 8 589824.000000 0.00003301113975 4 -9.5000000000
3 2 9 663552.000000 0.00000776137949 3 -10.5000000000
3 2 10 737280.000000 0.00000242635292 4 -11.2500000000
3 2 11 811008.000000 0.00000067587922 3 -12.2500000000
3 2 12 884736.000000 0.00000016741119 3 -13.2500000000
3 2 13 958464.000000 0.00000004129979 3 -14.2500000000
3 2 14 1032192.000000 0.00000001079920 3 -15.2500000000
3 2 15 1105920.000000 0.00000000246719 3 -16.2500000000
3 2 16 1179648.000000 0.00000000060901 3 -17.2500000000
3 3 0 0.000000 0.00113611109555 0 -5.0000000000
3 3 1 73728.000000 0.00082602677867 0 -5.0000000000
3 3 2 147456.000000 0.00014921325783 1 -6.5000000000
3 3 3 221184.000000 0.00005219979357 4 -7.2500000000
3 3 4 294912.000000 0.00001621974479 4 -8.0000000000
3 3 5 368640.000000 0.00000609345398 5 -8.5000000000
3 3 6 442368.000000 0.00000213124895 4 -9.2500000000
3 3 7 516096.000000 0.00000068498952 3 -10.2500000000
3 3 8 589824.000000 0.00000018197983 4 -11.0000000000
3 3 9 663552.000000 0.00000004934375 3 -12.0000000000
3 3 10 737280.000000 0.00000001396204 3 -13.0000000000
3 3 11 811008.000000 0.00000000398450 4 -13.7500000000
3 3 12 884736.000000 0.00000000093957 3 -14.7500000000
3 3 13 958464.000000 0.00000000022505 3 -15.7500000000
3 3 14 1032192.000000 0.00000000005788 3 -16.7500000000
3 3 15 1105920.000000 0.00000000001652 3 -17.7500000000
3 3 16 1179648.000000 0.00000000000410 3 -18.7500000000
3 4 0 0.000000 0.02578973397613 0 -5.0000000000
3 4 1 73728.000000 0.01288417447358 0 -5.0000000000
3 4 2 147456.000000 0.00272722961381 5 -5.5000000000
3 4 3 221184.000000 0.00086831697263 3 -6.5000000000
3 4 4 294912.000000 0.00027979369042 5 -7.0000000000
3 4 5 368640.000000 0.00009664307436 3 -8.0000000000
3 4 6 442368.000000 0.00002972457332 4 -8.7500000000
3 4 7 516096.000000 0.00000961935893 4 -9.5000000000
3 4 8 589824.000000 0.00000287764465 3 -10.5000000000
3 4 9 663552.000000 0.00000066541782 4 -11.2500000000
3 4 10 737280.000000 0.00000023310905 3 -12.2500000000
3 4 11 811008.000000 0.00000006452788 4 -13.0000000000
3 4 12 884736.000000 0.00000001658273 3 -14.0000000000
3 4 13 958464.000000 0.00000000358676 3 -15.0000000000
3 4 14 1032192.000000 0.00000000089425 3 -16.0000000000
3 4 15 1105920.000000 0.00000000021493 3 -17.0000000000
3 4 16 1179648.000000 0.00000000006272 3 -18.0000000000
3 5 0 0.000000 1.20758581161499 0 -4.0000000000
3 5 1 73728.000000 0.57758778333664 0 -4.0000000000
3 5 2 147456.000000 0.08569593727589 5 -4.5000000000
3 5 3 221184.000000 0.03395229950547 2 -5.7500000000
3 5 4 294912.000000 0.01574523374438 5 -6.2500000000
3 5 5 368640.000000 0.00933834258467 5 -6.7500000000
3 5 6 442368.000000 0.00420600222424 7 -6.7500000000
3 5 7 516096.000000 0.00123870663811 5 -7.2500000000
3 5 8 589824.000000 0.00044343093759 4 -8.0000000000
3 5 9 663552.000000 0.00010675584053 3 -9.0000000000
3 5 10 737280.000000 0.00003184256275 3 -10.0000000000
3 5 11 811008.000000 0.00000790634294 3 -11.0000000000
3 5 12 884736.000000 0.00000196399083 3 -12.0000000000
3 5 13 958464.000000 0.00000047201223 3 -13.0000000000
3 5 14 1032192.000000 0.00000009918826 3 -14.0000000000
3 5 15 1105920.000000 0.00000003163303 3 -15.0000000000
3 5 16 1179648.000000 0.00000000612081 3 -16.0000000000
3 6 0 0.000000 0.00357084558345 0 -5.0000000000
3 6 1 73728.000000 0.00215659220703 0 -5.0000000000
3 6 2 147456.000000 0.00046270259190 3 -6.0000000000
3 6 3 221184.000000 0.00014377990738 4 -6.7500000000
3 6 4 294912.000000 0.00004476928370 4 -7.5000000000
3 6 5 368640.000000 0.00001571578105 4 -8.2500000000
3 6 6 442368.000000 0.00000458894192 3 -9.2500000000
3 6 7 516096.000000 0.00000144007299 4 -10.0000000000
3 6 8 589824.000000 0.00000044586002 4 -10.7500000000
3 6 9 663552.000000 0.00000011413194 3 -11.7500000000
3 6 10 737280.000000 0.00000003018870 3 -12.7500000000
3 6 11 811008.000000 0.00000000968275 4 -13.5000000000
3 6 12 884736.000000 0.00000000219419 3 -14.5000000000
3 6 13 958464.000000 0.00000000062731 3 -15.5000000000
3 6 14 1032192.000000 0.00000000014896 3 -16.5000000000
3 6 15 1105920.000000 0.00000000003839 3 -17.5000000000
3 6 16 1179648.000000 0.00000000000958 3 -18.5000000000
3 7 0 0.000000 0.16535365581512 0 -4.0000000000
3 7 1 73728.000000 0.09662330895662 0 -4.0000000000
3 7 2 147456.000000 0.01412891503423 3 -5.0000000000
3 7 3 221184.000000 0.00410691741854 4 -5.7500000000
3 7 4 294912.000000 0.00144596456084 4 -6.5000000000
3 7 5 368640.000000 0.00041213809163 3 -7.5000000000
3 7 6 442368.000000 0.00014017154172 4 -8.2500000000
3 7 7 516096.000000 0.00003818803452 4 -9.0000000000
3 7 8 589824.000000 0.00001243738643 3 -10.0000000000
3 7 9 663552.000000 0.00000321915991 4 -10.7500000000
3 7 10 737280.000000 0.00000091785535 3 -11.7500000000
3 7 11 811008.000000 0.00000020035525 3 -12.7500000000
3 7 12 884736.000000 0.00000005404850 3 -13.7500000000
3 7 13 958464.000000 0.00000001273941 3 -14.7500000000
3 7 14 1032192.000000 0.00000000368245 3 -15.7500000000
3 7 15 1105920.000000 0.00000000084248 3 -16.7500000000
3 7 16 1179648.000000 0.00000000020021 3 -17.7500000000
3 8 0 0.000000 4.16267490386963 0 -3.0000000000
3 8 1 73728.000000 3.71888542175293 0 -3.0000000000
3 8 2 147456.000000 0.38590973615646 2 -4.2500000000
3 8 3 221184.000000 0.11731971055269 5 -4.7500000000
3 8 4 294912.000000 0.05410712584853 4 -5.5000000000
3 8 5 368640.000000 0.01934188790619 4 -6.2500000000
3 8 6 442368.000000 0.00723896548152 5 -6.7500000000
3 8 7 516096.000000 0.00219899741933 4 -7.5000000000
3 8 8 589824.000000 0.00066393613815 4 -8.2500000000
3 8 9 663552.000000 0.00021815096261 4 -9.0000000000
3 8 10 737280.000000 0.00005699326357 3 -10.0000000000
3 8 11 811008.000000 0.00001270424946 3 -11.0000000000
3 8 12 884736.000000 0.00000463798597 3 -12.0000000000
3 8 13 958464.000000 0.00000083982133 3 -13.0000000000
3 8 14 1032192.000000 0.00000020714158 3 -14.0000000000
3 8 15 1105920.000000 0.00000005889327 3 -15.0000000000
3 8 16 1179648.000000 0.00000001499344 3 -16.0000000000
