4 0 0 0.000000 0.00078595557716 0 -6.0000000000
4 0 1 49152.000000 0.00045063838479 0 -6.0000000000
4 0 2 98304.000000 0.00010455753363 3 -7.0000000000
4 0 3 147456.000000 0.00002986661821 5 -7.5000000000
4 0 4 196608.000000 0.00000877500679 3 -8.5000000000
4 0 5 245760.000000 0.00000255190275 4 -9.2500000000
4 0 6 294912.000000 0.00000086349985 4 -10.0000000000
4 0 7 344064.000000 0.00000026190011 3 -11.0000000000
4 0 8 393216.000000 0.00000006698611 4 -11.7500000000
4 0 9 442368.000000 0.00000002309546 3 -12.7500000000
4 0 10 491520.000000 0.00000000553233 4 -13.5000000000
4 0 11 540672.000000 0.00000000152016 3 -14.5000000000
4 0 12 589824.000000 0.00000000036720 3 -15.5000000000
4 0 13 638976.000000 0.00000000008773 3 -16.5000000000
4 0 14 688128.000000 0.00000000002435 3 -17.5000000000
4 0 15 737280.000000 0.00000000000572 3 -18.5000000000
4 0 16 786432.000000 0.00000000000143 3 -19.5000000000
4 1 0 0.000000 0.00630778120831 0 -5.0000000000
4 1 1 49152.000000 0.00364659423940 0 -5.0000000000
4 1 2 98304.000000 0.00080984097440 3 -6.0000000000
4 1 3 147456.000000 0.00022949420963 4 -6.7500000000
4 1 4 196608.000000 0.00007667951286 3 -7.7500000000
4 1 5 245760.000000 0.00002523712101 4 -8.5000000000
4 1 6 294912.000000 0.00000752197457 4 -9.2500000000
4 1 7 344064.000000 0.00000236834808 4 -10.0000000000
4 1 8 393216.000000 0.00000066407137 3 -11.0000000000
4 1 9 442368.000000 0.00000020247330 4 -11.7500000000
4 1 10 491520.000000 0.00000005249261 3 -12.7500000000
4 1 11 540672.000000 0.00000001222251 3 -13.7500000000
4 1 12 589824.000000 0.00000000312122 3 -14.7500000000
4 1 13 638976.000000 0.00000000080796 3 -15.7500000000
4 1 14 688128.000000 0.00000000021084 3 -16.7500000000
4 1 15 737280.000000 0.00000000005029 3 -17.7500000000
4 1 16 786432.000000 0.00000000001264 3 -18.7500000000
4 2 0 0.000000 0.08757486194372 0 -4.0000000000
4 2 1 49152.000000 0.04204142466187 0 -4.0000000000
4 2 2 98304.000000 0.00807150453329 3 -5.0000000000
4 2 3 147456.000000 0.00229101139121 4 -5.7500000000
4 2 4 196608.000000 0.00068611418828 3 -6.7500000000
4 2 5 245760.000000 0.00021479511634 4 -7.5000000000
4 2 6 294912.000000 0.00007350003580 4 -8.2500000000
4 2 7 344064.000000 0.00002560136818 3 -9.2500000000
4 2 8 393216.000000 0.00000770409042 4 -10.0000000000
4 2 9 442368.000000 0.00000189617481 4 -10.7500000000
4 2 10 491520.000000 0.00000053654281 3 -11.7500000000
4 2 11 540672.000000 0.00000014120420 3 -12.7500000000
4 2 12 589824.000000 0.00000004368770 4 -13.5000000000
4 2 13 638976.000000 0.00000001077405 3 -14.5000000000
4 2 14 688128.000000 0.00000000305405 3 -15.5000000000
4 2 15 737280.000000 0.00000000071106 3 -16.5000000000
4 2 16 786432.000000 0.00000000016027 3 -17.5000000000
4 3 0 0.000000 0.00131696474273 0 -5.0000000000
4 3 1 49152.000000 0.00108142651152 0 -5.0000000000
4 3 2 98304.000000 0.00019624478591 1 -6.5000000000
4 3 3 147456.000000 0.00005470522228 3 -7.5000000000
4 3 4 196608.000000 0.00001765073284 4 -8.2500000000
4 3 5 245760.000000 0.00000548635080 4 -9.0000000000
4 3 6 294912.000000 0.00000222765175 4 -9.7500000000
4 3 7 344064.000000 0.00000082487708 5 -10.2500000000
4 3 8 393216.000000 0.00000026780836 4 -11.0000000000
4 3 9 442368.000000 0.00000008202803 3 -12.0000000000
4 3 10 491520.000000 0.00000002155716 4 -12.7500000000
4 3 11 540672.000000 0.00000000554192 3 -13.7500000000
4 3 12 589824.000000 0.00000000140748 3 -14.7500000000
4 3 13 638976.000000 0.00000000036541 3 -15.7500000000
4 3 14 688128.000000 0.00000000008157 3 -16.7500000000
4 3 15 737280.000000 0.00000000002329 3 -17.7500000000
4 3 16 786432.000000 0.00000000000608 3 -18.7500000000
4 4 0 0.000000 0.01602807641029 0 -5.0000000000
4 4 1 49152.000000 0.00788451358676 0 -5.0000000000
4 4 2 98304.000000 0.00177339313086 5 -5.5000000000
4 4 3 147456.000000 0.00049565546215 3 -6.5000000000
4 4 4 196608.000000 0.00015164575598 4 -7.2500000000
4 4 5 245760.000000 0.00004749757863 3 -8.2500000000
4 4 6 294912.000000 0.00001453687310 4 -9.0000000000
4 4 7 344064.000000 0.00000500113129 4 -9.7500000000
4 4 8 393216.000000 0.00000176385436 4 -10.5000000000
4 4 9 442368.000000 0.00000051388804 4 -11.2500000000
4 4 10 491520.000000 0.00000012902397 3 -12.2500000000
4 4 11 540672.000000 0.00000003462610 3 -13.2500000000
4 4 12 589824.000000 0.00000000954070 3 -14.2500000000
4 4 13 638976.000000 0.00000000326978 4 -15.0000000000
4 4 14 688128.000000 0.00000000067333 3 -16.0000000000
4 4 15 737280.000000 0.00000000018158 3 -17.0000000000
4 4 16 786432.000000 0.00000000005044 3 -18.0000000000
4 5 0 0.000000 0.19481256604195 0 -4.0000000000
4 5 1 49152.000000 0.11028687655926 0 -4.0000000000
4 5 2 98304.000000 0.02056794427335 4 -4.7500000000
4 5 3 147456.000000 0.00675662513822 4 -5.5000000000
4 5 4 196608.000000 0.00246355356649 5 -6.0000000000
4 5 5 245760.000000 0.00091428117594 4 -6.7500000000
4 5 6 294912.000000 0.00029960722895 4 -7.5000000000
4 5 7 344064.000000 0.00007763073518 3 -8.5000000000
4 5 8 393216.000000 0.00002472286906 4 -9.2500000000
4 5 9 442368.000000 0.00000642438181 3 -10.2500000000
4 5 10 491520.000000 0.00000150358915 3 -11.2500000000
4 5 11 540672.000000 0.00000039762185 3 -12.2500000000
4 5 12 589824.000000 0.00000009574758 3 -13.2500000000
4 5 13 638976.000000 0.00000002357012 3 -14.2500000000
4 5 14 688128.000000 0.00000000602267 3 -15.2500000000
4 5 15 737280.000000 0.00000000150426 3 -16.2500000000
4 5 16 786432.000000 0.00000000042321 3 -17.2500000000
4 6 0 0.000000 0.00259069097228 0 -5.0000000000
4 6 1 49152.000000 0.00192184175830 0 -5.0000000000
4 6 2 98304.000000 0.00038480377407 1 -6.5000000000
4 6 3 147456.000000 0.00012136308942 5 -7.0000000000
4 6 4 196608.000000 0.00004130589514 3 -8.0000000000
4 6 5 245760.000000 0.00001366301058 5 -8.5000000000
4 6 6 294912.000000 0.00000468389726 4 -9.2500000000
4 6 7 344064.000000 0.00000142543240 4 -10.0000000000
4 6 8 393216.000000 0.00000033185168 3 -11.0000000000
4 6 9 442368.000000 0.00000008833072 3 -12.0000000000
4 6 10 491520.000000 0.00000002109757 3 -13.0000000000
4 6 11 540672.000000 0.00000000532577 3 -14.0000000000
4 6 12 589824.000000 0.00000000134888 3 -15.0000000000
4 6 13 638976.000000 0.00000000035051 3 -16.0000000000
4 6 14 688128.000000 0.00000000008732 3 -17.0000000000
4 6 15 737280.000000 0.00000000002340 3 -18.0000000000
4 6 16 786432.000000 0.00000000000563 3 -19.0000000000
4 7 0 0.000000 0.04088393598795 0 -5.0000000000
4 7 1 49152.000000 0.02278720960021 1 -4.7500000000
4 7 2 98304.000000 0.00475565344095 4 -5.5000000000
4 7 3 147456.000000 0.00118661287706 5 -6.0000000000
4 7 4 196608.000000 0.00038056517951 3 -7.0000000000
4 7 5 245760.000000 0.00014217651915 4 -7.7500000000
4 7 6 294912.000000 0.00004024187001 4 -8.5000000000
4 7 7 344064.000000 0.00001230867019 4 -9.2500000000
4 7 8 393216.000000 0.00000394474182 3 -10.2500000000
4 7 9 442368.000000 0.00000108756672 4 -11.0000000000
4 7 10 491520.000000 0.00000027245704 3 -12.0000000000
4 7 11 540672.000000 0.00000006608785 3 -13.0000000000
4 7 12 589824.000000 0.00000001679955 3 -14.0000000000
4 7 13 638976.000000 0.00000000418378 3 -15.0000000000
4 7 14 688128.000000 0.00000000109525 3 -16.0000000000
4 7 15 737280.000000 0.00000000027006 3 -17.0000000000
4 7 16 786432.000000 0.00000000007352 3 -18.0000000000
4 8 0 0.000000 5.95810794830322 0 -3.0000000000
4 8 1 49152.000000 5.08269977569580 1 -2.7500000000
4 8 2 98304.000000 0.86445057392120 3 -3.7500000000
4 8 3 147456.000000 0.24471935629845 4 -4.5000000000
4 8 4 196608.000000 0.09511943161488 5 -5.0000000000
4 8 5 245760.000000 0.03694846853614 4 -5.7500000000
4 8 6 294912.000000 0.01143901236355 6 -6.0000000000
4 8 7 344064.000000 0.00322616891935 3 -7.0000000000
4 8 8 393216.000000 0.00082963547902 3 -8.0000000000
4 8 9 442368.000000 0.00025828697835 4 -8.7500000000
4 8 10 491520.000000 0.00008377901395 3 -9.7500000000
4 8 11 540672.000000 0.00001680048263 3 -10.7500000000
4 8 12 589824.000000 0.00000393705204 3 -11.7500000000
4 8 13 638976.000000 0.00000127512408 3 -12.7500000000
4 8 14 688128.000000 0.00000028904682 3 -13.7500000000
4 8 15 737280.000000 0.00000008971030 3 -14.7500000000
4 8 16 786432.000000 0.00000001879664 3 -15.7500000000
