0 0 0 0.000000 0.00000180275765 0 0.0000000000
0 0 1 288.000000 0.00000078702840 0 0.0000000000
0 0 2 576.000000 0.00000010279827 4 -0.7500000000
0 0 3 864.000000 0.00000002801083 4 -1.5000000000
0 0 4 1152.000000 0.00000000640639 3 -2.5000000000
0 0 5 1440.000000 0.00000000195749 2 -3.7500000000
0 0 6 1728.000000 0.00000000042481 4 -4.5000000000
0 0 7 2016.000000 0.00000000016463 3 -5.5000000000
0 0 8 2304.000000 0.00000000003655 3 -6.5000000000
0 0 9 2592.000000 0.00000000000795 3 -7.5000000000
0 0 10 2880.000000 0.00000000000415 3 -8.5000000000
0 0 11 3168.000000 0.00000000000240 3 -9.5000000000
0 0 12 3456.000000 0.00000000000195 3 -10.5000000000
0 0 13 3744.000000 0.00000000000167 4 -11.2500000000
0 0 14 4032.000000 0.00000000000146 4 -12.0000000000
0 0 15 4320.000000 0.00000000000112 1 -13.5000000000
0 0 16 4608.000000 0.00000000000098 3 -14.5000000000
0 1 0 0.000000 0.00000227460350 0 1.0000000000
0 1 1 288.000000 0.00000126249745 0 1.0000000000
0 1 2 576.000000 0.00000051647709 3 0.0000000000
0 1 3 864.000000 0.00000019975933 6 -0.2500000000
0 1 4 1152.000000 0.00000008807828 5 -0.7500000000
0 1 5 1440.000000 0.00000002577008 5 -1.2500000000
0 1 6 1728.000000 0.00000000603141 3 -2.2500000000
0 1 7 2016.000000 0.00000000189504 3 -3.2500000000
0 1 8 2304.000000 0.00000000044878 4 -4.0000000000
0 1 9 2592.000000 0.00000000010156 2 -5.2500000000
0 1 10 2880.000000 0.00000000002870 3 -6.2500000000
0 1 11 3168.000000 0.00000000000757 3 -7.2500000000
0 1 12 3456.000000 0.00000000000416 3 -8.2500000000
0 1 13 3744.000000 0.00000000000239 3 -9.2500000000
0 1 14 4032.000000 0.00000000000187 3 -10.2500000000
0 1 15 4320.000000 0.00000000000138 4 -11.0000000000
0 1 16 4608.000000 0.00000000000123 2 -12.2500000000
0 2 0 0.000000 0.00000262898925 0 1.0000000000
0 2 1 288.000000 0.00000125195459 0 1.0000000000
0 2 2 576.000000 0.00000075513759 4 0.2500000000
0 2 3 864.000000 0.00000026349468 7 0.2500000000
0 2 4 1152.000000 0.00000006935714 4 -0.5000000000
0 2 5 1440.000000 0.00000002172028 3 -1.5000000000
0 2 6 1728.000000 0.00000000651275 4 -2.2500000000
0 2 7 2016.000000 0.00000000138485 3 -3.2500000000
0 2 8 2304.000000 0.00000000045976 3 -4.2500000000
0 2 9 2592.000000 0.00000000011917 3 -5.2500000000
0 2 10 2880.000000 0.00000000002968 3 -6.2500000000
0 2 11 3168.000000 0.00000000000924 3 -7.2500000000
0 2 12 3456.000000 0.00000000000346 3 -8.2500000000
0 2 13 3744.000000 0.00000000000224 3 -9.2500000000
0 2 14 4032.000000 0.00000000000179 4 -10.0000000000
0 2 15 4320.000000 0.00000000000142 3 -11.0000000000
0 2 16 4608.000000 0.00000000000119 2 -12.2500000000
0 3 0 0.000000 0.00000278804328 0 2.0000000000
0 3 1 288.000000 0.00000175879757 2 2.5000000000
0 3 2 576.000000 0.00000053600900 0 0.7500000000
0 3 3 864.000000 0.00000014942520 5 0.2500000000
0 3 4 1152.000000 0.00000005241780 3 -0.7500000000
0 3 5 1440.000000 0.00000001358400 4 -1.5000000000
0 3 6 1728.000000 0.00000000401529 3 -2.5000000000
0 3 7 2016.000000 0.00000000100648 3 -3.5000000000
0 3 8 2304.000000 0.00000000039430 4 -4.2500000000
0 3 9 2592.000000 0.00000000008087 3 -5.2500000000
0 3 10 2880.000000 0.00000000002683 3 -6.2500000000
0 3 11 3168.000000 0.00000000000721 3 -7.2500000000
0 3 12 3456.000000 0.00000000000321 3 -8.2500000000
0 3 13 3744.000000 0.00000000000209 3 -9.2500000000
0 3 14 4032.000000 0.00000000000173 4 -10.0000000000
0 3 15 4320.000000 0.00000000000159 2 -11.2500000000
0 3 16 4608.000000 0.00000000000123 5 -11.7500000000
0 4 0 0.000000 0.00000375487275 0 2.0000000000
0 4 1 288.000000 0.00000186079603 2 2.5000000000
0 4 2 576.000000 0.00000075374976 0 0.7500000000
0 4 3 864.000000 0.00000022966802 6 0.5000000000
0 4 4 1152.000000 0.00000008200216 3 -0.5000000000
0 4 5 1440.000000 0.00000001819707 4 -1.2500000000
0 4 6 1728.000000 0.00000000545795 3 -2.2500000000
0 4 7 2016.000000 0.00000000138545 3 -3.2500000000
0 4 8 2304.000000 0.00000000025335 3 -4.2500000000
0 4 9 2592.000000 0.00000000006352 3 -5.2500000000
0 4 10 2880.000000 0.00000000002730 3 -6.2500000000
0 4 11 3168.000000 0.00000000000834 3 -7.2500000000
0 4 12 3456.000000 0.00000000000341 3 -8.2500000000
0 4 13 3744.000000 0.00000000000197 3 -9.2500000000
0 4 14 4032.000000 0.00000000000162 3 -10.2500000000
0 4 15 4320.000000 0.00000000000135 3 -11.2500000000
0 4 16 4608.000000 0.00000000000116 3 -12.2500000000
0 5 0 0.000000 0.00000450194239 0 2.0000000000
0 5 1 288.000000 0.00000349959851 1 2.2500000000
0 5 2 576.000000 0.00000169454427 3 1.2500000000
0 5 3 864.000000 0.00000060261061 4 0.5000000000
0 5 4 1152.000000 0.00000021163652 7 0.5000000000
0 5 5 1440.000000 0.00000006067642 3 -0.5000000000
0 5 6 1728.000000 0.00000001746198 3 -1.5000000000
0 5 7 2016.000000 0.00000000481349 4 -2.2500000000
0 5 8 2304.000000 0.00000000163429 3 -3.2500000000
0 5 9 2592.000000 0.00000000029743 3 -4.2500000000
0 5 10 2880.000000 0.00000000008813 3 -5.2500000000
0 5 11 3168.000000 0.00000000002333 3 -6.2500000000
0 5 12 3456.000000 0.00000000000723 3 -7.2500000000
0 5 13 3744.000000 0.00000000000309 3 -8.2500000000
0 5 14 4032.000000 0.00000000000222 3 -9.2500000000
0 5 15 4320.000000 0.00000000000170 4 -10.0000000000
0 5 16 4608.000000 0.00000000000152 3 -11.0000000000
0 6 0 0.000000 0.00000758758733 0 2.0000000000
0 6 1 288.000000 0.00000730608417 1 2.2500000000
0 6 2 576.000000 0.00000186197963 12 3.5000000000
0 6 3 864.000000 0.00000117531977 2 2.2500000000
0 6 4 1152.000000 0.00000037035514 1 0.7500000000
0 6 5 1440.000000 0.00000010252471 3 -0.2500000000
0 6 6 1728.000000 0.00000002748922 4 -1.0000000000
0 6 7 2016.000000 0.00000000651790 3 -2.0000000000
0 6 8 2304.000000 0.00000000183876 3 -3.0000000000
0 6 9 2592.000000 0.00000000059621 3 -4.0000000000
0 6 10 2880.000000 0.00000000011374 3 -5.0000000000
0 6 11 3168.000000 0.00000000003307 3 -6.0000000000
0 6 12 3456.000000 0.00000000000941 3 -7.0000000000
0 6 13 3744.000000 0.00000000000397 3 -8.0000000000
0 6 14 4032.000000 0.00000000000226 4 -8.7500000000
0 6 15 4320.000000 0.00000000000180 2 -10.0000000000
0 6 16 4608.000000 0.00000000000144 3 -11.0000000000
0 7 0 0.000000 0.00000776003526 0 2.0000000000
0 7 1 288.000000 0.00000683938424 0 2.0000000000
0 7 2 576.000000 0.00000208713777 5 1.5000000000
0 7 3 864.000000 0.00000057894800 6 1.2500000000
0 7 4 1152.000000 0.00000013843558 3 0.2500000000
0 7 5 1440.000000 0.00000003225093 3 -0.7500000000
0 7 6 1728.000000 0.00000001165366 3 -1.7500000000
0 7 7 2016.000000 0.00000000246461 3 -2.7500000000
0 7 8 2304.000000 0.00000000053346 3 -3.7500000000
0 7 9 2592.000000 0.00000000013938 3 -4.7500000000
0 7 10 2880.000000 0.00000000003362 3 -5.7500000000
0 7 11 3168.000000 0.00000000001012 3 -6.7500000000
0 7 12 3456.000000 0.00000000000529 3 -7.7500000000
0 7 13 3744.000000 0.00000000000224 4 -8.5000000000
0 7 14 4032.000000 0.00000000000176 2 -9.7500000000
0 7 15 4320.000000 0.00000000000152 4 -10.5000000000
0 7 16 4608.000000 0.00000000000139 2 -11.7500000000
0 8 0 0.000000 0.00001760237319 0 2.0000000000
0 8 1 288.000000 0.00001199776034 2 2.5000000000
0 8 2 576.000000 0.00000396363566 4 2.0000000000
0 8 3 864.000000 0.00000092016774 5 1.5000000000
0 8 4 1152.000000 0.00000021943137 3 0.5000000000
0 8 5 1440.000000 0.00000004883233 3 -0.5000000000
0 8 6 1728.000000 0.00000001619738 3 -1.5000000000
0 8 7 2016.000000 0.00000000368132 4 -2.2500000000
0 8 8 2304.000000 0.00000000091355 3 -3.2500000000
0 8 9 2592.000000 0.00000000030578 3 -4.2500000000
0 8 10 2880.000000 0.00000000007253 3 -5.2500000000
0 8 11 3168.000000 0.00000000002151 3 -6.2500000000
0 8 12 3456.000000 0.00000000000535 3 -7.2500000000
0 8 13 3744.000000 0.00000000000315 3 -8.2500000000
0 8 14 4032.000000 0.00000000000211 3 -9.2500000000
0 8 15 4320.000000 0.00000000000163 4 -10.0000000000
0 8 16 4608.000000 0.00000000000141 3 -11.0000000000
0 9 0 0.000000 0.00002437114017 0 3.0000000000
0 9 1 288.000000 0.00001276725743 2 3.5000000000
0 9 2 576.000000 0.00000376426192 3 2.5000000000
0 9 3 864.000000 0.00000094383239 3 1.5000000000
0 9 4 1152.000000 0.00000027361287 3 0.5000000000
0 9 5 1440.000000 0.00000006846948 4 -0.2500000000
0 9 6 1728.000000 0.00000003275526 4 -1.0000000000
0 9 7 2016.000000 0.00000000802901 3 -2.0000000000
0 9 8 2304.000000 0.00000000132640 3 -3.0000000000
0 9 9 2592.000000 0.00000000036240 3 -4.0000000000
0 9 10 2880.000000 0.00000000009625 3 -5.0000000000
0 9 11 3168.000000 0.00000000002232 3 -6.0000000000
0 9 12 3456.000000 0.00000000000955 3 -7.0000000000
0 9 13 3744.000000 0.00000000000389 3 -8.0000000000
0 9 14 4032.000000 0.00000000000237 4 -8.7500000000
0 9 15 4320.000000 0.00000000000171 2 -10.0000000000
0 9 16 4608.000000 0.00000000000145 3 -11.0000000000
0 10 0 0.000000 0.00000575150852 0 2.0000000000
0 10 1 288.000000 0.00000309218080 0 2.0000000000
0 10 2 576.000000 0.00000083481638 4 1.2500000000
0 10 3 864.000000 0.00000018377938 5 0.7500000000
0 10 4 1152.000000 0.00000005746673 4 0.0000000000
0 10 5 1440.000000 0.00000001562640 2 -1.2500000000
0 10 6 1728.000000 0.00000000383205 3 -2.2500000000
0 10 7 2016.000000 0.00000000118726 4 -2.7500000000
0 10 8 2304.000000 0.00000000027667 2 -4.0000000000
0 10 9 2592.000000 0.00000000007011 3 -5.0000000000
0 10 10 2880.000000 0.00000000001797 3 -6.0000000000
0 10 11 3168.000000 0.00000000000600 3 -7.0000000000
0 10 12 3456.000000 0.00000000000318 4 -7.7500000000
0 10 13 3744.000000 0.00000000000215 3 -8.7500000000
0 10 14 4032.000000 0.00000000000164 3 -9.7500000000
0 10 15 4320.000000 0.00000000000144 2 -11.0000000000
0 10 16 4608.000000 0.00000000000115 4 -11.7500000000
0 11 0 0.000000 0.00001002141471 0 2.0000000000
0 11 1 288.000000 0.00000565794107 1 2.2500000000
0 11 2 576.000000 0.00000199484543 4 2.0000000000
0 11 3 864.000000 0.00000062113958 4 1.2500000000
0 11 4 1152.000000 0.00000015884038 4 0.5000000000
0 11 5 1440.000000 0.00000004420658 4 -0.2500000000
0 11 6 1728.000000 0.00000001346789 3 -1.2500000000
0 11 7 2016.000000 0.00000000249612 3 -2.2500000000
0 11 8 2304.000000 0.00000000074723 3 -3.2500000000
0 11 9 2592.000000 0.00000000024559 3 -4.2500000000
0 11 10 2880.000000 0.00000000005016 3 -5.2500000000
0 11 11 3168.000000 0.00000000002199 3 -6.2500000000
0 11 12 3456.000000 0.00000000000683 4 -7.0000000000
0 11 13 3744.000000 0.00000000000298 3 -8.0000000000
0 11 14 4032.000000 0.00000000000207 3 -9.0000000000
0 11 15 4320.000000 0.00000000000163 4 -9.7500000000
0 11 16 4608.000000 0.00000000000143 3 -10.7500000000
0 12 0 0.000000 0.00000702287116 0 3.0000000000
0 12 1 288.000000 0.00000488050773 0 3.0000000000
0 12 2 576.000000 0.00000156792328 3 2.0000000000
0 12 3 864.000000 0.00000049157188 2 0.7500000000
0 12 4 1152.000000 0.00000013846801 4 0.0000000000
0 12 5 1440.000000 0.00000002686059 4 -0.7500000000
0 12 6 1728.000000 0.00000000858606 4 -1.5000000000
0 12 7 2016.000000 0.00000000256701 3 -2.5000000000
0 12 8 2304.000000 0.00000000057550 3 -3.5000000000
0 12 9 2592.000000 0.00000000013274 3 -4.5000000000
0 12 10 2880.000000 0.00000000004073 3 -5.5000000000
0 12 11 3168.000000 0.00000000001300 3 -6.5000000000
0 12 12 3456.000000 0.00000000000448 3 -7.5000000000
0 12 13 3744.000000 0.00000000000251 3 -8.5000000000
0 12 14 4032.000000 0.00000000000173 4 -9.2500000000
0 12 15 4320.000000 0.00000000000134 2 -10.5000000000
0 12 16 4608.000000 0.00000000000123 3 -11.5000000000
0 13 0 0.000000 0.00001070255894 0 3.0000000000
0 13 1 288.000000 0.00000428066005 2 3.5000000000
0 13 2 576.000000 0.00000160007687 1 2.0000000000
0 13 3 864.000000 0.00000041287436 4 1.2500000000
0 13 4 1152.000000 0.00000013826823 3 0.2500000000
0 13 5 1440.000000 0.00000003759859 4 -0.5000000000
0 13 6 1728.000000 0.00000001040056 3 -1.5000000000
0 13 7 2016.000000 0.00000000280789 3 -2.5000000000
0 13 8 2304.000000 0.00000000060071 3 -3.5000000000
0 13 9 2592.000000 0.00000000013702 3 -4.5000000000
0 13 10 2880.000000 0.00000000004004 3 -5.5000000000
0 13 11 3168.000000 0.00000000001042 3 -6.5000000000
0 13 12 3456.000000 0.00000000000489 3 -7.5000000000
0 13 13 3744.000000 0.00000000000256 3 -8.5000000000
0 13 14 4032.000000 0.00000000000194 3 -9.5000000000
0 13 15 4320.000000 0.00000000000168 3 -10.5000000000
0 13 16 4608.000000 0.00000000000127 5 -11.0000000000
0 14 0 0.000000 0.00002572345693 0 3.0000000000
0 14 1 288.000000 0.00001106343279 2 3.5000000000
0 14 2 576.000000 0.00000267033511 4 2.7500000000
0 14 3 864.000000 0.00000073356040 4 2.0000000000
0 14 4 1152.000000 0.00000024372659 3 1.0000000000
0 14 5 1440.000000 0.00000006735007 3 0.0000000000
0 14 6 1728.000000 0.00000001601032 3 -1.0000000000
0 14 7 2016.000000 0.00000000421642 4 -1.7500000000
0 14 8 2304.000000 0.00000000122561 3 -2.7500000000
0 14 9 2592.000000 0.00000000042384 4 -3.5000000000
0 14 10 2880.000000 0.00000000006395 2 -4.7500000000
0 14 11 3168.000000 0.00000000002566 3 -5.7500000000
0 14 12 3456.000000 0.00000000000731 3 -6.7500000000
0 14 13 3744.000000 0.00000000000357 4 -7.5000000000
0 14 14 4032.000000 0.00000000000220 2 -8.7500000000
0 14 15 4320.000000 0.00000000000149 3 -9.7500000000
0 14 16 4608.000000 0.00000000000150 3 -10.7500000000
0 15 0 0.000000 0.00004910554344 0 4.0000000000
0 15 1 288.000000 0.00002206162026 3 4.7500000000
0 15 2 576.000000 0.00000708746029 4 4.0000000000
0 15 3 864.000000 0.00000167133862 2 2.7500000000
0 15 4 1152.000000 0.00000040535551 3 1.7500000000
0 15 5 1440.000000 0.00000014457680 4 1.0000000000
0 15 6 1728.000000 0.00000004731680 3 0.0000000000
0 15 7 2016.000000 0.00000000874920 3 -1.0000000000
0 15 8 2304.000000 0.00000000300146 3 -2.0000000000
0 15 9 2592.000000 0.00000000056641 3 -3.0000000000
0 15 10 2880.000000 0.00000000019045 3 -4.0000000000
0 15 11 3168.000000 0.00000000003571 3 -5.0000000000
0 15 12 3456.000000 0.00000000001214 4 -5.7500000000
0 15 13 3744.000000 0.00000000000351 2 -7.0000000000
0 15 14 4032.000000 0.00000000000258 3 -8.0000000000
0 15 15 4320.000000 0.00000000000207 3 -9.0000000000
0 15 16 4608.000000 0.00000000000153 3 -10.0000000000
0 16 0 0.000000 0.00005626793791 0 4.0000000000
0 16 1 288.000000 0.00002816714732 2 4.5000000000
0 16 2 576.000000 0.00000720075241 6 4.2500000000
0 16 3 864.000000 0.00000289282775 2 3.2500000000
0 16 4 1152.000000 0.00000101099943 2 2.0000000000
0 16 5 1440.000000 0.00000020437939 4 1.2500000000
0 16 6 1728.000000 0.00000005555857 3 0.2500000000
0 16 7 2016.000000 0.00000001622813 3 -0.7500000000
0 16 8 2304.000000 0.00000000476558 3 -1.7500000000
0 16 9 2592.000000 0.00000000092735 3 -2.7500000000
0 16 10 2880.000000 0.00000000026197 3 -3.7500000000
0 16 11 3168.000000 0.00000000005920 3 -4.7500000000
0 16 12 3456.000000 0.00000000001456 3 -5.7500000000
0 16 13 3744.000000 0.00000000000579 3 -6.7500000000
0 16 14 4032.000000 0.00000000000273 4 -7.5000000000
0 16 15 4320.000000 0.00000000000187 3 -8.5000000000
0 16 16 4608.000000 0.00000000000157 2 -9.7500000000
0 17 0 0.000000 0.00000754942539 0 2.0000000000
0 17 1 288.000000 0.00000328556007 4 3.0000000000
0 17 2 576.000000 0.00000140786437 3 2.0000000000
0 17 3 864.000000 0.00000040788450 3 1.0000000000
0 17 4 1152.000000 0.00000009284889 4 0.2500000000
0 17 5 1440.000000 0.00000003902517 3 -0.7500000000
0 17 6 1728.000000 0.00000000662962 3 -1.7500000000
0 17 7 2016.000000 0.00000000269538 3 -2.7500000000
0 17 8 2304.000000 0.00000000059293 4 -3.5000000000
0 17 9 2592.000000 0.00000000014308 3 -4.5000000000
0 17 10 2880.000000 0.00000000004197 3 -5.5000000000
0 17 11 3168.000000 0.00000000001390 3 -6.5000000000
0 17 12 3456.000000 0.00000000000424 3 -7.5000000000
0 17 13 3744.000000 0.00000000000252 3 -8.5000000000
0 17 14 4032.000000 0.00000000000181 4 -9.2500000000
0 17 15 4320.000000 0.00000000000158 2 -10.5000000000
0 17 16 4608.000000 0.00000000000121 4 -11.2500000000
0 18 0 0.000000 0.00007879745681 0 4.0000000000
0 18 1 288.000000 0.00002983392005 4 5.0000000000
0 18 2 576.000000 0.00000589065212 4 4.2500000000
0 18 3 864.000000 0.00000276287915 2 3.0000000000
0 18 4 1152.000000 0.00000107639755 3 2.0000000000
0 18 5 1440.000000 0.00000032553623 3 1.0000000000
0 18 6 1728.000000 0.00000007491226 3 0.0000000000
0 18 7 2016.000000 0.00000002277616 3 -1.0000000000
0 18 8 2304.000000 0.00000000571511 4 -1.7500000000
0 18 9 2592.000000 0.00000000134863 2 -3.0000000000
0 18 10 2880.000000 0.00000000035745 3 -4.0000000000
0 18 11 3168.000000 0.00000000010440 3 -5.0000000000
0 18 12 3456.000000 0.00000000002099 3 -6.0000000000
0 18 13 3744.000000 0.00000000000706 3 -7.0000000000
0 18 14 4032.000000 0.00000000000368 4 -7.7500000000
0 18 15 4320.000000 0.00000000000225 2 -9.0000000000
0 18 16 4608.000000 0.00000000000174 4 -9.7500000000
0 19 0 0.000000 0.00004113654722 0 4.0000000000
0 19 1 288.000000 0.00001642483039 1 4.2500000000
0 19 2 576.000000 0.00000500071064 5 3.7500000000
0 19 3 864.000000 0.00000227270357 5 3.2500000000
0 19 4 1152.000000 0.00000086134719 2 2.0000000000
0 19 5 1440.000000 0.00000029676670 3 1.0000000000
0 19 6 1728.000000 0.00000008860174 4 0.2500000000
0 19 7 2016.000000 0.00000002741909 3 -0.7500000000
0 19 8 2304.000000 0.00000000704293 3 -1.7500000000
0 19 9 2592.000000 0.00000000163694 3 -2.7500000000
0 19 10 2880.000000 0.00000000038672 3 -3.7500000000
0 19 11 3168.000000 0.00000000009844 3 -4.7500000000
0 19 12 3456.000000 0.00000000002898 3 -5.7500000000
0 19 13 3744.000000 0.00000000000732 3 -6.7500000000
0 19 14 4032.000000 0.00000000000336 3 -7.7500000000
0 19 15 4320.000000 0.00000000000222 3 -8.7500000000
0 19 16 4608.000000 0.00000000000171 5 -9.2500000000
0 20 0 0.000000 0.00007861304039 0 4.0000000000
0 20 1 288.000000 0.00002156999108 6 5.5000000000
0 20 2 576.000000 0.00000830382942 4 4.7500000000
0 20 3 864.000000 0.00000502891726 3 3.7500000000
0 20 4 1152.000000 0.00000247690741 4 3.0000000000
0 20 5 1440.000000 0.00000103560126 3 2.0000000000
0 20 6 1728.000000 0.00000027402083 3 1.0000000000
0 20 7 2016.000000 0.00000005823240 3 0.0000000000
0 20 8 2304.000000 0.00000001419729 3 -1.0000000000
0 20 9 2592.000000 0.00000000447754 3 -2.0000000000
0 20 10 2880.000000 0.00000000105501 3 -3.0000000000
0 20 11 3168.000000 0.00000000024158 3 -4.0000000000
0 20 12 3456.000000 0.00000000006194 3 -5.0000000000
0 20 13 3744.000000 0.00000000001909 3 -6.0000000000
0 20 14 4032.000000 0.00000000000480 3 -7.0000000000
0 20 15 4320.000000 0.00000000000301 3 -8.0000000000
0 20 16 4608.000000 0.00000000000191 3 -9.0000000000
0 21 0 0.000000 0.00002993663293 0 4.0000000000
0 21 1 288.000000 0.00001387859902 3 4.7500000000
0 21 2 576.000000 0.00000403679223 3 3.7500000000
0 21 3 864.000000 0.00000190028368 3 3.0000000000
0 21 4 1152.000000 0.00000073278511 2 1.7500000000
0 21 5 1440.000000 0.00000021523869 3 0.7500000000
0 21 6 1728.000000 0.00000005727842 4 0.0000000000
0 21 7 2016.000000 0.00000001783098 3 -1.0000000000
0 21 8 2304.000000 0.00000000338132 3 -2.0000000000
0 21 9 2592.000000 0.00000000090567 3 -3.0000000000
0 21 10 2880.000000 0.00000000026314 3 -4.0000000000
0 21 11 3168.000000 0.00000000006098 3 -5.0000000000
0 21 12 3456.000000 0.00000000001648 3 -6.0000000000
0 21 13 3744.000000 0.00000000000564 3 -7.0000000000
0 21 14 4032.000000 0.00000000000306 4 -7.7500000000
0 21 15 4320.000000 0.00000000000196 2 -9.0000000000
0 21 16 4608.000000 0.00000000000163 3 -10.0000000000
0 22 0 0.000000 0.00005223114931 0 4.0000000000
0 22 1 288.000000 0.00004052506483 1 4.2500000000
0 22 2 576.000000 0.00001713121674 11 5.2500000000
0 22 3 864.000000 0.00000435292850 3 4.2500000000
0 22 4 1152.000000 0.00000215719501 3 3.2500000000
0 22 5 1440.000000 0.00000086296427 2 2.0000000000
0 22 6 1728.000000 0.00000024923546 3 1.0000000000
0 22 7 2016.000000 0.00000007157809 3 0.0000000000
0 22 8 2304.000000 0.00000001879729 3 -1.0000000000
0 22 9 2592.000000 0.00000000472696 3 -2.0000000000
0 22 10 2880.000000 0.00000000163861 4 -2.7500000000
0 22 11 3168.000000 0.00000000033723 3 -3.7500000000
0 22 12 3456.000000 0.00000000007982 3 -4.7500000000
0 22 13 3744.000000 0.00000000002120 3 -5.7500000000
0 22 14 4032.000000 0.00000000000656 3 -6.7500000000
0 22 15 4320.000000 0.00000000000320 3 -7.7500000000
0 22 16 4608.000000 0.00000000000208 3 -8.7500000000
0 23 0 0.000000 0.00002998670061 0 4.0000000000
0 23 1 288.000000 0.00002041168227 2 4.5000000000
0 23 2 576.000000 0.00000671291946 7 4.5000000000
0 23 3 864.000000 0.00000261218338 4 3.7500000000
0 23 4 1152.000000 0.00000120857999 1 2.2500000000
0 23 5 1440.000000 0.00000027186758 4 1.5000000000
0 23 6 1728.000000 0.00000006803810 3 0.5000000000
0 23 7 2016.000000 0.00000002143443 3 -0.5000000000
0 23 8 2304.000000 0.00000000407569 3 -1.5000000000
0 23 9 2592.000000 0.00000000125944 3 -2.5000000000
0 23 10 2880.000000 0.00000000031342 3 -3.5000000000
0 23 11 3168.000000 0.00000000007728 3 -4.5000000000
0 23 12 3456.000000 0.00000000002220 3 -5.5000000000
0 23 13 3744.000000 0.00000000000645 3 -6.5000000000
0 23 14 4032.000000 0.00000000000333 3 -7.5000000000
0 23 15 4320.000000 0.00000000000209 4 -8.2500000000
0 23 16 4608.000000 0.00000000000165 2 -9.5000000000
0 24 0 0.000000 0.00001543315011 0 4.0000000000
0 24 1 288.000000 0.00000600844442 3 4.7500000000
0 24 2 576.000000 0.00000313690248 3 3.7500000000
0 24 3 864.000000 0.00000149334039 3 2.7500000000
0 24 4 1152.000000 0.00000065766460 3 1.7500000000
0 24 5 1440.000000 0.00000019247931 3 1.0000000000
0 24 6 1728.000000 0.00000005090089 4 0.2500000000
0 24 7 2016.000000 0.00000001236571 3 -0.7500000000
0 24 8 2304.000000 0.00000000363674 3 -1.7500000000
0 24 9 2592.000000 0.00000000077286 3 -2.7500000000
0 24 10 2880.000000 0.00000000018972 3 -3.7500000000
0 24 11 3168.000000 0.00000000005080 3 -4.7500000000
0 24 12 3456.000000 0.00000000001569 3 -5.7500000000
0 24 13 3744.000000 0.00000000000551 3 -6.7500000000
0 24 14 4032.000000 0.00000000000267 3 -7.7500000000
0 24 15 4320.000000 0.00000000000207 3 -8.7500000000
0 24 16 4608.000000 0.00000000000159 4 -9.5000000000
0 25 0 0.000000 0.00004027713294 0 4.0000000000
0 25 1 288.000000 0.00001620136572 5 5.2500000000
0 25 2 576.000000 0.00000673828890 3 4.2500000000
0 25 3 864.000000 0.00000277653635 0 3.0000000000
0 25 4 1152.000000 0.00000093254886 4 2.2500000000
0 25 5 1440.000000 0.00000026047204 3 1.2500000000
0 25 6 1728.000000 0.00000006269949 4 0.5000000000
0 25 7 2016.000000 0.00000001599022 3 -0.5000000000
0 25 8 2304.000000 0.00000000446306 3 -1.5000000000
0 25 9 2592.000000 0.00000000104016 3 -2.5000000000
0 25 10 2880.000000 0.00000000028361 3 -3.5000000000
0 25 11 3168.000000 0.00000000006947 3 -4.5000000000
0 25 12 3456.000000 0.00000000002631 4 -5.2500000000
0 25 13 3744.000000 0.00000000000716 2 -6.5000000000
0 25 14 4032.000000 0.00000000000335 3 -7.5000000000
0 25 15 4320.000000 0.00000000000224 4 -8.2500000000
0 25 16 4608.000000 0.00000000000172 2 -9.5000000000
0 26 0 0.000000 0.00003488070797 0 4.0000000000
0 26 1 288.000000 0.00001588693340 2 4.5000000000
0 26 2 576.000000 0.00000560884337 6 4.2500000000
0 26 3 864.000000 0.00000245062961 2 3.0000000000
0 26 4 1152.000000 0.00000094647669 4 2.2500000000
0 26 5 1440.000000 0.00000019211848 3 1.2500000000
0 26 6 1728.000000 0.00000005175297 3 0.2500000000
0 26 7 2016.000000 0.00000001316544 3 -0.7500000000
0 26 8 2304.000000 0.00000000326621 3 -1.7500000000
0 26 9 2592.000000 0.00000000096298 3 -2.7500000000
0 26 10 2880.000000 0.00000000023233 3 -3.7500000000
0 26 11 3168.000000 0.00000000005964 3 -4.7500000000
0 26 12 3456.000000 0.00000000001574 3 -5.7500000000
0 26 13 3744.000000 0.00000000000548 4 -6.5000000000
0 26 14 4032.000000 0.00000000000303 2 -7.7500000000
0 26 15 4320.000000 0.00000000000209 3 -8.7500000000
0 26 16 4608.000000 0.00000000000166 3 -9.7500000000
0 27 0 0.000000 0.00009004527965 0 4.0000000000
0 27 1 288.000000 0.00006573820428 4 5.0000000000
0 27 2 576.000000 0.00001273953785 8 5.2500000000
0 27 3 864.000000 0.00000607673473 2 4.0000000000
0 27 4 1152.000000 0.00000223630423 2 2.7500000000
0 27 5 1440.000000 0.00000074581192 3 1.7500000000
0 27 6 1728.000000 0.00000019773678 4 1.0000000000
0 27 7 2016.000000 0.00000005096965 4 0.2500000000
0 27 8 2304.000000 0.00000001285716 2 -1.0000000000
0 27 9 2592.000000 0.00000000355294 3 -2.0000000000
0 27 10 2880.000000 0.00000000076983 3 -3.0000000000
0 27 11 3168.000000 0.00000000020716 3 -4.0000000000
0 27 12 3456.000000 0.00000000004573 3 -5.0000000000
0 27 13 3744.000000 0.00000000001722 3 -6.0000000000
0 27 14 4032.000000 0.00000000000487 3 -7.0000000000
0 27 15 4320.000000 0.00000000000284 3 -8.0000000000
0 27 16 4608.000000 0.00000000000196 4 -8.7500000000
0 28 0 0.000000 0.00005003834667 0 4.0000000000
0 28 1 288.000000 0.00001475327372 7 5.7500000000
0 28 2 576.000000 0.00000654826499 1 4.2500000000
0 28 3 864.000000 0.00000249327263 3 3.2500000000
0 28 4 1152.000000 0.00000087581486 3 2.2500000000
0 28 5 1440.000000 0.00000029550310 4 1.5000000000
0 28 6 1728.000000 0.00000008909639 3 0.5000000000
0 28 7 2016.000000 0.00000002153815 3 -0.5000000000
0 28 8 2304.000000 0.00000000631741 3 -1.5000000000
0 28 9 2592.000000 0.00000000120756 3 -2.5000000000
0 28 10 2880.000000 0.00000000046303 4 -3.2500000000
0 28 11 3168.000000 0.00000000008504 2 -4.5000000000
0 28 12 3456.000000 0.00000000002313 3 -5.5000000000
0 28 13 3744.000000 0.00000000000702 3 -6.5000000000
0 28 14 4032.000000 0.00000000000320 3 -7.5000000000
0 28 15 4320.000000 0.00000000000218 4 -8.2500000000
0 28 16 4608.000000 0.00000000000162 2 -9.5000000000
0 29 0 0.000000 0.00004759163858 0 5.0000000000
0 29 1 288.000000 0.00002829930600 4 6.0000000000
0 29 2 576.000000 0.00001189268914 4 5.2500000000
0 29 3 864.000000 0.00000652102335 2 4.0000000000
0 29 4 1152.000000 0.00000242226292 4 3.2500000000
0 29 5 1440.000000 0.00000091521059 4 2.5000000000
0 29 6 1728.000000 0.00000029031176 4 1.7500000000
0 29 7 2016.000000 0.00000007547806 2 0.5000000000
0 29 8 2304.000000 0.00000001631483 3 -0.5000000000
0 29 9 2592.000000 0.00000000521893 4 -1.2500000000
0 29 10 2880.000000 0.00000000127380 3 -2.2500000000
0 29 11 3168.000000 0.00000000030527 3 -3.2500000000
0 29 12 3456.000000 0.00000000009823 3 -4.2500000000
0 29 13 3744.000000 0.00000000002340 3 -5.2500000000
0 29 14 4032.000000 0.00000000000693 3 -6.2500000000
0 29 15 4320.000000 0.00000000000302 3 -7.2500000000
0 29 16 4608.000000 0.00000000000205 3 -8.2500000000
0 30 0 0.000000 0.00005008912194 0 5.0000000000
0 30 1 288.000000 0.00003146207382 1 5.2500000000
0 30 2 576.000000 0.00001138711195 6 5.0000000000
0 30 3 864.000000 0.00000475197430 4 4.2500000000
0 30 4 1152.000000 0.00000270790406 4 3.5000000000
0 30 5 1440.000000 0.00000088034585 3 2.5000000000
0 30 6 1728.000000 0.00000024095735 3 1.5000000000
0 30 7 2016.000000 0.00000006207931 3 0.5000000000
0 30 8 2304.000000 0.00000001567536 3 -0.5000000000
0 30 9 2592.000000 0.00000000467119 3 -1.5000000000
0 30 10 2880.000000 0.00000000112977 4 -2.2500000000
0 30 11 3168.000000 0.00000000033701 3 -3.2500000000
0 30 12 3456.000000 0.00000000008183 3 -4.2500000000
0 30 13 3744.000000 0.00000000002086 3 -5.2500000000
0 30 14 4032.000000 0.00000000000701 3 -6.2500000000
0 30 15 4320.000000 0.00000000000336 3 -7.2500000000
0 30 16 4608.000000 0.00000000000205 3 -8.2500000000
0 31 0 0.000000 0.00003225729597 0 5.0000000000
0 31 1 288.000000 0.00001749432886 5 6.2500000000
0 31 2 576.000000 0.00000827844542 3 5.2500000000
0 31 3 864.000000 0.00000399304281 2 4.0000000000
0 31 4 1152.000000 0.00000192401239 3 3.0000000000
0 31 5 1440.000000 0.00000068821976 4 2.2500000000
0 31 6 1728.000000 0.00000023082498 3 1.2500000000
0 31 7 2016.000000 0.00000006864200 3 0.2500000000
0 31 8 2304.000000 0.00000001762255 3 -0.7500000000
0 31 9 2592.000000 0.00000000518631 4 -1.5000000000
0 31 10 2880.000000 0.00000000118235 3 -2.5000000000
0 31 11 3168.000000 0.00000000037940 3 -3.5000000000
0 31 12 3456.000000 0.00000000007634 3 -4.5000000000
0 31 13 3744.000000 0.00000000001898 3 -5.5000000000
0 31 14 4032.000000 0.00000000000733 3 -6.5000000000
0 31 15 4320.000000 0.00000000000321 3 -7.5000000000
0 31 16 4608.000000 0.00000000000222 3 -8.5000000000
0 32 0 0.000000 0.00007012763672 0 5.0000000000
0 32 1 288.000000 0.00003435348845 6 6.5000000000
0 32 2 576.000000 0.00000957782777 2 5.2500000000
0 32 3 864.000000 0.00000412417330 3 4.2500000000
0 32 4 1152.000000 0.00000185651913 3 3.2500000000
0 32 5 1440.000000 0.00000074326454 4 2.5000000000
0 32 6 1728.000000 0.00000019156897 3 1.5000000000
0 32 7 2016.000000 0.00000004337177 3 0.5000000000
0 32 8 2304.000000 0.00000001130246 3 -0.5000000000
0 32 9 2592.000000 0.00000000241319 3 -1.5000000000
0 32 10 2880.000000 0.00000000078280 3 -2.5000000000
0 32 11 3168.000000 0.00000000017810 3 -3.5000000000
0 32 12 3456.000000 0.00000000004956 3 -4.5000000000
0 32 13 3744.000000 0.00000000001289 3 -5.5000000000
0 32 14 4032.000000 0.00000000000502 3 -6.5000000000
0 32 15 4320.000000 0.00000000000278 4 -7.2500000000
0 32 16 4608.000000 0.00000000000190 2 -8.5000000000
0 33 0 0.000000 0.00004705984247 0 5.0000000000
0 33 1 288.000000 0.00003025469778 4 6.0000000000
0 33 2 576.000000 0.00001613014138 0 4.2500000000
0 33 3 864.000000 0.00000748262164 5 3.7500000000
0 33 4 1152.000000 0.00000242124975 6 3.5000000000
0 33 5 1440.000000 0.00000088278523 3 2.5000000000
0 33 6 1728.000000 0.00000032488168 3 1.5000000000
0 33 7 2016.000000 0.00000007314799 3 0.5000000000
0 33 8 2304.000000 0.00000002045717 3 -0.5000000000
0 33 9 2592.000000 0.00000000568071 4 -1.2500000000
0 33 10 2880.000000 0.00000000171446 3 -2.2500000000
0 33 11 3168.000000 0.00000000041457 3 -3.2500000000
0 33 12 3456.000000 0.00000000009847 3 -4.2500000000
0 33 13 3744.000000 0.00000000002599 3 -5.2500000000
0 33 14 4032.000000 0.00000000001007 3 -6.2500000000
0 33 15 4320.000000 0.00000000000355 3 -7.2500000000
0 33 16 4608.000000 0.00000000000207 3 -8.2500000000
0 34 0 0.000000 0.00014564521553 0 5.0000000000
0 34 1 288.000000 0.00003886497871 8 7.0000000000
0 34 2 576.000000 0.00001727554991 1 5.5000000000
0 34 3 864.000000 0.00000573721809 3 4.5000000000
0 34 4 1152.000000 0.00000339655367 3 3.5000000000
0 34 5 1440.000000 0.00000144763987 4 2.7500000000
0 34 6 1728.000000 0.00000041553588 3 1.7500000000
0 34 7 2016.000000 0.00000010189563 3 0.7500000000
0 34 8 2304.000000 0.00000002366095 3 -0.2500000000
0 34 9 2592.000000 0.00000000662336 3 -1.2500000000
0 34 10 2880.000000 0.00000000166695 3 -2.2500000000
0 34 11 3168.000000 0.00000000045464 3 -3.2500000000
0 34 12 3456.000000 0.00000000009987 3 -4.2500000000
0 34 13 3744.000000 0.00000000002691 3 -5.2500000000
0 34 14 4032.000000 0.00000000001013 3 -6.2500000000
0 34 15 4320.000000 0.00000000000379 3 -7.2500000000
0 34 16 4608.000000 0.00000000000213 4 -8.0000000000
0 35 0 0.000000 0.00003047843711 0 4.0000000000
0 35 1 288.000000 0.00002034798126 2 4.5000000000
0 35 2 576.000000 0.00001045635145 3 3.5000000000
0 35 3 864.000000 0.00000532910690 5 3.0000000000
0 35 4 1152.000000 0.00000199743090 6 2.7500000000
0 35 5 1440.000000 0.00000076786762 4 2.0000000000
0 35 6 1728.000000 0.00000018022074 3 1.0000000000
0 35 7 2016.000000 0.00000004405089 3 0.0000000000
0 35 8 2304.000000 0.00000001037560 3 -1.0000000000
0 35 9 2592.000000 0.00000000292107 3 -2.0000000000
0 35 10 2880.000000 0.00000000070946 3 -3.0000000000
0 35 11 3168.000000 0.00000000020238 3 -4.0000000000
0 35 12 3456.000000 0.00000000004735 3 -5.0000000000
0 35 13 3744.000000 0.00000000001253 3 -6.0000000000
0 35 14 4032.000000 0.00000000000452 3 -7.0000000000
0 35 15 4320.000000 0.00000000000277 3 -8.0000000000
0 35 16 4608.000000 0.00000000000192 4 -8.7500000000
0 36 0 0.000000 0.00005099155533 0 5.0000000000
0 36 1 288.000000 0.00003771714182 0 5.0000000000
0 36 2 576.000000 0.00001490723753 4 4.2500000000
0 36 3 864.000000 0.00000558008605 5 3.7500000000
0 36 4 1152.000000 0.00000199808142 5 3.2500000000
0 36 5 1440.000000 0.00000079123470 2 2.0000000000
0 36 6 1728.000000 0.00000018547006 4 1.2500000000
0 36 7 2016.000000 0.00000007013141 3 0.2500000000
0 36 8 2304.000000 0.00000001254679 3 -0.7500000000
0 36 9 2592.000000 0.00000000279888 3 -1.7500000000
0 36 10 2880.000000 0.00000000076130 3 -2.7500000000
0 36 11 3168.000000 0.00000000019922 3 -3.7500000000
0 36 12 3456.000000 0.00000000005690 3 -4.7500000000
0 36 13 3744.000000 0.00000000001428 3 -5.7500000000
0 36 14 4032.000000 0.00000000000531 3 -6.7500000000
0 36 15 4320.000000 0.00000000000276 3 -7.7500000000
0 36 16 4608.000000 0.00000000000203 4 -8.5000000000
0 37 0 0.000000 0.00017374381423 0 5.0000000000
0 37 1 288.000000 0.00014145628666 2 5.5000000000
0 37 2 576.000000 0.00003245384141 8 5.7500000000
0 37 3 864.000000 0.00000766773519 3 4.7500000000
0 37 4 1152.000000 0.00000341753685 3 3.7500000000
0 37 5 1440.000000 0.00000125588792 3 2.7500000000
0 37 6 1728.000000 0.00000038931984 3 1.7500000000
0 37 7 2016.000000 0.00000009808776 3 0.7500000000
0 37 8 2304.000000 0.00000002554445 3 -0.2500000000
0 37 9 2592.000000 0.00000000656148 3 -1.2500000000
0 37 10 2880.000000 0.00000000128821 3 -2.2500000000
0 37 11 3168.000000 0.00000000042387 3 -3.2500000000
0 37 12 3456.000000 0.00000000008779 3 -4.2500000000
0 37 13 3744.000000 0.00000000002847 3 -5.2500000000
0 37 14 4032.000000 0.00000000000849 3 -6.2500000000
0 37 15 4320.000000 0.00000000000332 3 -7.2500000000
0 37 16 4608.000000 0.00000000000207 3 -8.2500000000
0 38 0 0.000000 0.00007097735943 0 5.0000000000
0 38 1 288.000000 0.00004438318865 2 5.5000000000
0 38 2 576.000000 0.00001488204998 3 4.5000000000
0 38 3 864.000000 0.00000430233740 5 4.0000000000
0 38 4 1152.000000 0.00000196721726 2 2.7500000000
0 38 5 1440.000000 0.00000057160736 3 1.7500000000
0 38 6 1728.000000 0.00000014324175 3 0.7500000000
0 38 7 2016.000000 0.00000004399125 4 0.0000000000
0 38 8 2304.000000 0.00000000979725 3 -1.0000000000
0 38 9 2592.000000 0.00000000244388 3 -2.0000000000
0 38 10 2880.000000 0.00000000072782 3 -3.0000000000
0 38 11 3168.000000 0.00000000020829 3 -4.0000000000
0 38 12 3456.000000 0.00000000003866 3 -5.0000000000
0 38 13 3744.000000 0.00000000001140 3 -6.0000000000
0 38 14 4032.000000 0.00000000000463 3 -7.0000000000
0 38 15 4320.000000 0.00000000000256 3 -8.0000000000
0 38 16 4608.000000 0.00000000000186 3 -9.0000000000
0 39 0 0.000000 0.00020191060321 0 5.0000000000
0 39 1 288.000000 0.00011945694132 8 7.0000000000
0 39 2 576.000000 0.00003327445665 3 6.0000000000
0 39 3 864.000000 0.00001253314167 3 5.0000000000
0 39 4 1152.000000 0.00000458610521 2 3.7500000000
0 39 5 1440.000000 0.00000142721387 3 2.7500000000
0 39 6 1728.000000 0.00000040732590 3 1.7500000000
0 39 7 2016.000000 0.00000012525265 4 1.0000000000
0 39 8 2304.000000 0.00000003019878 3 0.0000000000
0 39 9 2592.000000 0.00000000863003 3 -1.0000000000
0 39 10 2880.000000 0.00000000236051 3 -2.0000000000
0 39 11 3168.000000 0.00000000053923 3 -3.0000000000
0 39 12 3456.000000 0.00000000013002 3 -4.0000000000
0 39 13 3744.000000 0.00000000003068 3 -5.0000000000
0 39 14 4032.000000 0.00000000001078 3 -6.0000000000
0 39 15 4320.000000 0.00000000000364 3 -7.0000000000
0 39 16 4608.000000 0.00000000000220 3 -8.0000000000
0 40 0 0.000000 0.00012944288028 0 5.0000000000
0 40 1 288.000000 0.00008632082609 1 5.2500000000
0 40 2 576.000000 0.00002471475636 9 5.7500000000
0 40 3 864.000000 0.00000852748963 2 4.5000000000
0 40 4 1152.000000 0.00000360265813 4 3.7500000000
0 40 5 1440.000000 0.00000130535489 2 2.5000000000
0 40 6 1728.000000 0.00000035558384 3 1.5000000000
0 40 7 2016.000000 0.00000007316815 3 0.5000000000
0 40 8 2304.000000 0.00000001908997 3 -0.5000000000
0 40 9 2592.000000 0.00000000473026 3 -1.5000000000
0 40 10 2880.000000 0.00000000124621 3 -2.5000000000
0 40 11 3168.000000 0.00000000029032 3 -3.5000000000
0 40 12 3456.000000 0.00000000008936 3 -4.5000000000
0 40 13 3744.000000 0.00000000002435 3 -5.5000000000
0 40 14 4032.000000 0.00000000000671 3 -6.5000000000
0 40 15 4320.000000 0.00000000000319 3 -7.5000000000
0 40 16 4608.000000 0.00000000000197 3 -8.5000000000
0 41 0 0.000000 0.00031715174555 0 5.0000000000
0 41 1 288.000000 0.00009017095726 6 6.5000000000
0 41 2 576.000000 0.00002795944238 4 5.7500000000
0 41 3 864.000000 0.00001211831477 4 5.0000000000
0 41 4 1152.000000 0.00000460174442 3 4.0000000000
0 41 5 1440.000000 0.00000194406471 3 3.0000000000
0 41 6 1728.000000 0.00000046692014 3 2.0000000000
0 41 7 2016.000000 0.00000014462549 3 1.0000000000
0 41 8 2304.000000 0.00000003619454 3 0.0000000000
0 41 9 2592.000000 0.00000000737907 3 -1.0000000000
0 41 10 2880.000000 0.00000000224417 3 -2.0000000000
0 41 11 3168.000000 0.00000000045086 3 -3.0000000000
0 41 12 3456.000000 0.00000000012541 3 -4.0000000000
0 41 13 3744.000000 0.00000000002938 3 -5.0000000000
0 41 14 4032.000000 0.00000000001046 3 -6.0000000000
0 41 15 4320.000000 0.00000000000387 3 -7.0000000000
0 41 16 4608.000000 0.00000000000231 3 -8.0000000000
0 42 0 0.000000 0.00026187690673 0 5.0000000000
0 42 1 288.000000 0.00017329426191 5 6.2500000000
0 42 2 576.000000 0.00003035941518 6 6.0000000000
0 42 3 864.000000 0.00001367468485 2 4.7500000000
0 42 4 1152.000000 0.00000481030975 4 4.0000000000
0 42 5 1440.000000 0.00000177462312 3 3.0000000000
0 42 6 1728.000000 0.00000059754723 3 2.0000000000
0 42 7 2016.000000 0.00000013110369 3 1.0000000000
0 42 8 2304.000000 0.00000004390323 3 0.0000000000
0 42 9 2592.000000 0.00000000934254 3 -1.0000000000
0 42 10 2880.000000 0.00000000248557 3 -2.0000000000
0 42 11 3168.000000 0.00000000065428 3 -3.0000000000
0 42 12 3456.000000 0.00000000015826 3 -4.0000000000
0 42 13 3744.000000 0.00000000003655 3 -5.0000000000
0 42 14 4032.000000 0.00000000001080 3 -6.0000000000
0 42 15 4320.000000 0.00000000000381 3 -7.0000000000
0 42 16 4608.000000 0.00000000000237 3 -8.0000000000
0 43 0 0.000000 0.00022711572819 0 5.0000000000
0 43 1 288.000000 0.00014026097779 4 6.0000000000
0 43 2 576.000000 0.00003508503869 9 6.5000000000
0 43 3 864.000000 0.00001204465116 3 5.5000000000
0 43 4 1152.000000 0.00000459929697 2 4.2500000000
0 43 5 1440.000000 0.00000197265467 3 3.2500000000
0 43 6 1728.000000 0.00000059446791 3 2.2500000000
0 43 7 2016.000000 0.00000013872335 3 1.2500000000
0 43 8 2304.000000 0.00000003586909 3 0.2500000000
0 43 9 2592.000000 0.00000001099219 3 -0.7500000000
0 43 10 2880.000000 0.00000000239771 3 -1.7500000000
0 43 11 3168.000000 0.00000000051517 3 -2.7500000000
0 43 12 3456.000000 0.00000000016374 3 -3.7500000000
0 43 13 3744.000000 0.00000000004015 3 -4.7500000000
0 43 14 4032.000000 0.00000000001304 3 -5.7500000000
0 43 15 4320.000000 0.00000000000426 3 -6.7500000000
0 43 16 4608.000000 0.00000000000268 3 -7.7500000000
0 44 0 0.000000 0.00021800641844 0 5.0000000000
0 44 1 288.000000 0.00006804254372 8 7.0000000000
0 44 2 576.000000 0.00001540578887 2 5.7500000000
0 44 3 864.000000 0.00000732038916 3 4.7500000000
0 44 4 1152.000000 0.00000368980500 3 3.7500000000
0 44 5 1440.000000 0.00000169088617 4 3.0000000000
0 44 6 1728.000000 0.00000043085839 3 2.0000000000
0 44 7 2016.000000 0.00000011688270 3 1.0000000000
0 44 8 2304.000000 0.00000002819431 3 0.0000000000
0 44 9 2592.000000 0.00000000750490 3 -1.0000000000
0 44 10 2880.000000 0.00000000158043 3 -2.0000000000
0 44 11 3168.000000 0.00000000043106 3 -3.0000000000
0 44 12 3456.000000 0.00000000011794 3 -4.0000000000
0 44 13 3744.000000 0.00000000003108 3 -5.0000000000
0 44 14 4032.000000 0.00000000000996 3 -6.0000000000
0 44 15 4320.000000 0.00000000000338 3 -7.0000000000
0 44 16 4608.000000 0.00000000000224 4 -7.7500000000
0 45 0 0.000000 0.00003981311966 0 5.0000000000
0 45 1 288.000000 0.00002963162478 1 5.2500000000
0 45 2 576.000000 0.00000812040253 6 5.0000000000
0 45 3 864.000000 0.00000279428968 2 3.7500000000
0 45 4 1152.000000 0.00000087659299 3 2.7500000000
0 45 5 1440.000000 0.00000024698664 3 1.7500000000
0 45 6 1728.000000 0.00000006527227 4 1.0000000000
0 45 7 2016.000000 0.00000001879849 3 0.0000000000
0 45 8 2304.000000 0.00000000509495 3 -1.0000000000
0 45 9 2592.000000 0.00000000118005 3 -2.0000000000
0 45 10 2880.000000 0.00000000022856 3 -3.0000000000
0 45 11 3168.000000 0.00000000006658 3 -4.0000000000
0 45 12 3456.000000 0.00000000001548 3 -5.0000000000
0 45 13 3744.000000 0.00000000000563 3 -6.0000000000
0 45 14 4032.000000 0.00000000000300 3 -7.0000000000
0 45 15 4320.000000 0.00000000000198 3 -8.0000000000
0 45 16 4608.000000 0.00000000000163 3 -9.0000000000
0 46 0 0.000000 0.00003901161472 0 5.0000000000
0 46 1 288.000000 0.00002063676766 0 5.0000000000
0 46 2 576.000000 0.00000919534341 5 4.5000000000
0 46 3 864.000000 0.00000307838377 4 3.7500000000
0 46 4 1152.000000 0.00000112651730 4 3.0000000000
0 46 5 1440.000000 0.00000032926476 3 2.0000000000
0 46 6 1728.000000 0.00000008923034 4 1.2500000000
0 46 7 2016.000000 0.00000002435817 3 0.2500000000
0 46 8 2304.000000 0.00000000576578 3 -0.7500000000
0 46 9 2592.000000 0.00000000140638 3 -1.7500000000
0 46 10 2880.000000 0.00000000031018 3 -2.7500000000
0 46 11 3168.000000 0.00000000007848 3 -3.7500000000
0 46 12 3456.000000 0.00000000002348 3 -4.7500000000
0 46 13 3744.000000 0.00000000000845 3 -5.7500000000
0 46 14 4032.000000 0.00000000000309 3 -6.7500000000
0 46 15 4320.000000 0.00000000000212 3 -7.7500000000
0 46 16 4608.000000 0.00000000000160 3 -8.7500000000
0 47 0 0.000000 0.00009318422235 0 5.0000000000
0 47 1 288.000000 0.00005586055704 6 6.5000000000
0 47 2 576.000000 0.00001660641465 4 5.7500000000
0 47 3 864.000000 0.00000720526941 3 4.7500000000
0 47 4 1152.000000 0.00000311900044 3 3.7500000000
0 47 5 1440.000000 0.00000135642904 3 2.7500000000
0 47 6 1728.000000 0.00000030653305 3 1.7500000000
0 47 7 2016.000000 0.00000008714185 3 0.7500000000
0 47 8 2304.000000 0.00000002103620 3 -0.2500000000
0 47 9 2592.000000 0.00000000491615 3 -1.2500000000
0 47 10 2880.000000 0.00000000113338 3 -2.2500000000
0 47 11 3168.000000 0.00000000027960 3 -3.2500000000
0 47 12 3456.000000 0.00000000008609 3 -4.2500000000
0 47 13 3744.000000 0.00000000002203 3 -5.2500000000
0 47 14 4032.000000 0.00000000000714 3 -6.2500000000
0 47 15 4320.000000 0.00000000000287 3 -7.2500000000
0 47 16 4608.000000 0.00000000000198 3 -8.2500000000
0 48 0 0.000000 0.00020279228920 0 5.0000000000
0 48 1 288.000000 0.00013556884369 4 6.0000000000
0 48 2 576.000000 0.00004386992441 8 6.2500000000
0 48 3 864.000000 0.00001048566446 4 5.5000000000
0 48 4 1152.000000 0.00000521912807 2 4.2500000000
0 48 5 1440.000000 0.00000203964646 3 3.2500000000
0 48 6 1728.000000 0.00000043892541 3 2.2500000000
0 48 7 2016.000000 0.00000011476824 3 1.2500000000
0 48 8 2304.000000 0.00000002869300 3 0.2500000000
0 48 9 2592.000000 0.00000000761002 3 -0.7500000000
0 48 10 2880.000000 0.00000000174518 3 -1.7500000000
0 48 11 3168.000000 0.00000000046053 3 -2.7500000000
0 48 12 3456.000000 0.00000000012493 3 -3.7500000000
0 48 13 3744.000000 0.00000000003143 3 -4.7500000000
0 48 14 4032.000000 0.00000000001167 3 -5.7500000000
0 48 15 4320.000000 0.00000000000368 3 -6.7500000000
0 48 16 4608.000000 0.00000000000219 3 -7.7500000000
0 49 0 0.000000 0.00004413239367 0 5.0000000000
0 49 1 288.000000 0.00002403900362 1 5.2500000000
0 49 2 576.000000 0.00000872799137 4 4.5000000000
0 49 3 864.000000 0.00000309944448 4 3.7500000000
0 49 4 1152.000000 0.00000120408617 3 2.7500000000
0 49 5 1440.000000 0.00000033168450 4 2.0000000000
0 49 6 1728.000000 0.00000007214854 3 1.0000000000
0 49 7 2016.000000 0.00000001883980 3 0.0000000000
0 49 8 2304.000000 0.00000000436220 3 -1.0000000000
0 49 9 2592.000000 0.00000000113791 3 -2.0000000000
0 49 10 2880.000000 0.00000000034298 3 -3.0000000000
0 49 11 3168.000000 0.00000000007523 3 -4.0000000000
0 49 12 3456.000000 0.00000000002199 3 -5.0000000000
0 49 13 3744.000000 0.00000000000816 3 -6.0000000000
0 49 14 4032.000000 0.00000000000303 3 -7.0000000000
0 49 15 4320.000000 0.00000000000188 3 -8.0000000000
0 49 16 4608.000000 0.00000000000153 4 -8.7500000000
0 50 0 0.000000 0.00023762114870 0 6.0000000000
0 50 1 288.000000 0.00012980095926 0 6.0000000000
0 50 2 576.000000 0.00004776283095 6 5.7500000000
0 50 3 864.000000 0.00001455393704 5 5.2500000000
0 50 4 1152.000000 0.00000460116553 2 4.0000000000
0 50 5 1440.000000 0.00000112622240 3 3.0000000000
0 50 6 1728.000000 0.00000029104004 3 2.0000000000
0 50 7 2016.000000 0.00000006738870 3 1.0000000000
0 50 8 2304.000000 0.00000001772238 3 0.0000000000
0 50 9 2592.000000 0.00000000388821 3 -1.0000000000
0 50 10 2880.000000 0.00000000120427 3 -2.0000000000
0 50 11 3168.000000 0.00000000026441 3 -3.0000000000
0 50 12 3456.000000 0.00000000006029 3 -4.0000000000
0 50 13 3744.000000 0.00000000002087 3 -5.0000000000
0 50 14 4032.000000 0.00000000000629 3 -6.0000000000
0 50 15 4320.000000 0.00000000000279 3 -7.0000000000
0 50 16 4608.000000 0.00000000000195 3 -8.0000000000
0 51 0 0.000000 0.00035925128032 0 6.0000000000
0 51 1 288.000000 0.00013632833725 1 6.2500000000
0 51 2 576.000000 0.00004232511856 6 6.0000000000
0 51 3 864.000000 0.00001398480526 4 5.2500000000
0 51 4 1152.000000 0.00000475783281 2 4.0000000000
0 51 5 1440.000000 0.00000171774434 4 3.2500000000
0 51 6 1728.000000 0.00000037840684 3 2.2500000000
0 51 7 2016.000000 0.00000009231960 3 1.2500000000
0 51 8 2304.000000 0.00000002560358 3 0.2500000000
0 51 9 2592.000000 0.00000000570446 3 -0.7500000000
0 51 10 2880.000000 0.00000000116854 3 -1.7500000000
0 51 11 3168.000000 0.00000000033560 3 -2.7500000000
0 51 12 3456.000000 0.00000000008721 3 -3.7500000000
0 51 13 3744.000000 0.00000000002147 3 -4.7500000000
0 51 14 4032.000000 0.00000000000719 3 -5.7500000000
0 51 15 4320.000000 0.00000000000346 3 -6.7500000000
0 51 16 4608.000000 0.00000000000212 4 -7.5000000000
0 52 0 0.000000 0.00008298753528 0 6.0000000000
0 52 1 288.000000 0.00004471599459 1 6.2500000000
0 52 2 576.000000 0.00001856813469 2 5.0000000000
0 52 3 864.000000 0.00000787385579 5 4.5000000000
0 52 4 1152.000000 0.00000277815843 4 3.7500000000
0 52 5 1440.000000 0.00000076373396 3 2.7500000000
0 52 6 1728.000000 0.00000016943032 3 1.7500000000
0 52 7 2016.000000 0.00000004208222 3 0.7500000000
0 52 8 2304.000000 0.00000001244577 3 -0.2500000000
0 52 9 2592.000000 0.00000000251830 3 -1.2500000000
0 52 10 2880.000000 0.00000000061583 3 -2.2500000000
0 52 11 3168.000000 0.00000000018961 3 -3.2500000000
0 52 12 3456.000000 0.00000000005034 3 -4.2500000000
0 52 13 3744.000000 0.00000000001093 3 -5.2500000000
0 52 14 4032.000000 0.00000000000421 3 -6.2500000000
0 52 15 4320.000000 0.00000000000240 3 -7.2500000000
0 52 16 4608.000000 0.00000000000178 3 -8.2500000000
0 53 0 0.000000 0.00009970230167 0 6.0000000000
0 53 1 288.000000 0.00004649063703 1 6.2500000000
0 53 2 576.000000 0.00002091448732 5 5.7500000000
0 53 3 864.000000 0.00000840147095 3 4.7500000000
0 53 4 1152.000000 0.00000303414708 3 3.7500000000
0 53 5 1440.000000 0.00000083290911 4 3.0000000000
0 53 6 1728.000000 0.00000022670083 3 2.0000000000
0 53 7 2016.000000 0.00000006433685 3 1.0000000000
0 53 8 2304.000000 0.00000001294465 3 0.0000000000
0 53 9 2592.000000 0.00000000447053 3 -1.0000000000
0 53 10 2880.000000 0.00000000073084 3 -2.0000000000
0 53 11 3168.000000 0.00000000025154 3 -3.0000000000
0 53 12 3456.000000 0.00000000005406 3 -4.0000000000
0 53 13 3744.000000 0.00000000001528 3 -5.0000000000
0 53 14 4032.000000 0.00000000000562 3 -6.0000000000
0 53 15 4320.000000 0.00000000000283 4 -6.7500000000
0 53 16 4608.000000 0.00000000000197 2 -8.0000000000
0 54 0 0.000000 0.00050051894505 0 6.0000000000
0 54 1 288.000000 0.00011868675938 8 8.0000000000
0 54 2 576.000000 0.00004961736340 1 6.5000000000
0 54 3 864.000000 0.00002269397737 3 5.5000000000
0 54 4 1152.000000 0.00000941586768 4 4.7500000000
0 54 5 1440.000000 0.00000295952577 3 3.7500000000
0 54 6 1728.000000 0.00000081694060 3 2.7500000000
0 54 7 2016.000000 0.00000024704582 3 1.7500000000
0 54 8 2304.000000 0.00000005451258 3 0.7500000000
0 54 9 2592.000000 0.00000001659553 3 -0.2500000000
0 54 10 2880.000000 0.00000000356268 3 -1.2500000000
0 54 11 3168.000000 0.00000000080904 3 -2.2500000000
0 54 12 3456.000000 0.00000000019837 3 -3.2500000000
0 54 13 3744.000000 0.00000000005457 3 -4.2500000000
0 54 14 4032.000000 0.00000000001548 3 -5.2500000000
0 54 15 4320.000000 0.00000000000519 3 -6.2500000000
0 54 16 4608.000000 0.00000000000281 3 -7.2500000000
0 55 0 0.000000 0.00031169241993 0 6.0000000000
0 55 1 288.000000 0.00023828617122 0 6.0000000000
0 55 2 576.000000 0.00006103153646 10 6.7500000000
0 55 3 864.000000 0.00002259153916 2 5.5000000000
0 55 4 1152.000000 0.00000804601586 2 4.2500000000
0 55 5 1440.000000 0.00000258561749 4 3.5000000000
0 55 6 1728.000000 0.00000062491353 3 2.5000000000
0 55 7 2016.000000 0.00000016613942 3 1.5000000000
0 55 8 2304.000000 0.00000004049805 3 0.5000000000
0 55 9 2592.000000 0.00000000927937 3 -0.5000000000
0 55 10 2880.000000 0.00000000320583 3 -1.5000000000
0 55 11 3168.000000 0.00000000064634 3 -2.5000000000
0 55 12 3456.000000 0.00000000014921 3 -3.5000000000
0 55 13 3744.000000 0.00000000003968 3 -4.5000000000
0 55 14 4032.000000 0.00000000001124 3 -5.5000000000
0 55 15 4320.000000 0.00000000000465 3 -6.5000000000
0 55 16 4608.000000 0.00000000000222 3 -7.5000000000
0 56 0 0.000000 0.00045150375809 0 6.0000000000
0 56 1 288.000000 0.00036762925447 1 6.2500000000
0 56 2 576.000000 0.00008250090468 9 6.7500000000
0 56 3 864.000000 0.00002873568701 3 5.7500000000
0 56 4 1152.000000 0.00000838383221 2 4.5000000000
0 56 5 1440.000000 0.00000217863476 3 3.5000000000
0 56 6 1728.000000 0.00000064126715 3 2.5000000000
0 56 7 2016.000000 0.00000016060646 3 1.5000000000
0 56 8 2304.000000 0.00000003531901 3 0.5000000000
0 56 9 2592.000000 0.00000000975064 3 -0.5000000000
0 56 10 2880.000000 0.00000000224616 3 -1.5000000000
0 56 11 3168.000000 0.00000000054772 3 -2.5000000000
0 56 12 3456.000000 0.00000000015689 3 -3.5000000000
0 56 13 3744.000000 0.00000000003012 3 -4.5000000000
0 56 14 4032.000000 0.00000000001229 3 -5.5000000000
0 56 15 4320.000000 0.00000000000491 3 -6.5000000000
0 56 16 4608.000000 0.00000000000233 3 -7.5000000000
0 57 0 0.000000 0.00113929517101 0 6.0000000000
0 57 1 288.000000 0.00085182220209 3 6.7500000000
0 57 2 576.000000 0.00013179655070 12 8.0000000000
0 57 3 864.000000 0.00004488353807 0 6.2500000000
0 57 4 1152.000000 0.00001705194154 2 5.0000000000
0 57 5 1440.000000 0.00000404848970 3 4.0000000000
0 57 6 1728.000000 0.00000097433838 3 3.0000000000
0 57 7 2016.000000 0.00000032443776 3 2.0000000000
0 57 8 2304.000000 0.00000007751942 3 1.0000000000
0 57 9 2592.000000 0.00000002267625 3 0.0000000000
0 57 10 2880.000000 0.00000000440385 3 -1.0000000000
0 57 11 3168.000000 0.00000000136064 3 -2.0000000000
0 57 12 3456.000000 0.00000000031017 3 -3.0000000000
0 57 13 3744.000000 0.00000000006071 3 -4.0000000000
0 57 14 4032.000000 0.00000000001880 3 -5.0000000000
0 57 15 4320.000000 0.00000000000759 3 -6.0000000000
0 57 16 4608.000000 0.00000000000310 3 -7.0000000000
0 58 0 0.000000 0.00024440401467 0 7.0000000000
0 58 1 288.000000 0.00020606134785 0 7.0000000000
0 58 2 576.000000 0.00007501624350 2 5.7500000000
0 58 3 864.000000 0.00003249627480 6 5.5000000000
0 58 4 1152.000000 0.00001084464566 4 4.7500000000
0 58 5 1440.000000 0.00000396067389 4 4.0000000000
0 58 6 1728.000000 0.00000093369471 3 3.0000000000
0 58 7 2016.000000 0.00000019965826 3 2.0000000000
0 58 8 2304.000000 0.00000005192013 3 1.0000000000
0 58 9 2592.000000 0.00000001303727 3 0.0000000000
0 58 10 2880.000000 0.00000000355790 3 -1.0000000000
0 58 11 3168.000000 0.00000000093698 3 -2.0000000000
0 58 12 3456.000000 0.00000000018322 3 -3.0000000000
0 58 13 3744.000000 0.00000000005953 3 -4.0000000000
0 58 14 4032.000000 0.00000000001778 3 -5.0000000000
0 58 15 4320.000000 0.00000000000541 3 -6.0000000000
0 58 16 4608.000000 0.00000000000265 3 -7.0000000000
0 59 0 0.000000 0.00021063759050 0 6.0000000000
0 59 1 288.000000 0.00013368828513 0 6.0000000000
0 59 2 576.000000 0.00005139341374 6 5.7500000000
0 59 3 864.000000 0.00001634251748 6 5.5000000000
0 59 4 1152.000000 0.00000620377523 2 4.2500000000
0 59 5 1440.000000 0.00000152326470 4 3.5000000000
0 59 6 1728.000000 0.00000045612353 4 2.7500000000
0 59 7 2016.000000 0.00000010181608 2 1.5000000000
0 59 8 2304.000000 0.00000003319981 3 0.5000000000
0 59 9 2592.000000 0.00000000766934 3 -0.5000000000
0 59 10 2880.000000 0.00000000148395 3 -1.5000000000
0 59 11 3168.000000 0.00000000041707 3 -2.5000000000
0 59 12 3456.000000 0.00000000012315 3 -3.5000000000
0 59 13 3744.000000 0.00000000002873 3 -4.5000000000
0 59 14 4032.000000 0.00000000000874 3 -5.5000000000
0 59 15 4320.000000 0.00000000000371 3 -6.5000000000
0 59 16 4608.000000 0.00000000000214 3 -7.5000000000
0 60 0 0.000000 0.00011063517741 0 6.0000000000
0 60 1 288.000000 0.00007849625399 1 6.2500000000
0 60 2 576.000000 0.00002334275632 4 5.5000000000
0 60 3 864.000000 0.00000937166624 4 4.7500000000
0 60 4 1152.000000 0.00000380180541 4 4.0000000000
0 60 5 1440.000000 0.00000133539970 3 3.0000000000
0 60 6 1728.000000 0.00000035751791 4 2.2500000000
0 60 7 2016.000000 0.00000008259732 3 1.2500000000
0 60 8 2304.000000 0.00000002115386 3 0.2500000000
0 60 9 2592.000000 0.00000000515807 3 -0.7500000000
0 60 10 2880.000000 0.00000000113107 3 -1.7500000000
0 60 11 3168.000000 0.00000000035291 3 -2.7500000000
0 60 12 3456.000000 0.00000000008190 3 -3.7500000000
0 60 13 3744.000000 0.00000000002168 3 -4.7500000000
0 60 14 4032.000000 0.00000000000639 3 -5.7500000000
0 60 15 4320.000000 0.00000000000334 3 -6.7500000000
0 60 16 4608.000000 0.00000000000205 3 -7.7500000000
