4 0 0 0.000000 0.00148584274575 0 -5.0000000000
4 0 1 49152.000000 0.00086865789490 0 -5.0000000000
4 0 2 98304.000000 0.00021937739803 3 -6.0000000000
4 0 3 147456.000000 0.00009265635163 4 -6.7500000000
4 0 4 196608.000000 0.00003194778765 4 -7.5000000000
4 0 5 245760.000000 0.00001193025128 5 -8.0000000000
4 0 6 294912.000000 0.00000403507011 4 -8.7500000000
4 0 7 344064.000000 0.00000140770908 5 -9.2500000000
4 0 8 393216.000000 0.00000046325118 3 -10.2500000000
4 0 9 442368.000000 0.00000013038201 4 -11.0000000000
4 0 10 491520.000000 0.00000003027313 3 -12.0000000000
4 1 0 0.000000 0.00269460328855 0 -5.0000000000
4 1 1 49152.000000 0.00158946309239 0 -5.0000000000
4 1 2 98304.000000 0.00036214693682 3 -6.0000000000
4 1 3 147456.000000 0.00014466732682 3 -7.0000000000
4 1 4 196608.000000 0.00006148966349 6 -7.2500000000
4 1 5 245760.000000 0.00002624778790 5 -7.7500000000
4 1 6 294912.000000 0.00000837948664 4 -8.5000000000
4 1 7 344064.000000 0.00000274910280 4 -9.2500000000
4 1 8 393216.000000 0.00000075558290 3 -10.2500000000
4 1 9 442368.000000 0.00000021745805 4 -11.0000000000
4 1 10 491520.000000 0.00000005038315 3 -12.0000000000
4 2 0 0.000000 0.00261167902499 0 -5.0000000000
4 2 1 49152.000000 0.00153141689952 0 -5.0000000000
4 2 2 98304.000000 0.00040306255687 3 -6.0000000000
4 2 3 147456.000000 0.00015975350107 5 -6.5000000000
4 2 4 196608.000000 0.00007023198850 4 -7.2500000000
4 2 5 245760.000000 0.00002721782403 5 -7.7500000000
4 2 6 294912.000000 0.00001216055625 4 -8.5000000000
4 2 7 344064.000000 0.00000467350583 6 -8.7500000000
4 2 8 393216.000000 0.00000139295025 3 -9.7500000000
4 2 9 442368.000000 0.00000043961086 4 -10.5000000000
4 2 10 491520.000000 0.00000011311907 3 -11.5000000000
4 3 0 0.000000 0.01555225439370 0 -5.0000000000
4 3 1 49152.000000 0.00761081045493 0 -5.0000000000
4 3 2 98304.000000 0.00184799043927 5 -5.5000000000
4 3 3 147456.000000 0.00065807055216 4 -6.2500000000
4 3 4 196608.000000 0.00022501009516 4 -7.0000000000
4 3 5 245760.000000 0.00007876917516 5 -7.5000000000
4 3 6 294912.000000 0.00002680858779 4 -8.2500000000
4 3 7 344064.000000 0.00000790158720 3 -9.2500000000
4 3 8 393216.000000 0.00000246289915 4 -10.0000000000
4 3 9 442368.000000 0.00000074896485 4 -10.7500000000
4 3 10 491520.000000 0.00000018900356 3 -11.7500000000
4 4 0 0.000000 0.05305559560657 0 -5.0000000000
4 4 1 49152.000000 0.02064945735037 2 -4.5000000000
4 4 2 98304.000000 0.00373063143343 4 -5.2500000000
4 4 3 147456.000000 0.00112916657235 4 -6.0000000000
4 4 4 196608.000000 0.00044599964167 3 -7.0000000000
4 4 5 245760.000000 0.00018563825870 5 -7.5000000000
4 4 6 294912.000000 0.00006287040014 5 -8.0000000000
4 4 7 344064.000000 0.00001738243736 3 -9.0000000000
4 4 8 393216.000000 0.00000513258738 4 -9.7500000000
4 4 9 442368.000000 0.00000116820183 3 -10.7500000000
4 4 10 491520.000000 0.00000031527952 3 -11.7500000000
4 5 0 0.000000 0.05390156805515 0 -5.0000000000
4 5 1 49152.000000 0.02101146988571 2 -4.5000000000
4 5 2 98304.000000 0.00439852615818 4 -5.2500000000
4 5 3 147456.000000 0.00131641782355 5 -5.7500000000
4 5 4 196608.000000 0.00044582111877 3 -6.7500000000
4 5 5 245760.000000 0.00017854587350 4 -7.5000000000
4 5 6 294912.000000 0.00006280553498 5 -8.0000000000
4 5 7 344064.000000 0.00001880025411 3 -9.0000000000
4 5 8 393216.000000 0.00000539416442 4 -9.7500000000
4 5 9 442368.000000 0.00000130277931 3 -10.7500000000
4 5 10 491520.000000 0.00000035212074 3 -11.7500000000
4 6 0 0.000000 0.15084312856197 0 -4.0000000000
4 6 1 49152.000000 0.06805416941643 0 -4.0000000000
4 6 2 98304.000000 0.01302756741643 4 -4.7500000000
4 6 3 147456.000000 0.00446372665465 4 -5.5000000000
4 6 4 196608.000000 0.00188655685633 4 -6.2500000000
4 6 5 245760.000000 0.00070738350041 4 -7.0000000000
4 6 6 294912.000000 0.00024363608100 5 -7.5000000000
4 6 7 344064.000000 0.00007532082236 4 -8.2500000000
4 6 8 393216.000000 0.00001872690518 3 -9.2500000000
4 6 9 442368.000000 0.00000485686860 3 -10.2500000000
4 6 10 491520.000000 0.00000140751604 3 -11.2500000000
4 7 0 0.000000 0.15725640952587 0 -4.0000000000
4 7 1 49152.000000 0.08107211440802 0 -4.0000000000
4 7 2 98304.000000 0.01222886610776 3 -5.0000000000
4 7 3 147456.000000 0.00446295971051 4 -5.7500000000
4 7 4 196608.000000 0.00157659791876 4 -6.5000000000
4 7 5 245760.000000 0.00061456166441 5 -7.0000000000
4 7 6 294912.000000 0.00024464318994 4 -7.7500000000
4 7 7 344064.000000 0.00008564315795 5 -8.2500000000
4 7 8 393216.000000 0.00002654958735 4 -9.0000000000
4 7 9 442368.000000 0.00000633285572 3 -10.0000000000
4 7 10 491520.000000 0.00000158460705 3 -11.0000000000
4 8 0 0.000000 6.29292726516724 0 -3.0000000000
4 8 1 49152.000000 4.64228343963623 0 -3.0000000000
4 8 2 98304.000000 0.72998094558716 4 -3.7500000000
4 8 3 147456.000000 0.21308603882790 4 -4.5000000000
4 8 4 196608.000000 0.07424905151129 5 -5.0000000000
4 8 5 245760.000000 0.02970880083740 4 -5.7500000000
4 8 6 294912.000000 0.01099163200706 6 -6.0000000000
4 8 7 344064.000000 0.00298371794634 2 -7.2500000000
4 8 8 393216.000000 0.00092069857055 4 -8.0000000000
4 8 9 442368.000000 0.00025913014542 3 -9.0000000000
4 8 10 491520.000000 0.00007469764387 3 -10.0000000000
