2 0 0 0.000000 0.00639690132812 0 -6.0000000000
2 0 1 98304.000000 0.00056686095195 0 -6.0000000000
2 0 2 196608.000000 0.00020889456209 5 -6.5000000000
2 0 3 294912.000000 0.00009472887905 5 -7.0000000000
2 0 4 393216.000000 0.00004567367068 5 -7.5000000000
2 0 5 491520.000000 0.00001912293374 3 -8.5000000000
2 0 6 589824.000000 0.00000751924699 5 -9.0000000000
2 0 7 688128.000000 0.00000203281365 5 -9.5000000000
2 0 8 786432.000000 0.00000058030020 3 -10.5000000000
2 0 9 884736.000000 0.00000018247792 3 -11.5000000000
2 0 10 983040.000000 0.00000006760430 4 -12.2500000000
2 1 0 0.000000 0.00373117625713 0 -5.0000000000
2 1 1 98304.000000 0.00085505627794 0 -5.0000000000
2 1 2 196608.000000 0.00025126867695 2 -6.2500000000
2 1 3 294912.000000 0.00009980840696 5 -6.7500000000
2 1 4 393216.000000 0.00004305704715 5 -7.2500000000
2 1 5 491520.000000 0.00001780817365 3 -8.2500000000
2 1 6 589824.000000 0.00000656008433 5 -8.7500000000
2 1 7 688128.000000 0.00000230667365 5 -9.2500000000
2 1 8 786432.000000 0.00000061930695 3 -10.2500000000
2 1 9 884736.000000 0.00000019404294 4 -11.0000000000
2 1 10 983040.000000 0.00000005038381 3 -12.0000000000
2 2 0 0.000000 0.00356991984881 0 -5.0000000000
2 2 1 98304.000000 0.00083236367209 0 -5.0000000000
2 2 2 196608.000000 0.00020729014068 2 -6.2500000000
2 2 3 294912.000000 0.00008940782573 5 -6.7500000000
2 2 4 393216.000000 0.00003850849316 4 -7.5000000000
2 2 5 491520.000000 0.00001280394554 4 -8.2500000000
2 2 6 589824.000000 0.00000509228994 4 -9.0000000000
2 2 7 688128.000000 0.00000163703010 4 -9.7500000000
2 2 8 786432.000000 0.00000046295497 4 -10.5000000000
2 2 9 884736.000000 0.00000015129551 4 -11.2500000000
2 2 10 983040.000000 0.00000003411124 3 -12.2500000000
2 3 0 0.000000 0.06661442667246 0 -5.0000000000
2 3 1 98304.000000 0.00920329056680 1 -4.7500000000
2 3 2 196608.000000 0.00433805491775 4 -5.5000000000
2 3 3 294912.000000 0.00179655267857 5 -6.0000000000
2 3 4 393216.000000 0.00094236503355 6 -6.2500000000
2 3 5 491520.000000 0.00035105698043 4 -7.0000000000
2 3 6 589824.000000 0.00011603535677 4 -7.7500000000
2 3 7 688128.000000 0.00004357096986 4 -8.5000000000
2 3 8 786432.000000 0.00001380156846 4 -9.2500000000
2 3 9 884736.000000 0.00000315476336 3 -10.2500000000
2 3 10 983040.000000 0.00000072462058 3 -11.2500000000
2 4 0 0.000000 0.56568974256516 0 -5.0000000000
2 4 1 98304.000000 0.04545997455716 2 -4.5000000000
2 4 2 196608.000000 0.02340445108712 6 -4.7500000000
2 4 3 294912.000000 0.00952938757837 5 -5.2500000000
2 4 4 393216.000000 0.00458995951340 5 -5.7500000000
2 4 5 491520.000000 0.00198732269928 5 -6.2500000000
2 4 6 589824.000000 0.00057974294759 4 -7.0000000000
2 4 7 688128.000000 0.00023982620041 3 -8.0000000000
2 4 8 786432.000000 0.00004336592610 4 -8.7500000000
2 4 9 884736.000000 0.00001472166514 3 -9.7500000000
2 4 10 983040.000000 0.00000438741381 3 -10.7500000000
2 5 0 0.000000 0.14606553316116 0 -5.0000000000
2 5 1 98304.000000 0.02067120932043 1 -4.7500000000
2 5 2 196608.000000 0.00946381688118 6 -5.0000000000
2 5 3 294912.000000 0.00440246285871 5 -5.5000000000
2 5 4 393216.000000 0.00196408573538 5 -6.0000000000
2 5 5 491520.000000 0.00068138336064 4 -6.7500000000
2 5 6 589824.000000 0.00022562946833 4 -7.5000000000
2 5 7 688128.000000 0.00008858288493 3 -8.5000000000
2 5 8 786432.000000 0.00002627156755 5 -9.0000000000
2 5 9 884736.000000 0.00000715681745 3 -10.0000000000
2 5 10 983040.000000 0.00000195190751 3 -11.0000000000
2 6 0 0.000000 0.50476711988449 0 -4.0000000000
2 6 1 98304.000000 0.05475353077054 0 -4.0000000000
2 6 2 196608.000000 0.01734977960587 4 -4.7500000000
2 6 3 294912.000000 0.00889093056321 5 -5.2500000000
2 6 4 393216.000000 0.00365385832265 3 -6.2500000000
2 6 5 491520.000000 0.00131078320555 6 -6.5000000000
2 6 6 589824.000000 0.00054870196618 3 -7.5000000000
2 6 7 688128.000000 0.00019640209212 5 -8.0000000000
2 6 8 786432.000000 0.00006571355334 4 -8.7500000000
2 6 9 884736.000000 0.00001853818139 4 -9.5000000000
2 6 10 983040.000000 0.00000420756623 3 -10.5000000000
2 7 0 0.000000 0.48268917202950 0 -4.0000000000
2 7 1 98304.000000 0.05789047479630 0 -4.0000000000
2 7 2 196608.000000 0.02118508331478 4 -4.7500000000
2 7 3 294912.000000 0.00885418429971 5 -5.2500000000
2 7 4 393216.000000 0.00321829831228 5 -5.7500000000
2 7 5 491520.000000 0.00137839466333 4 -6.5000000000
2 7 6 589824.000000 0.00048743755906 4 -7.2500000000
2 7 7 688128.000000 0.00021036005637 5 -7.7500000000
2 7 8 786432.000000 0.00006510911771 4 -8.5000000000
2 7 9 884736.000000 0.00001715018334 3 -9.5000000000
2 7 10 983040.000000 0.00000421370669 3 -10.5000000000
2 8 0 0.000000 5.53253459930420 0 -4.0000000000
2 8 1 98304.000000 1.10633003711700 0 -4.0000000000
2 8 2 196608.000000 0.46739101409912 4 -4.7500000000
2 8 3 294912.000000 0.22237318754196 7 -4.7500000000
2 8 4 393216.000000 0.09926708787680 5 -5.2500000000
2 8 5 491520.000000 0.03689368814230 4 -6.0000000000
2 8 6 589824.000000 0.01372924447060 4 -6.7500000000
2 8 7 688128.000000 0.00405991030857 4 -7.5000000000
2 8 8 786432.000000 0.00136954267509 4 -8.2500000000
2 8 9 884736.000000 0.00032740828465 3 -9.2500000000
2 8 10 983040.000000 0.00012069237710 3 -10.2500000000
