4 0 0 0.000000 4.67498111724854 0 -3.0000000000
4 0 1 49152.000000 4.22137403488159 0 -3.0000000000
4 0 2 98304.000000 0.48264154791832 3 -4.0000000000
4 0 3 147456.000000 0.12273290753365 6 -4.2500000000
4 0 4 196608.000000 0.04951104149222 4 -5.0000000000
4 0 5 245760.000000 0.01670115068555 5 -5.5000000000
4 0 6 294912.000000 0.00609540753067 4 -6.2500000000
4 0 7 344064.000000 0.00197607628070 3 -7.2500000000
4 0 8 393216.000000 0.00044497771887 4 -8.0000000000
4 0 9 442368.000000 0.00014597280824 3 -9.0000000000
4 0 10 491520.000000 0.00003998973989 4 -9.7500000000
4 0 11 540672.000000 0.00001100551708 3 -10.7500000000
4 0 12 589824.000000 0.00000248259630 3 -11.7500000000
4 0 13 638976.000000 0.00000059803034 3 -12.7500000000
4 0 14 688128.000000 0.00000015122085 3 -13.7500000000
4 0 15 737280.000000 0.00000004091047 3 -14.7500000000
4 0 16 786432.000000 0.00000001103003 3 -15.7500000000
4 1 0 0.000000 0.12997262179852 0 -4.0000000000
4 1 1 49152.000000 0.06055022776127 0 -4.0000000000
4 1 2 98304.000000 0.00999075360596 4 -4.7500000000
4 1 3 147456.000000 0.00358721823432 3 -5.7500000000
4 1 4 196608.000000 0.00096879526973 4 -6.5000000000
4 1 5 245760.000000 0.00038567226147 5 -7.0000000000
4 1 6 294912.000000 0.00014049165475 4 -7.7500000000
4 1 7 344064.000000 0.00004148353037 4 -8.5000000000
4 1 8 393216.000000 0.00001110103494 3 -9.5000000000
4 1 9 442368.000000 0.00000281497591 3 -10.5000000000
4 1 10 491520.000000 0.00000071146428 3 -11.5000000000
4 1 11 540672.000000 0.00000018878151 3 -12.5000000000
4 1 12 589824.000000 0.00000004210271 3 -13.5000000000
4 1 13 638976.000000 0.00000001132170 3 -14.5000000000
4 1 14 688128.000000 0.00000000268633 3 -15.5000000000
4 1 15 737280.000000 0.00000000064236 3 -16.5000000000
4 1 16 786432.000000 0.00000000015827 3 -17.5000000000
4 2 0 0.000000 0.04904770851135 0 -5.0000000000
4 2 1 49152.000000 0.01124023087323 2 -4.5000000000
4 2 2 98304.000000 0.00295734894462 4 -5.2500000000
4 2 3 147456.000000 0.00097951665521 4 -6.0000000000
4 2 4 196608.000000 0.00036960272701 4 -6.7500000000
4 2 5 245760.000000 0.00013593123003 4 -7.5000000000
4 2 6 294912.000000 0.00006180610217 5 -8.0000000000
4 2 7 344064.000000 0.00002001931171 4 -8.7500000000
4 2 8 393216.000000 0.00000562999912 4 -9.5000000000
4 2 9 442368.000000 0.00000136536300 3 -10.5000000000
4 2 10 491520.000000 0.00000035418716 3 -11.5000000000
4 2 11 540672.000000 0.00000008359695 3 -12.5000000000
4 2 12 589824.000000 0.00000002042968 3 -13.5000000000
4 2 13 638976.000000 0.00000000539394 3 -14.5000000000
4 2 14 688128.000000 0.00000000136008 3 -15.5000000000
4 2 15 737280.000000 0.00000000035432 3 -16.5000000000
4 2 16 786432.000000 0.00000000009710 3 -17.5000000000
4 3 0 0.000000 0.24183912575245 0 -4.0000000000
4 3 1 49152.000000 0.09930791705847 0 -4.0000000000
4 3 2 98304.000000 0.01455435808748 4 -4.7500000000
4 3 3 147456.000000 0.00514703989029 4 -5.5000000000
4 3 4 196608.000000 0.00199173041619 4 -6.2500000000
4 3 5 245760.000000 0.00069413980236 4 -7.0000000000
4 3 6 294912.000000 0.00026433539460 4 -7.7500000000
4 3 7 344064.000000 0.00008599741705 5 -8.2500000000
4 3 8 393216.000000 0.00002457899973 3 -9.2500000000
4 3 9 442368.000000 0.00000745957414 4 -10.0000000000
4 3 10 491520.000000 0.00000182193514 3 -11.0000000000
4 3 11 540672.000000 0.00000043389622 3 -12.0000000000
4 3 12 589824.000000 0.00000012010858 3 -13.0000000000
4 3 13 638976.000000 0.00000003157274 3 -14.0000000000
4 3 14 688128.000000 0.00000000704277 3 -15.0000000000
4 3 15 737280.000000 0.00000000183958 3 -16.0000000000
4 3 16 786432.000000 0.00000000043995 3 -17.0000000000
4 4 0 0.000000 0.01686416193843 0 -5.0000000000
4 4 1 49152.000000 0.00831162743270 0 -5.0000000000
4 4 2 98304.000000 0.00184409727808 5 -5.5000000000
4 4 3 147456.000000 0.00074188277358 5 -6.0000000000
4 4 4 196608.000000 0.00024457948166 4 -6.7500000000
4 4 5 245760.000000 0.00008985617023 4 -7.5000000000
4 4 6 294912.000000 0.00002591231350 4 -8.2500000000
4 4 7 344064.000000 0.00000862807246 4 -9.0000000000
4 4 8 393216.000000 0.00000211667862 3 -10.0000000000
4 4 9 442368.000000 0.00000050005207 3 -11.0000000000
4 4 10 491520.000000 0.00000017240208 3 -12.0000000000
4 4 11 540672.000000 0.00000004391809 4 -12.7500000000
4 4 12 589824.000000 0.00000001079361 3 -13.7500000000
4 4 13 638976.000000 0.00000000287876 3 -14.7500000000
4 4 14 688128.000000 0.00000000067552 3 -15.7500000000
4 4 15 737280.000000 0.00000000019046 3 -16.7500000000
4 4 16 786432.000000 0.00000000004346 3 -17.7500000000
4 5 0 0.000000 0.00282693700865 0 -5.0000000000
4 5 1 49152.000000 0.00172752351500 0 -5.0000000000
4 5 2 98304.000000 0.00040460968739 4 -5.7500000000
4 5 3 147456.000000 0.00014353370352 4 -6.5000000000
4 5 4 196608.000000 0.00005963112199 4 -7.2500000000
4 5 5 245760.000000 0.00002398391553 4 -8.0000000000
4 5 6 294912.000000 0.00000951874608 5 -8.5000000000
4 5 7 344064.000000 0.00000318672801 4 -9.2500000000
4 5 8 393216.000000 0.00000105009951 4 -10.0000000000
4 5 9 442368.000000 0.00000029146670 4 -10.7500000000
4 5 10 491520.000000 0.00000007289086 3 -11.7500000000
4 5 11 540672.000000 0.00000001910575 3 -12.7500000000
4 5 12 589824.000000 0.00000000479068 3 -13.7500000000
4 5 13 638976.000000 0.00000000130980 3 -14.7500000000
4 5 14 688128.000000 0.00000000029757 3 -15.7500000000
4 5 15 737280.000000 0.00000000007629 3 -16.7500000000
4 5 16 786432.000000 0.00000000001814 3 -17.7500000000
4 6 0 0.000000 0.05180522426963 0 -5.0000000000
4 6 1 49152.000000 0.01565812155604 3 -4.2500000000
4 6 2 98304.000000 0.00325426110066 3 -5.2500000000
4 6 3 147456.000000 0.00105782505125 4 -6.0000000000
4 6 4 196608.000000 0.00042670528637 4 -6.7500000000
4 6 5 245760.000000 0.00015054878895 4 -7.5000000000
4 6 6 294912.000000 0.00006128518726 4 -8.2500000000
4 6 7 344064.000000 0.00002145012877 4 -9.0000000000
4 6 8 393216.000000 0.00000596752307 5 -9.5000000000
4 6 9 442368.000000 0.00000158121827 3 -10.5000000000
4 6 10 491520.000000 0.00000040686240 3 -11.5000000000
4 6 11 540672.000000 0.00000013054189 3 -12.5000000000
4 6 12 589824.000000 0.00000003168326 4 -13.2500000000
4 6 13 638976.000000 0.00000000808483 3 -14.2500000000
4 6 14 688128.000000 0.00000000213371 3 -15.2500000000
4 6 15 737280.000000 0.00000000052148 3 -16.2500000000
4 6 16 786432.000000 0.00000000012826 3 -17.2500000000
4 7 0 0.000000 0.00264060846530 0 -5.0000000000
4 7 1 49152.000000 0.00146596250124 0 -5.0000000000
4 7 2 98304.000000 0.00036039727274 2 -6.2500000000
4 7 3 147456.000000 0.00014698282757 5 -6.7500000000
4 7 4 196608.000000 0.00006712023605 5 -7.2500000000
4 7 5 245760.000000 0.00002419700832 5 -7.7500000000
4 7 6 294912.000000 0.00000981072390 4 -8.5000000000
4 7 7 344064.000000 0.00000322919095 5 -9.0000000000
4 7 8 393216.000000 0.00000098668102 3 -10.0000000000
4 7 9 442368.000000 0.00000028784601 4 -10.7500000000
4 7 10 491520.000000 0.00000007508043 3 -11.7500000000
4 7 11 540672.000000 0.00000001682123 3 -12.7500000000
4 7 12 589824.000000 0.00000000415641 3 -13.7500000000
4 7 13 638976.000000 0.00000000116353 3 -14.7500000000
4 7 14 688128.000000 0.00000000027609 3 -15.7500000000
4 7 15 737280.000000 0.00000000006887 3 -16.7500000000
4 7 16 786432.000000 0.00000000001746 3 -17.7500000000
4 8 0 0.000000 0.00122427789029 0 -5.0000000000
4 8 1 49152.000000 0.00094541127328 0 -5.0000000000
4 8 2 98304.000000 0.00024100237351 4 -5.7500000000
4 8 3 147456.000000 0.00008869242447 3 -6.7500000000
4 8 4 196608.000000 0.00003503495827 6 -7.0000000000
4 8 5 245760.000000 0.00001563424303 4 -7.7500000000
4 8 6 294912.000000 0.00000647087199 5 -8.2500000000
4 8 7 344064.000000 0.00000222651465 4 -9.0000000000
4 8 8 393216.000000 0.00000066705707 4 -9.7500000000
4 8 9 442368.000000 0.00000018851776 4 -10.5000000000
4 8 10 491520.000000 0.00000004283877 3 -11.5000000000
4 8 11 540672.000000 0.00000001262128 3 -12.5000000000
4 8 12 589824.000000 0.00000000311777 3 -13.5000000000
4 8 13 638976.000000 0.00000000071462 3 -14.5000000000
4 8 14 688128.000000 0.00000000019258 3 -15.5000000000
4 8 15 737280.000000 0.00000000004790 3 -16.5000000000
4 8 16 786432.000000 0.00000000001243 3 -17.5000000000
