1 0 0 0.000000 4.69131755828857 0 -3.0000000000
1 0 1 12288.000000 4.37936639785767 0 -3.0000000000
1 0 2 24576.000000 1.00287365913391 6 -3.2500000000
1 0 3 36864.000000 0.18121786415577 4 -4.0000000000
1 0 4 49152.000000 0.04225254431367 4 -4.7500000000
1 0 5 61440.000000 0.01046897564083 3 -5.7500000000
1 0 6 73728.000000 0.00456799520180 5 -6.2500000000
1 0 7 86016.000000 0.00131014734507 3 -7.2500000000
1 0 8 98304.000000 0.00026011402952 3 -8.2500000000
1 0 9 110592.000000 0.00007486862887 3 -9.2500000000
1 0 10 122880.000000 0.00002714511356 3 -10.2500000000
1 0 11 135168.000000 0.00000522572554 3 -11.2500000000
1 0 12 147456.000000 0.00000128114698 3 -12.2500000000
1 0 13 159744.000000 0.00000030652396 3 -13.2500000000
1 0 14 172032.000000 0.00000007640467 3 -14.2500000000
1 0 15 184320.000000 0.00000002430233 3 -15.2500000000
1 0 16 196608.000000 0.00000000507581 3 -16.2500000000
1 1 0 0.000000 1.11290705204010 0 -3.0000000000
1 1 1 12288.000000 0.41833508014679 3 -2.2500000000
1 1 2 24576.000000 0.07745503634214 3 -3.2500000000
1 1 3 36864.000000 0.02449977770448 5 -3.7500000000
1 1 4 49152.000000 0.00812192726880 4 -4.5000000000
1 1 5 61440.000000 0.00261050323024 4 -5.2500000000
1 1 6 73728.000000 0.00075034232577 4 -6.0000000000
1 1 7 86016.000000 0.00025687069865 4 -6.7500000000
1 1 8 98304.000000 0.00005985996177 3 -7.7500000000
1 1 9 110592.000000 0.00001910953324 4 -8.5000000000
1 1 10 122880.000000 0.00000473636737 3 -9.5000000000
1 1 11 135168.000000 0.00000128681188 3 -10.5000000000
1 1 12 147456.000000 0.00000031182196 3 -11.5000000000
1 1 13 159744.000000 0.00000007411325 3 -12.5000000000
1 1 14 172032.000000 0.00000002030266 3 -13.5000000000
1 1 15 184320.000000 0.00000000477999 3 -14.5000000000
1 1 16 196608.000000 0.00000000124349 3 -15.5000000000
1 2 0 0.000000 0.42392408847809 0 -3.0000000000
1 2 1 12288.000000 0.44326180219650 2 -2.5000000000
1 2 2 24576.000000 0.04588048905134 2 -3.7500000000
1 2 3 36864.000000 0.00951548106968 4 -4.5000000000
1 2 4 49152.000000 0.00321702146903 5 -5.0000000000
1 2 5 61440.000000 0.00128530594520 5 -5.5000000000
1 2 6 73728.000000 0.00038418726763 3 -6.5000000000
1 2 7 86016.000000 0.00011110000924 4 -7.2500000000
1 2 8 98304.000000 0.00002479150317 3 -8.2500000000
1 2 9 110592.000000 0.00000677067146 3 -9.2500000000
1 2 10 122880.000000 0.00000161062940 3 -10.2500000000
1 2 11 135168.000000 0.00000041502952 3 -11.2500000000
1 2 12 147456.000000 0.00000010030485 3 -12.2500000000
1 2 13 159744.000000 0.00000002356981 3 -13.2500000000
1 2 14 172032.000000 0.00000000623184 3 -14.2500000000
1 2 15 184320.000000 0.00000000146248 3 -15.2500000000
1 2 16 196608.000000 0.00000000044975 3 -16.2500000000
1 3 0 0.000000 0.02926154248416 0 -4.0000000000
1 3 1 12288.000000 0.01629453897476 0 -4.0000000000
1 3 2 24576.000000 0.00272100302391 6 -4.2500000000
1 3 3 36864.000000 0.00087856064783 5 -4.7500000000
1 3 4 49152.000000 0.00032669032225 4 -5.5000000000
1 3 5 61440.000000 0.00011109135812 4 -6.2500000000
1 3 6 73728.000000 0.00003985102012 4 -7.0000000000
1 3 7 86016.000000 0.00001069730661 4 -7.7500000000
1 3 8 98304.000000 0.00000301832051 3 -8.7500000000
1 3 9 110592.000000 0.00000064767414 3 -9.7500000000
1 3 10 122880.000000 0.00000017113915 3 -10.7500000000
1 3 11 135168.000000 0.00000004192502 3 -11.7500000000
1 3 12 147456.000000 0.00000001253588 3 -12.7500000000
1 3 13 159744.000000 0.00000000245669 3 -13.7500000000
1 3 14 172032.000000 0.00000000061737 3 -14.7500000000
1 3 15 184320.000000 0.00000000018163 3 -15.7500000000
1 3 16 196608.000000 0.00000000004218 3 -16.7500000000
1 4 0 0.000000 0.02414140291512 0 -4.0000000000
1 4 1 12288.000000 0.01934052817523 7 -2.2500000000
1 4 2 24576.000000 0.00454428652301 1 -3.7500000000
1 4 3 36864.000000 0.00148923904635 4 -4.5000000000
1 4 4 49152.000000 0.00046365257003 5 -5.0000000000
1 4 5 61440.000000 0.00013680798293 4 -5.7500000000
1 4 6 73728.000000 0.00004386208457 3 -6.7500000000
1 4 7 86016.000000 0.00001110223911 4 -7.5000000000
1 4 8 98304.000000 0.00000301152249 3 -8.5000000000
1 4 9 110592.000000 0.00000067969182 3 -9.5000000000
1 4 10 122880.000000 0.00000017319638 3 -10.5000000000
1 4 11 135168.000000 0.00000004181969 3 -11.5000000000
1 4 12 147456.000000 0.00000001118171 3 -12.5000000000
1 4 13 159744.000000 0.00000000254827 3 -13.5000000000
1 4 14 172032.000000 0.00000000071880 3 -14.5000000000
1 4 15 184320.000000 0.00000000017478 3 -15.5000000000
1 4 16 196608.000000 0.00000000004181 3 -16.5000000000
1 5 0 0.000000 0.62203842401505 0 -3.0000000000
1 5 1 12288.000000 0.34828546643257 3 -2.2500000000
1 5 2 24576.000000 0.05474920570850 3 -3.2500000000
1 5 3 36864.000000 0.01695914007723 4 -4.0000000000
1 5 4 49152.000000 0.00572162959725 4 -4.7500000000
1 5 5 61440.000000 0.00169686460868 4 -5.5000000000
1 5 6 73728.000000 0.00068294914672 3 -6.5000000000
1 5 7 86016.000000 0.00020370859420 5 -7.0000000000
1 5 8 98304.000000 0.00005379267532 3 -8.0000000000
1 5 9 110592.000000 0.00001573215013 3 -9.0000000000
1 5 10 122880.000000 0.00000462764910 4 -9.7500000000
1 5 11 135168.000000 0.00000103195327 3 -10.7500000000
1 5 12 147456.000000 0.00000027367525 3 -11.7500000000
1 5 13 159744.000000 0.00000005995825 3 -12.7500000000
1 5 14 172032.000000 0.00000001516474 3 -13.7500000000
1 5 15 184320.000000 0.00000000366309 3 -14.7500000000
1 5 16 196608.000000 0.00000000096627 3 -15.7500000000
1 6 0 0.000000 0.04077799245715 0 -4.0000000000
1 6 1 12288.000000 0.02535462379456 1 -3.7500000000
1 6 2 24576.000000 0.00359535706230 5 -4.2500000000
1 6 3 36864.000000 0.00093743525213 3 -5.2500000000
1 6 4 49152.000000 0.00032021378865 4 -6.0000000000
1 6 5 61440.000000 0.00010705943714 4 -6.7500000000
1 6 6 73728.000000 0.00003558064782 3 -7.7500000000
1 6 7 86016.000000 0.00001026040900 5 -8.2500000000
1 6 8 98304.000000 0.00000292727532 3 -9.2500000000
1 6 9 110592.000000 0.00000068410191 3 -10.2500000000
1 6 10 122880.000000 0.00000016460118 3 -11.2500000000
1 6 11 135168.000000 0.00000004518052 3 -12.2500000000
1 6 12 147456.000000 0.00000001480095 4 -13.0000000000
1 6 13 159744.000000 0.00000000381993 3 -14.0000000000
1 6 14 172032.000000 0.00000000081330 3 -15.0000000000
1 6 15 184320.000000 0.00000000023644 3 -16.0000000000
1 6 16 196608.000000 0.00000000005354 3 -17.0000000000
1 7 0 0.000000 0.02396723814309 0 -4.0000000000
1 7 1 12288.000000 0.01363294757903 1 -3.7500000000
1 7 2 24576.000000 0.00272874790244 4 -4.5000000000
1 7 3 36864.000000 0.00079726515105 5 -5.0000000000
1 7 4 49152.000000 0.00024137432047 4 -5.7500000000
1 7 5 61440.000000 0.00008187099593 3 -6.7500000000
1 7 6 73728.000000 0.00002166499871 4 -7.5000000000
1 7 7 86016.000000 0.00000631198145 4 -8.2500000000
1 7 8 98304.000000 0.00000154382656 3 -9.2500000000
1 7 9 110592.000000 0.00000046615619 3 -10.2500000000
1 7 10 122880.000000 0.00000012439685 3 -11.2500000000
1 7 11 135168.000000 0.00000003594888 4 -12.0000000000
1 7 12 147456.000000 0.00000000813399 3 -13.0000000000
1 7 13 159744.000000 0.00000000228791 3 -14.0000000000
1 7 14 172032.000000 0.00000000058053 3 -15.0000000000
1 7 15 184320.000000 0.00000000012524 3 -16.0000000000
1 7 16 196608.000000 0.00000000003214 3 -17.0000000000
1 8 0 0.000000 0.00698251510039 0 -4.0000000000
1 8 1 12288.000000 0.00464223185554 0 -4.0000000000
1 8 2 24576.000000 0.00100714585278 6 -4.2500000000
1 8 3 36864.000000 0.00029006967088 4 -5.0000000000
1 8 4 49152.000000 0.00008033629274 3 -6.0000000000
1 8 5 61440.000000 0.00002490971747 4 -6.7500000000
1 8 6 73728.000000 0.00000751876223 3 -7.7500000000
1 8 7 86016.000000 0.00000206484060 4 -8.5000000000
1 8 8 98304.000000 0.00000052911150 3 -9.5000000000
1 8 9 110592.000000 0.00000018324565 3 -10.5000000000
1 8 10 122880.000000 0.00000004633139 4 -11.2500000000
1 8 11 135168.000000 0.00000001192165 3 -12.2500000000
1 8 12 147456.000000 0.00000000307365 3 -13.2500000000
1 8 13 159744.000000 0.00000000064210 3 -14.2500000000
1 8 14 172032.000000 0.00000000018592 3 -15.2500000000
1 8 15 184320.000000 0.00000000004817 3 -16.2500000000
1 8 16 196608.000000 0.00000000001236 3 -17.2500000000
1 9 0 0.000000 0.00208682869561 0 -5.0000000000
1 9 1 12288.000000 0.00154682376888 2 -4.5000000000
1 9 2 24576.000000 0.00039494599332 8 -4.2500000000
1 9 3 36864.000000 0.00011427404388 2 -5.5000000000
1 9 4 49152.000000 0.00003254429976 4 -6.2500000000
1 9 5 61440.000000 0.00001057060581 4 -7.0000000000
1 9 6 73728.000000 0.00000300175702 3 -8.0000000000
1 9 7 86016.000000 0.00000076198899 4 -8.7500000000
1 9 8 98304.000000 0.00000021785273 3 -9.7500000000
1 9 9 110592.000000 0.00000005161599 3 -10.7500000000
1 9 10 122880.000000 0.00000001227889 3 -11.7500000000
1 9 11 135168.000000 0.00000000330870 3 -12.7500000000
1 9 12 147456.000000 0.00000000078142 3 -13.7500000000
1 9 13 159744.000000 0.00000000020096 3 -14.7500000000
1 9 14 172032.000000 0.00000000005032 3 -15.7500000000
1 9 15 184320.000000 0.00000000001332 3 -16.7500000000
1 9 16 196608.000000 0.00000000000450 3 -17.7500000000
1 10 0 0.000000 0.35743293166161 0 -3.0000000000
1 10 1 12288.000000 0.39845305681229 1 -2.7500000000
1 10 2 24576.000000 0.04879191890359 4 -3.5000000000
1 10 3 36864.000000 0.00832697562873 4 -4.2500000000
1 10 4 49152.000000 0.00245696818456 4 -5.0000000000
1 10 5 61440.000000 0.00095677038189 3 -6.0000000000
1 10 6 73728.000000 0.00033320407965 5 -6.5000000000
1 10 7 86016.000000 0.00012772508489 4 -7.2500000000
1 10 8 98304.000000 0.00003099051173 3 -8.2500000000
1 10 9 110592.000000 0.00000869000451 3 -9.2500000000
1 10 10 122880.000000 0.00000228395470 4 -10.0000000000
1 10 11 135168.000000 0.00000051716535 3 -11.0000000000
1 10 12 147456.000000 0.00000013975117 3 -12.0000000000
1 10 13 159744.000000 0.00000003178364 3 -13.0000000000
1 10 14 172032.000000 0.00000000906658 3 -14.0000000000
1 10 15 184320.000000 0.00000000215781 3 -15.0000000000
1 10 16 196608.000000 0.00000000059632 3 -16.0000000000
1 11 0 0.000000 0.02197139337659 0 -4.0000000000
1 11 1 12288.000000 0.01186736859381 2 -3.5000000000
1 11 2 24576.000000 0.00232977536507 4 -4.2500000000
1 11 3 36864.000000 0.00062116613844 4 -5.0000000000
1 11 4 49152.000000 0.00021824095165 4 -5.7500000000
1 11 5 61440.000000 0.00007213454228 4 -6.5000000000
1 11 6 73728.000000 0.00001941564005 3 -7.5000000000
1 11 7 86016.000000 0.00000585635598 4 -8.2500000000
1 11 8 98304.000000 0.00000139723898 3 -9.2500000000
1 11 9 110592.000000 0.00000034732346 3 -10.2500000000
1 11 10 122880.000000 0.00000008859704 3 -11.2500000000
1 11 11 135168.000000 0.00000002340846 3 -12.2500000000
1 11 12 147456.000000 0.00000000684560 3 -13.2500000000
1 11 13 159744.000000 0.00000000206913 4 -14.0000000000
1 11 14 172032.000000 0.00000000049778 3 -15.0000000000
1 11 15 184320.000000 0.00000000012336 3 -16.0000000000
1 11 16 196608.000000 0.00000000002995 3 -17.0000000000
1 12 0 0.000000 0.01816234923899 0 -4.0000000000
1 12 1 12288.000000 0.01202400121838 0 -4.0000000000
1 12 2 24576.000000 0.00235887384042 5 -4.5000000000
1 12 3 36864.000000 0.00062066008104 5 -5.0000000000
1 12 4 49152.000000 0.00016957148910 3 -6.0000000000
1 12 5 61440.000000 0.00005296478412 5 -6.5000000000
1 12 6 73728.000000 0.00001286318547 3 -7.5000000000
1 12 7 86016.000000 0.00000315624948 3 -8.5000000000
1 12 8 98304.000000 0.00000094005867 3 -9.5000000000
1 12 9 110592.000000 0.00000027478600 4 -10.2500000000
1 12 10 122880.000000 0.00000006403401 3 -11.2500000000
1 12 11 135168.000000 0.00000001538953 3 -12.2500000000
1 12 12 147456.000000 0.00000000367936 3 -13.2500000000
1 12 13 159744.000000 0.00000000094293 3 -14.2500000000
1 12 14 172032.000000 0.00000000026231 3 -15.2500000000
1 12 15 184320.000000 0.00000000006824 3 -16.2500000000
1 12 16 196608.000000 0.00000000001823 3 -17.2500000000
1 13 0 0.000000 0.00266959052533 0 -5.0000000000
1 13 1 12288.000000 0.00159557047300 2 -4.5000000000
1 13 2 24576.000000 0.00040784390876 7 -4.5000000000
1 13 3 36864.000000 0.00013461319031 4 -5.2500000000
1 13 4 49152.000000 0.00004468297993 3 -6.2500000000
1 13 5 61440.000000 0.00001351974515 5 -6.7500000000
1 13 6 73728.000000 0.00000378110190 3 -7.7500000000
1 13 7 86016.000000 0.00000099427064 3 -8.7500000000
1 13 8 98304.000000 0.00000029625855 3 -9.7500000000
1 13 9 110592.000000 0.00000007979814 4 -10.5000000000
1 13 10 122880.000000 0.00000002098784 3 -11.5000000000
1 13 11 135168.000000 0.00000000489181 3 -12.5000000000
1 13 12 147456.000000 0.00000000127477 3 -13.5000000000
1 13 13 159744.000000 0.00000000031653 3 -14.5000000000
1 13 14 172032.000000 0.00000000007759 3 -15.5000000000
1 13 15 184320.000000 0.00000000002202 3 -16.5000000000
1 13 16 196608.000000 0.00000000000595 3 -17.5000000000
1 14 0 0.000000 0.00119748467114 0 -5.0000000000
1 14 1 12288.000000 0.00097276689485 0 -5.0000000000
1 14 2 24576.000000 0.00028181719244 7 -5.0000000000
1 14 3 36864.000000 0.00008769902342 5 -5.5000000000
1 14 4 49152.000000 0.00002888048402 5 -6.0000000000
1 14 5 61440.000000 0.00000889993407 3 -7.0000000000
1 14 6 73728.000000 0.00000280518839 4 -7.7500000000
1 14 7 86016.000000 0.00000076958759 4 -8.5000000000
1 14 8 98304.000000 0.00000020968341 3 -9.5000000000
1 14 9 110592.000000 0.00000005813015 3 -10.5000000000
1 14 10 122880.000000 0.00000001696312 3 -11.5000000000
1 14 11 135168.000000 0.00000000430182 4 -12.2500000000
1 14 12 147456.000000 0.00000000118511 3 -13.2500000000
1 14 13 159744.000000 0.00000000025937 3 -14.2500000000
1 14 14 172032.000000 0.00000000007400 3 -15.2500000000
1 14 15 184320.000000 0.00000000001894 3 -16.2500000000
1 14 16 196608.000000 0.00000000000544 3 -17.2500000000
1 15 0 0.000000 0.02006083913147 0 -4.0000000000
1 15 1 12288.000000 0.01282028574497 0 -4.0000000000
1 15 2 24576.000000 0.00332653359510 7 -4.0000000000
1 15 3 36864.000000 0.00118911790196 4 -4.7500000000
1 15 4 49152.000000 0.00034773713560 5 -5.2500000000
1 15 5 61440.000000 0.00010340183508 3 -6.2500000000
1 15 6 73728.000000 0.00003080935494 3 -7.2500000000
1 15 7 86016.000000 0.00000749103583 4 -8.0000000000
1 15 8 98304.000000 0.00000205427386 3 -9.0000000000
1 15 9 110592.000000 0.00000064050624 3 -10.0000000000
1 15 10 122880.000000 0.00000016876186 4 -10.7500000000
1 15 11 135168.000000 0.00000004314613 3 -11.7500000000
1 15 12 147456.000000 0.00000001160610 3 -12.7500000000
1 15 13 159744.000000 0.00000000278895 3 -13.7500000000
1 15 14 172032.000000 0.00000000066741 3 -14.7500000000
1 15 15 184320.000000 0.00000000016351 3 -15.7500000000
1 15 16 196608.000000 0.00000000004429 3 -16.7500000000
1 16 0 0.000000 0.00422231853008 0 -5.0000000000
1 16 1 12288.000000 0.00218816567212 2 -4.5000000000
1 16 2 24576.000000 0.00041500007501 6 -4.7500000000
1 16 3 36864.000000 0.00014032926993 4 -5.5000000000
1 16 4 49152.000000 0.00004356115460 3 -6.5000000000
1 16 5 61440.000000 0.00001422523474 4 -7.2500000000
1 16 6 73728.000000 0.00000369413078 4 -8.0000000000
1 16 7 86016.000000 0.00000090867138 3 -9.0000000000
1 16 8 98304.000000 0.00000032158576 3 -10.0000000000
1 16 9 110592.000000 0.00000008783822 4 -10.7500000000
1 16 10 122880.000000 0.00000001958921 3 -11.7500000000
1 16 11 135168.000000 0.00000000468196 3 -12.7500000000
1 16 12 147456.000000 0.00000000134455 3 -13.7500000000
1 16 13 159744.000000 0.00000000034853 3 -14.7500000000
1 16 14 172032.000000 0.00000000008740 3 -15.7500000000
1 16 15 184320.000000 0.00000000002184 3 -16.7500000000
1 16 16 196608.000000 0.00000000000652 3 -17.7500000000
1 17 0 0.000000 0.00259340880439 0 -5.0000000000
1 17 1 12288.000000 0.00190601276699 3 -4.2500000000
1 17 2 24576.000000 0.00042964227032 7 -4.2500000000
1 17 3 36864.000000 0.00013307371410 3 -5.2500000000
1 17 4 49152.000000 0.00004202374839 4 -6.0000000000
1 17 5 61440.000000 0.00001083530151 3 -7.0000000000
1 17 6 73728.000000 0.00000300502575 3 -8.0000000000
1 17 7 86016.000000 0.00000085746393 4 -8.7500000000
1 17 8 98304.000000 0.00000022718581 3 -9.7500000000
1 17 9 110592.000000 0.00000005561931 3 -10.7500000000
1 17 10 122880.000000 0.00000001425002 3 -11.7500000000
1 17 11 135168.000000 0.00000000347747 3 -12.7500000000
1 17 12 147456.000000 0.00000000082851 3 -13.7500000000
1 17 13 159744.000000 0.00000000021669 3 -14.7500000000
1 17 14 172032.000000 0.00000000005277 3 -15.7500000000
1 17 15 184320.000000 0.00000000001544 3 -16.7500000000
1 17 16 196608.000000 0.00000000000405 3 -17.7500000000
1 18 0 0.000000 0.00042484875303 0 -5.0000000000
1 18 1 12288.000000 0.00021801168623 1 -4.7500000000
1 18 2 24576.000000 0.00006534958084 5 -5.2500000000
1 18 3 36864.000000 0.00002799016875 3 -6.2500000000
1 18 4 49152.000000 0.00000913567510 5 -6.7500000000
1 18 5 61440.000000 0.00000333985690 4 -7.5000000000
1 18 6 73728.000000 0.00000098847840 3 -8.5000000000
1 18 7 86016.000000 0.00000031957529 4 -9.2500000000
1 18 8 98304.000000 0.00000009026905 4 -10.0000000000
1 18 9 110592.000000 0.00000002346213 3 -11.0000000000
1 18 10 122880.000000 0.00000000601484 3 -12.0000000000
1 18 11 135168.000000 0.00000000157471 3 -13.0000000000
1 18 12 147456.000000 0.00000000038163 3 -14.0000000000
1 18 13 159744.000000 0.00000000008723 3 -15.0000000000
1 18 14 172032.000000 0.00000000002544 3 -16.0000000000
1 18 15 184320.000000 0.00000000000740 3 -17.0000000000
1 18 16 196608.000000 0.00000000000240 3 -18.0000000000
1 19 0 0.000000 0.00010025775555 0 -6.0000000000
1 19 1 12288.000000 0.00005587657870 2 -5.5000000000
1 19 2 24576.000000 0.00001915010034 5 -6.0000000000
1 19 3 36864.000000 0.00000738888457 3 -7.0000000000
1 19 4 49152.000000 0.00000278232301 5 -7.5000000000
1 19 5 61440.000000 0.00000085490427 4 -8.2500000000
1 19 6 73728.000000 0.00000026116479 4 -9.0000000000
1 19 7 86016.000000 0.00000008664402 4 -9.7500000000
1 19 8 98304.000000 0.00000001989571 3 -10.7500000000
1 19 9 110592.000000 0.00000000621300 3 -11.7500000000
1 19 10 122880.000000 0.00000000144556 3 -12.7500000000
1 19 11 135168.000000 0.00000000036074 3 -13.7500000000
1 19 12 147456.000000 0.00000000009095 3 -14.7500000000
1 19 13 159744.000000 0.00000000002170 3 -15.7500000000
1 19 14 172032.000000 0.00000000000651 3 -16.7500000000
1 19 15 184320.000000 0.00000000000262 3 -17.7500000000
1 19 16 196608.000000 0.00000000000147 3 -18.7500000000
1 20 0 0.000000 0.02021086588502 0 -4.0000000000
1 20 1 12288.000000 0.01345193944871 3 -3.2500000000
1 20 2 24576.000000 0.00243868748657 4 -4.0000000000
1 20 3 36864.000000 0.00069907651050 4 -4.7500000000
1 20 4 49152.000000 0.00029124270077 4 -5.5000000000
1 20 5 61440.000000 0.00009038924327 5 -6.0000000000
1 20 6 73728.000000 0.00002694061550 3 -7.0000000000
1 20 7 86016.000000 0.00000724186430 4 -7.7500000000
1 20 8 98304.000000 0.00000208649749 3 -8.7500000000
1 20 9 110592.000000 0.00000047048275 3 -9.7500000000
1 20 10 122880.000000 0.00000012789222 3 -10.7500000000
1 20 11 135168.000000 0.00000003573025 3 -11.7500000000
1 20 12 147456.000000 0.00000000778674 3 -12.7500000000
1 20 13 159744.000000 0.00000000186538 3 -13.7500000000
1 20 14 172032.000000 0.00000000046018 3 -14.7500000000
1 20 15 184320.000000 0.00000000011722 3 -15.7500000000
1 20 16 196608.000000 0.00000000003060 3 -16.7500000000
1 21 0 0.000000 0.00132838939317 0 -5.0000000000
1 21 1 12288.000000 0.00086025835481 1 -4.7500000000
1 21 2 24576.000000 0.00023727508960 7 -4.7500000000
1 21 3 36864.000000 0.00009006207256 4 -5.5000000000
1 21 4 49152.000000 0.00003835887401 5 -6.0000000000
1 21 5 61440.000000 0.00001288599469 3 -7.0000000000
1 21 6 73728.000000 0.00000348185722 4 -7.7500000000
1 21 7 86016.000000 0.00000093468771 3 -8.7500000000
1 21 8 98304.000000 0.00000027517592 4 -9.5000000000
1 21 9 110592.000000 0.00000006593783 3 -10.5000000000
1 21 10 122880.000000 0.00000001546552 3 -11.5000000000
1 21 11 135168.000000 0.00000000398682 3 -12.5000000000
1 21 12 147456.000000 0.00000000097885 3 -13.5000000000
1 21 13 159744.000000 0.00000000025870 3 -14.5000000000
1 21 14 172032.000000 0.00000000006341 3 -15.5000000000
1 21 15 184320.000000 0.00000000001749 3 -16.5000000000
1 21 16 196608.000000 0.00000000000523 3 -17.5000000000
1 22 0 0.000000 0.00086248788284 0 -5.0000000000
1 22 1 12288.000000 0.00071461300831 0 -5.0000000000
1 22 2 24576.000000 0.00011724240903 7 -5.0000000000
1 22 3 36864.000000 0.00003129246397 3 -6.0000000000
1 22 4 49152.000000 0.00001137423624 4 -6.7500000000
1 22 5 61440.000000 0.00000338241216 3 -7.7500000000
1 22 6 73728.000000 0.00000101251123 4 -8.5000000000
1 22 7 86016.000000 0.00000031527881 4 -9.2500000000
1 22 8 98304.000000 0.00000008240338 3 -10.2500000000
1 22 9 110592.000000 0.00000002279584 3 -11.2500000000
1 22 10 122880.000000 0.00000000623780 4 -12.0000000000
1 22 11 135168.000000 0.00000000171834 3 -13.0000000000
1 22 12 147456.000000 0.00000000036851 3 -14.0000000000
1 22 13 159744.000000 0.00000000009611 3 -15.0000000000
1 22 14 172032.000000 0.00000000002607 3 -16.0000000000
1 22 15 184320.000000 0.00000000000763 3 -17.0000000000
1 22 16 196608.000000 0.00000000000246 3 -18.0000000000
1 23 0 0.000000 0.00007517974154 0 -6.0000000000
1 23 1 12288.000000 0.00004409868416 0 -6.0000000000
1 23 2 24576.000000 0.00001429226177 6 -6.2500000000
1 23 3 36864.000000 0.00000566908648 4 -7.0000000000
1 23 4 49152.000000 0.00000220618676 4 -7.7500000000
1 23 5 61440.000000 0.00000078231113 5 -8.2500000000
1 23 6 73728.000000 0.00000026492438 3 -9.2500000000
1 23 7 86016.000000 0.00000007232580 4 -10.0000000000
1 23 8 98304.000000 0.00000002596824 3 -11.0000000000
1 23 9 110592.000000 0.00000000518285 4 -11.7500000000
1 23 10 122880.000000 0.00000000133203 3 -12.7500000000
1 23 11 135168.000000 0.00000000037889 3 -13.7500000000
1 23 12 147456.000000 0.00000000008861 3 -14.7500000000
1 23 13 159744.000000 0.00000000002571 3 -15.7500000000
1 23 14 172032.000000 0.00000000000706 3 -16.7500000000
1 23 15 184320.000000 0.00000000000229 3 -17.7500000000
1 23 16 196608.000000 0.00000000000128 3 -18.7500000000
1 24 0 0.000000 0.00006115968426 0 -6.0000000000
1 24 1 12288.000000 0.00004488986815 0 -6.0000000000
1 24 2 24576.000000 0.00001705608884 6 -6.2500000000
1 24 3 36864.000000 0.00000661488366 6 -6.5000000000
1 24 4 49152.000000 0.00000182253655 3 -7.5000000000
1 24 5 61440.000000 0.00000066127939 4 -8.2500000000
1 24 6 73728.000000 0.00000020146290 4 -9.0000000000
1 24 7 86016.000000 0.00000004984736 3 -10.0000000000
1 24 8 98304.000000 0.00000001332834 3 -11.0000000000
1 24 9 110592.000000 0.00000000316651 3 -12.0000000000
1 24 10 122880.000000 0.00000000086546 3 -13.0000000000
1 24 11 135168.000000 0.00000000025420 3 -14.0000000000
1 24 12 147456.000000 0.00000000007563 4 -14.7500000000
1 24 13 159744.000000 0.00000000001857 3 -15.7500000000
1 24 14 172032.000000 0.00000000000611 3 -16.7500000000
1 24 15 184320.000000 0.00000000000235 3 -17.7500000000
1 24 16 196608.000000 0.00000000000134 3 -18.7500000000
