2 0 0 0.000000 0.02256715297699 0 -2.0000000000
2 0 1 98304.000000 0.01797395758331 0 -2.0000000000
2 0 2 196608.000000 0.00215197075158 0 -3.7500000000
2 0 3 294912.000000 0.00078560417751 4 -4.5000000000
2 0 4 393216.000000 0.00019039661856 4 -5.2500000000
2 0 5 491520.000000 0.00006651671720 3 -6.2500000000
2 0 6 589824.000000 0.00003106822987 3 -7.2500000000
2 0 7 688128.000000 0.00001240457277 5 -7.7500000000
2 0 8 786432.000000 0.00000516756336 5 -8.2500000000
2 0 9 884736.000000 0.00000235732614 5 -8.7500000000
2 0 10 983040.000000 0.00000112079454 3 -9.7500000000
2 0 11 1081344.000000 0.00000037021923 7 -9.7500000000
2 0 12 1179648.000000 0.00000011765646 4 -10.5000000000
2 0 13 1277952.000000 0.00000004056967 3 -11.5000000000
2 0 14 1376256.000000 0.00000001064299 3 -12.5000000000
2 0 15 1474560.000000 0.00000000321331 4 -13.2500000000
2 0 16 1572864.000000 0.00000000061424 3 -14.2500000000
2 1 0 0.000000 0.01583919487894 0 0.0000000000
2 1 1 98304.000000 0.00725204637274 0 0.0000000000
2 1 2 196608.000000 0.00147655489855 4 -0.7500000000
2 1 3 294912.000000 0.00073304772377 3 -1.7500000000
2 1 4 393216.000000 0.00045227067312 4 -2.5000000000
2 1 5 491520.000000 0.00026390916901 3 -3.5000000000
2 1 6 589824.000000 0.00011770198762 4 -4.2500000000
2 1 7 688128.000000 0.00005051387416 7 -4.2500000000
2 1 8 786432.000000 0.00002060264887 3 -5.2500000000
2 1 9 884736.000000 0.00000797999655 5 -5.7500000000
2 1 10 983040.000000 0.00000215010823 3 -6.7500000000
2 1 11 1081344.000000 0.00000070440581 4 -7.5000000000
2 1 12 1179648.000000 0.00000016682117 3 -8.5000000000
2 1 13 1277952.000000 0.00000003498442 3 -9.5000000000
2 1 14 1376256.000000 0.00000000902899 3 -10.5000000000
2 1 15 1474560.000000 0.00000000245768 3 -11.5000000000
2 1 16 1572864.000000 0.00000000060467 3 -12.5000000000
2 2 0 0.000000 0.32140332460403 0 1.0000000000
2 2 1 98304.000000 0.14660273492336 1 1.2500000000
2 2 2 196608.000000 0.02488573268056 6 1.0000000000
2 2 3 294912.000000 0.00817490927875 4 0.2500000000
2 2 4 393216.000000 0.00321971043013 5 -0.2500000000
2 2 5 491520.000000 0.00135005812626 5 -0.7500000000
2 2 6 589824.000000 0.00050967145944 3 -1.7500000000
2 2 7 688128.000000 0.00020163641602 5 -2.2500000000
2 2 8 786432.000000 0.00007724316674 4 -3.0000000000
2 2 9 884736.000000 0.00002349689566 4 -3.7500000000
2 2 10 983040.000000 0.00000720685603 3 -4.7500000000
2 2 11 1081344.000000 0.00000221190498 4 -5.5000000000
2 2 12 1179648.000000 0.00000056411244 3 -6.5000000000
2 2 13 1277952.000000 0.00000012543072 3 -7.5000000000
2 2 14 1376256.000000 0.00000003400987 3 -8.5000000000
2 2 15 1474560.000000 0.00000000782710 3 -9.5000000000
2 2 16 1572864.000000 0.00000000220651 3 -10.5000000000
2 3 0 0.000000 0.00288459169678 0 -1.0000000000
2 3 1 98304.000000 0.00225122878328 0 -1.0000000000
2 3 2 196608.000000 0.00090290914522 0 -2.7500000000
2 3 3 294912.000000 0.00036133453250 2 -4.0000000000
2 3 4 393216.000000 0.00017897169164 5 -4.5000000000
2 3 5 491520.000000 0.00007248015027 6 -4.7500000000
2 3 6 589824.000000 0.00003276756615 5 -5.2500000000
2 3 7 688128.000000 0.00001325981702 4 -6.0000000000
2 3 8 786432.000000 0.00000526195072 4 -6.7500000000
2 3 9 884736.000000 0.00000167633539 5 -7.2500000000
2 3 10 983040.000000 0.00000056296938 4 -8.0000000000
2 3 11 1081344.000000 0.00000018018359 3 -9.0000000000
2 3 12 1179648.000000 0.00000004577864 4 -9.7500000000
2 3 13 1277952.000000 0.00000001338237 3 -10.7500000000
2 3 14 1376256.000000 0.00000000300083 3 -11.7500000000
2 3 15 1474560.000000 0.00000000089036 3 -12.7500000000
2 3 16 1572864.000000 0.00000000017925 3 -13.7500000000
2 4 0 0.000000 0.02630038745701 0 0.0000000000
2 4 1 98304.000000 0.01261663716286 0 0.0000000000
2 4 2 196608.000000 0.00237009790726 5 -0.5000000000
2 4 3 294912.000000 0.00076513382373 4 -1.2500000000
2 4 4 393216.000000 0.00032069423469 5 -1.7500000000
2 4 5 491520.000000 0.00017014081823 4 -2.5000000000
2 4 6 589824.000000 0.00009319387755 4 -3.2500000000
2 4 7 688128.000000 0.00004026404349 3 -4.2500000000
2 4 8 786432.000000 0.00001673230508 4 -5.0000000000
2 4 9 884736.000000 0.00000601049123 4 -5.7500000000
2 4 10 983040.000000 0.00000179359745 4 -6.5000000000
2 4 11 1081344.000000 0.00000050849928 4 -7.2500000000
2 4 12 1179648.000000 0.00000014303983 3 -8.2500000000
2 4 13 1277952.000000 0.00000003162770 3 -9.2500000000
2 4 14 1376256.000000 0.00000000887071 3 -10.2500000000
2 4 15 1474560.000000 0.00000000206692 3 -11.2500000000
2 4 16 1572864.000000 0.00000000049347 3 -12.2500000000
2 5 0 0.000000 0.76519614458084 0 2.0000000000
2 5 1 98304.000000 0.37779328227043 0 2.0000000000
2 5 2 196608.000000 0.05361864343286 4 1.2500000000
2 5 3 294912.000000 0.01683093421161 4 0.5000000000
2 5 4 393216.000000 0.00593783520162 5 0.0000000000
2 5 5 491520.000000 0.00249663228169 5 -0.5000000000
2 5 6 589824.000000 0.00094369699946 4 -1.2500000000
2 5 7 688128.000000 0.00035710277734 4 -2.0000000000
2 5 8 786432.000000 0.00009010171198 4 -2.7500000000
2 5 9 884736.000000 0.00003428768468 4 -3.5000000000
2 5 10 983040.000000 0.00000852359517 3 -4.5000000000
2 5 11 1081344.000000 0.00000215393447 3 -5.5000000000
2 5 12 1179648.000000 0.00000054058768 3 -6.5000000000
2 5 13 1277952.000000 0.00000013400246 3 -7.5000000000
2 5 14 1376256.000000 0.00000003747648 3 -8.5000000000
2 5 15 1474560.000000 0.00000000948991 3 -9.5000000000
2 5 16 1572864.000000 0.00000000213830 3 -10.5000000000
2 6 0 0.000000 0.00500810658559 0 -1.0000000000
2 6 1 98304.000000 0.00280865747482 1 -0.7500000000
2 6 2 196608.000000 0.00098863174208 5 -1.2500000000
2 6 3 294912.000000 0.00064108869992 1 -2.7500000000
2 6 4 393216.000000 0.00028628052678 5 -3.2500000000
2 6 5 491520.000000 0.00012784046703 4 -4.0000000000
2 6 6 589824.000000 0.00005206376954 4 -4.7500000000
2 6 7 688128.000000 0.00002148731073 5 -5.2500000000
2 6 8 786432.000000 0.00000757368434 5 -5.7500000000
2 6 9 884736.000000 0.00000278506900 3 -6.7500000000
2 6 10 983040.000000 0.00000076089896 4 -7.5000000000
2 6 11 1081344.000000 0.00000021534203 3 -8.5000000000
2 6 12 1179648.000000 0.00000006938347 4 -9.2500000000
2 6 13 1277952.000000 0.00000001418459 3 -10.2500000000
2 6 14 1376256.000000 0.00000000344249 3 -11.2500000000
2 6 15 1474560.000000 0.00000000110360 3 -12.2500000000
2 6 16 1572864.000000 0.00000000024892 3 -13.2500000000
2 7 0 0.000000 0.14698500931263 0 1.0000000000
2 7 1 98304.000000 0.05993138253689 0 1.0000000000
2 7 2 196608.000000 0.01010411232710 4 0.2500000000
2 7 3 294912.000000 0.00338116055354 4 -0.5000000000
2 7 4 393216.000000 0.00111474620644 5 -1.0000000000
2 7 5 491520.000000 0.00046426701010 4 -1.7500000000
2 7 6 589824.000000 0.00021993886912 6 -2.0000000000
2 7 7 688128.000000 0.00010653894424 3 -3.0000000000
2 7 8 786432.000000 0.00004215277659 5 -3.5000000000
2 7 9 884736.000000 0.00001521049853 3 -4.5000000000
2 7 10 983040.000000 0.00000476761534 3 -5.5000000000
2 7 11 1081344.000000 0.00000136194706 4 -6.2500000000
2 7 12 1179648.000000 0.00000032871853 3 -7.2500000000
2 7 13 1277952.000000 0.00000008256622 3 -8.2500000000
2 7 14 1376256.000000 0.00000001989008 3 -9.2500000000
2 7 15 1474560.000000 0.00000000493607 3 -10.2500000000
2 7 16 1572864.000000 0.00000000117915 3 -11.2500000000
2 8 0 0.000000 4.00948333740234 0 3.0000000000
2 8 1 98304.000000 3.69676351547241 4 4.0000000000
2 8 2 196608.000000 0.93176549673080 0 2.2500000000
2 8 3 294912.000000 0.29916590452194 4 1.5000000000
2 8 4 393216.000000 0.12542882561684 4 0.7500000000
2 8 5 491520.000000 0.03583408519626 6 0.5000000000
2 8 6 589824.000000 0.01499834377319 4 -0.2500000000
2 8 7 688128.000000 0.00445164227858 4 -1.0000000000
2 8 8 786432.000000 0.00111401674803 4 -1.7500000000
2 8 9 884736.000000 0.00037732635974 3 -2.7500000000
2 8 10 983040.000000 0.00007881017518 3 -3.7500000000
2 8 11 1081344.000000 0.00002598239735 3 -4.7500000000
2 8 12 1179648.000000 0.00000710538734 3 -5.7500000000
2 8 13 1277952.000000 0.00000145104468 3 -6.7500000000
2 8 14 1376256.000000 0.00000038152120 3 -7.7500000000
2 8 15 1474560.000000 0.00000009074814 3 -8.7500000000
2 8 16 1572864.000000 0.00000002311444 3 -9.7500000000
