1 0 0 0.000000 0.00001237045399 0 -3.0000000000
1 0 1 12288.000000 0.00000773633747 0 -3.0000000000
1 0 2 24576.000000 0.00000309826373 4 -3.7500000000
1 0 3 36864.000000 0.00000112706255 4 -4.5000000000
1 0 4 49152.000000 0.00000044688485 5 -5.0000000000
1 0 5 61440.000000 0.00000017020398 4 -5.7500000000
1 0 6 73728.000000 0.00000006061722 4 -6.5000000000
1 0 7 86016.000000 0.00000001709148 4 -7.2500000000
1 0 8 98304.000000 0.00000000549921 4 -8.0000000000
1 0 9 110592.000000 0.00000000150650 3 -9.0000000000
1 0 10 122880.000000 0.00000000033950 3 -10.0000000000
1 0 11 135168.000000 0.00000000008167 3 -11.0000000000
1 0 12 147456.000000 0.00000000002061 3 -12.0000000000
1 0 13 159744.000000 0.00000000000591 3 -13.0000000000
1 0 14 172032.000000 0.00000000000211 3 -14.0000000000
1 0 15 184320.000000 0.00000000000096 3 -15.0000000000
1 0 16 196608.000000 0.00000000000063 3 -16.0000000000
1 1 0 0.000000 0.00013016852608 0 -1.0000000000
1 1 1 12288.000000 0.00008959743718 0 -1.0000000000
1 1 2 24576.000000 0.00002261598092 2 -2.2500000000
1 1 3 36864.000000 0.00000859731972 4 -3.0000000000
1 1 4 49152.000000 0.00000296146413 5 -3.5000000000
1 1 5 61440.000000 0.00000095044464 4 -4.2500000000
1 1 6 73728.000000 0.00000030622479 3 -5.2500000000
1 1 7 86016.000000 0.00000007655509 4 -6.0000000000
1 1 8 98304.000000 0.00000001881320 3 -7.0000000000
1 1 9 110592.000000 0.00000000584683 3 -8.0000000000
1 1 10 122880.000000 0.00000000177372 4 -8.7500000000
1 1 11 135168.000000 0.00000000041235 3 -9.7500000000
1 1 12 147456.000000 0.00000000009663 3 -10.7500000000
1 1 13 159744.000000 0.00000000002832 3 -11.7500000000
1 1 14 172032.000000 0.00000000000750 3 -12.7500000000
1 1 15 184320.000000 0.00000000000217 3 -13.7500000000
1 1 16 196608.000000 0.00000000000102 3 -14.7500000000
1 2 0 0.000000 0.00109835108742 0 0.0000000000
1 2 1 12288.000000 0.00057026545983 0 0.0000000000
1 2 2 24576.000000 0.00012539738964 2 -1.2500000000
1 2 3 36864.000000 0.00003606654718 5 -1.7500000000
1 2 4 49152.000000 0.00001277144111 3 -2.7500000000
1 2 5 61440.000000 0.00000366806171 4 -3.5000000000
1 2 6 73728.000000 0.00000101525461 4 -4.2500000000
1 2 7 86016.000000 0.00000034636943 3 -5.2500000000
1 2 8 98304.000000 0.00000008197033 4 -6.0000000000
1 2 9 110592.000000 0.00000002000696 3 -7.0000000000
1 2 10 122880.000000 0.00000000487030 3 -8.0000000000
1 2 11 135168.000000 0.00000000134885 3 -9.0000000000
1 2 12 147456.000000 0.00000000033857 3 -10.0000000000
1 2 13 159744.000000 0.00000000008478 3 -11.0000000000
1 2 14 172032.000000 0.00000000002016 3 -12.0000000000
1 2 15 184320.000000 0.00000000000529 3 -13.0000000000
1 2 16 196608.000000 0.00000000000189 3 -14.0000000000
1 3 0 0.000000 0.00529981125146 0 1.0000000000
1 3 1 12288.000000 0.00278514763340 0 1.0000000000
1 3 2 24576.000000 0.00075085624121 3 0.0000000000
1 3 3 36864.000000 0.00024373350607 4 -0.7500000000
1 3 4 49152.000000 0.00007428028766 5 -1.2500000000
1 3 5 61440.000000 0.00002314125231 4 -2.0000000000
1 3 6 73728.000000 0.00000774322598 4 -2.7500000000
1 3 7 86016.000000 0.00000223283860 3 -3.7500000000
1 3 8 98304.000000 0.00000056356515 3 -4.7500000000
1 3 9 110592.000000 0.00000016545489 4 -5.5000000000
1 3 10 122880.000000 0.00000004612518 3 -6.5000000000
1 3 11 135168.000000 0.00000001131191 3 -7.5000000000
1 3 12 147456.000000 0.00000000265154 3 -8.5000000000
1 3 13 159744.000000 0.00000000068715 3 -9.5000000000
1 3 14 172032.000000 0.00000000016963 3 -10.5000000000
1 3 15 184320.000000 0.00000000004499 3 -11.5000000000
1 3 16 196608.000000 0.00000000001179 3 -12.5000000000
1 4 0 0.000000 0.08381176739931 0 2.0000000000
1 4 1 12288.000000 0.04686217382550 1 2.2500000000
1 4 2 24576.000000 0.00715667707846 5 1.7500000000
1 4 3 36864.000000 0.00196055532433 4 1.0000000000
1 4 4 49152.000000 0.00059998937650 3 0.0000000000
1 4 5 61440.000000 0.00017384931562 4 -0.7500000000
1 4 6 73728.000000 0.00005045693979 3 -1.7500000000
1 4 7 86016.000000 0.00001459388659 4 -2.5000000000
1 4 8 98304.000000 0.00000484993234 4 -3.2500000000
1 4 9 110592.000000 0.00000119664708 3 -4.2500000000
1 4 10 122880.000000 0.00000030802201 3 -5.2500000000
1 4 11 135168.000000 0.00000007439085 3 -6.2500000000
1 4 12 147456.000000 0.00000001806321 3 -7.2500000000
1 4 13 159744.000000 0.00000000459670 3 -8.2500000000
1 4 14 172032.000000 0.00000000124582 3 -9.2500000000
1 4 15 184320.000000 0.00000000029635 3 -10.2500000000
1 4 16 196608.000000 0.00000000006900 3 -11.2500000000
1 5 0 0.000000 0.00002094566844 0 -2.0000000000
1 5 1 12288.000000 0.00001578262163 0 -2.0000000000
1 5 2 24576.000000 0.00000470653822 0 -3.7500000000
1 5 3 36864.000000 0.00000159028457 5 -4.2500000000
1 5 4 49152.000000 0.00000065151738 5 -4.7500000000
1 5 5 61440.000000 0.00000022646057 4 -5.5000000000
1 5 6 73728.000000 0.00000005808831 4 -6.2500000000
1 5 7 86016.000000 0.00000002006252 4 -7.0000000000
1 5 8 98304.000000 0.00000000530636 3 -8.0000000000
1 5 9 110592.000000 0.00000000134892 3 -9.0000000000
1 5 10 122880.000000 0.00000000032517 3 -10.0000000000
1 5 11 135168.000000 0.00000000007728 3 -11.0000000000
1 5 12 147456.000000 0.00000000002061 3 -12.0000000000
1 5 13 159744.000000 0.00000000000630 3 -13.0000000000
1 5 14 172032.000000 0.00000000000201 3 -14.0000000000
1 5 15 184320.000000 0.00000000000099 3 -15.0000000000
1 5 16 196608.000000 0.00000000000062 3 -16.0000000000
1 6 0 0.000000 0.00018016413378 0 -1.0000000000
1 6 1 12288.000000 0.00011230228120 0 -1.0000000000
1 6 2 24576.000000 0.00002790542931 3 -2.0000000000
1 6 3 36864.000000 0.00000984278358 4 -2.7500000000
1 6 4 49152.000000 0.00000424875952 5 -3.2500000000
1 6 5 61440.000000 0.00000161886578 3 -4.2500000000
1 6 6 73728.000000 0.00000063529887 5 -4.7500000000
1 6 7 86016.000000 0.00000021446620 5 -5.2500000000
1 6 8 98304.000000 0.00000005745196 3 -6.2500000000
1 6 9 110592.000000 0.00000001481351 3 -7.2500000000
1 6 10 122880.000000 0.00000000333846 3 -8.2500000000
1 6 11 135168.000000 0.00000000082385 3 -9.2500000000
1 6 12 147456.000000 0.00000000019762 3 -10.2500000000
1 6 13 159744.000000 0.00000000005624 3 -11.2500000000
1 6 14 172032.000000 0.00000000001254 3 -12.2500000000
1 6 15 184320.000000 0.00000000000372 3 -13.2500000000
1 6 16 196608.000000 0.00000000000160 3 -14.2500000000
1 7 0 0.000000 0.00136631052010 0 0.0000000000
1 7 1 12288.000000 0.00074446504004 0 0.0000000000
1 7 2 24576.000000 0.00016149353178 3 -1.0000000000
1 7 3 36864.000000 0.00005256143049 5 -1.5000000000
1 7 4 49152.000000 0.00001700071880 4 -2.2500000000
1 7 5 61440.000000 0.00000509150095 3 -3.2500000000
1 7 6 73728.000000 0.00000144443857 4 -4.0000000000
1 7 7 86016.000000 0.00000044149206 3 -5.0000000000
1 7 8 98304.000000 0.00000012795735 4 -5.7500000000
1 7 9 110592.000000 0.00000003230961 3 -6.7500000000
1 7 10 122880.000000 0.00000001022120 4 -7.5000000000
1 7 11 135168.000000 0.00000000291932 3 -8.5000000000
1 7 12 147456.000000 0.00000000061646 3 -9.5000000000
1 7 13 159744.000000 0.00000000016750 3 -10.5000000000
1 7 14 172032.000000 0.00000000003929 3 -11.5000000000
1 7 15 184320.000000 0.00000000001086 3 -12.5000000000
1 7 16 196608.000000 0.00000000000305 3 -13.5000000000
1 8 0 0.000000 0.01107147056609 0 1.0000000000
1 8 1 12288.000000 0.00769051816314 4 2.0000000000
1 8 2 24576.000000 0.00162283983082 2 0.7500000000
1 8 3 36864.000000 0.00050214427756 4 0.0000000000
1 8 4 49152.000000 0.00017244549235 3 -1.0000000000
1 8 5 61440.000000 0.00005968219193 5 -1.5000000000
1 8 6 73728.000000 0.00002114982090 4 -2.2500000000
1 8 7 86016.000000 0.00000568443193 3 -3.2500000000
1 8 8 98304.000000 0.00000141760927 4 -4.0000000000
1 8 9 110592.000000 0.00000040470604 3 -5.0000000000
1 8 10 122880.000000 0.00000008964730 3 -6.0000000000
1 8 11 135168.000000 0.00000002448377 3 -7.0000000000
1 8 12 147456.000000 0.00000000596833 3 -8.0000000000
1 8 13 159744.000000 0.00000000154964 3 -9.0000000000
1 8 14 172032.000000 0.00000000034305 3 -10.0000000000
1 8 15 184320.000000 0.00000000010163 3 -11.0000000000
1 8 16 196608.000000 0.00000000002448 3 -12.0000000000
1 9 0 0.000000 0.38223436474800 0 3.0000000000
1 9 1 12288.000000 0.17629210650921 1 3.2500000000
1 9 2 24576.000000 0.03135988488793 2 2.0000000000
1 9 3 36864.000000 0.01096402015537 3 1.0000000000
1 9 4 49152.000000 0.00265804817900 6 0.7500000000
1 9 5 61440.000000 0.00095958297607 4 0.0000000000
1 9 6 73728.000000 0.00033533835085 4 -0.7500000000
1 9 7 86016.000000 0.00009869498172 4 -1.5000000000
1 9 8 98304.000000 0.00003224785542 4 -2.2500000000
1 9 9 110592.000000 0.00000776581328 3 -3.2500000000
1 9 10 122880.000000 0.00000263087145 3 -4.2500000000
1 9 11 135168.000000 0.00000058133145 3 -5.2500000000
1 9 12 147456.000000 0.00000011479094 3 -6.2500000000
1 9 13 159744.000000 0.00000003323816 3 -7.2500000000
1 9 14 172032.000000 0.00000000977422 3 -8.2500000000
1 9 15 184320.000000 0.00000000222827 3 -9.2500000000
1 9 16 196608.000000 0.00000000045822 3 -10.2500000000
1 10 0 0.000000 0.00003494579141 0 -2.0000000000
1 10 1 12288.000000 0.00002314768972 0 -2.0000000000
1 10 2 24576.000000 0.00000663452511 2 -3.2500000000
1 10 3 36864.000000 0.00000264871983 5 -3.7500000000
1 10 4 49152.000000 0.00000098133830 4 -4.5000000000
1 10 5 61440.000000 0.00000039373188 5 -5.0000000000
1 10 6 73728.000000 0.00000012378020 3 -6.0000000000
1 10 7 86016.000000 0.00000003897963 4 -6.7500000000
1 10 8 98304.000000 0.00000001013984 4 -7.5000000000
1 10 9 110592.000000 0.00000000243319 3 -8.5000000000
1 10 10 122880.000000 0.00000000076529 3 -9.5000000000
1 10 11 135168.000000 0.00000000017286 3 -10.5000000000
1 10 12 147456.000000 0.00000000004576 3 -11.5000000000
1 10 13 159744.000000 0.00000000001135 3 -12.5000000000
1 10 14 172032.000000 0.00000000000328 3 -13.5000000000
1 10 15 184320.000000 0.00000000000120 3 -14.5000000000
1 10 16 196608.000000 0.00000000000077 3 -15.5000000000
1 11 0 0.000000 0.00027112785028 0 -1.0000000000
1 11 1 12288.000000 0.00017479965754 0 -1.0000000000
1 11 2 24576.000000 0.00004216764864 4 -1.7500000000
1 11 3 36864.000000 0.00001536355194 4 -2.5000000000
1 11 4 49152.000000 0.00000595406300 4 -3.2500000000
1 11 5 61440.000000 0.00000241452153 5 -3.7500000000
1 11 6 73728.000000 0.00000075432899 4 -4.5000000000
1 11 7 86016.000000 0.00000025919735 4 -5.2500000000
1 11 8 98304.000000 0.00000008028542 4 -6.0000000000
1 11 9 110592.000000 0.00000001901791 3 -7.0000000000
1 11 10 122880.000000 0.00000000489392 3 -8.0000000000
1 11 11 135168.000000 0.00000000118740 3 -9.0000000000
1 11 12 147456.000000 0.00000000029540 3 -10.0000000000
1 11 13 159744.000000 0.00000000008462 3 -11.0000000000
1 11 14 172032.000000 0.00000000001981 3 -12.0000000000
1 11 15 184320.000000 0.00000000000550 3 -13.0000000000
1 11 16 196608.000000 0.00000000000206 3 -14.0000000000
1 12 0 0.000000 0.00190283614211 0 0.0000000000
1 12 1 12288.000000 0.00119538267609 0 0.0000000000
1 12 2 24576.000000 0.00025556483888 5 -0.5000000000
1 12 3 36864.000000 0.00008429770241 4 -1.2500000000
1 12 4 49152.000000 0.00002497820606 4 -2.0000000000
1 12 5 61440.000000 0.00000724375832 3 -3.0000000000
1 12 6 73728.000000 0.00000181369421 4 -3.7500000000
1 12 7 86016.000000 0.00000056545082 3 -4.7500000000
1 12 8 98304.000000 0.00000017842885 4 -5.5000000000
1 12 9 110592.000000 0.00000004174669 3 -6.5000000000
1 12 10 122880.000000 0.00000001042810 3 -7.5000000000
1 12 11 135168.000000 0.00000000265559 3 -8.5000000000
1 12 12 147456.000000 0.00000000066194 3 -9.5000000000
1 12 13 159744.000000 0.00000000017169 3 -10.5000000000
1 12 14 172032.000000 0.00000000003954 3 -11.5000000000
1 12 15 184320.000000 0.00000000001095 3 -12.5000000000
1 12 16 196608.000000 0.00000000000315 3 -13.5000000000
1 13 0 0.000000 0.01561746746302 0 1.0000000000
1 13 1 12288.000000 0.00677963392809 3 1.7500000000
1 13 2 24576.000000 0.00165145448409 3 0.7500000000
1 13 3 36864.000000 0.00047435576562 4 0.0000000000
1 13 4 49152.000000 0.00016415964637 4 -0.7500000000
1 13 5 61440.000000 0.00004702082515 4 -1.5000000000
1 13 6 73728.000000 0.00001524590971 3 -2.5000000000
1 13 7 86016.000000 0.00000486423778 4 -3.2500000000
1 13 8 98304.000000 0.00000146583830 4 -4.0000000000
1 13 9 110592.000000 0.00000036395758 3 -5.0000000000
1 13 10 122880.000000 0.00000009061678 3 -6.0000000000
1 13 11 135168.000000 0.00000002414545 3 -7.0000000000
1 13 12 147456.000000 0.00000000629080 3 -8.0000000000
1 13 13 159744.000000 0.00000000152108 3 -9.0000000000
1 13 14 172032.000000 0.00000000038466 3 -10.0000000000
1 13 15 184320.000000 0.00000000008796 3 -11.0000000000
1 13 16 196608.000000 0.00000000002197 3 -12.0000000000
1 14 0 0.000000 0.49177742004395 0 3.0000000000
1 14 1 12288.000000 0.20980677008629 1 3.2500000000
1 14 2 24576.000000 0.04620227962732 6 3.0000000000
1 14 3 36864.000000 0.01431463472545 2 1.7500000000
1 14 4 49152.000000 0.00492417253554 5 1.2500000000
1 14 5 61440.000000 0.00150572310667 4 0.5000000000
1 14 6 73728.000000 0.00054007722065 4 -0.2500000000
1 14 7 86016.000000 0.00016256286472 4 -1.0000000000
1 14 8 98304.000000 0.00003881057637 3 -2.0000000000
1 14 9 110592.000000 0.00001029122268 3 -3.0000000000
1 14 10 122880.000000 0.00000339135499 3 -4.0000000000
1 14 11 135168.000000 0.00000093361757 4 -4.7500000000
1 14 12 147456.000000 0.00000020394631 3 -5.7500000000
1 14 13 159744.000000 0.00000005179372 3 -6.7500000000
1 14 14 172032.000000 0.00000001302684 3 -7.7500000000
1 14 15 184320.000000 0.00000000358199 3 -8.7500000000
1 14 16 196608.000000 0.00000000081274 3 -9.7500000000
1 15 0 0.000000 0.00005709431571 0 -2.0000000000
1 15 1 12288.000000 0.00003483680121 0 -2.0000000000
1 15 2 24576.000000 0.00001005803097 4 -2.7500000000
1 15 3 36864.000000 0.00000336435801 4 -3.5000000000
1 15 4 49152.000000 0.00000117991863 4 -4.2500000000
1 15 5 61440.000000 0.00000046204281 4 -5.0000000000
1 15 6 73728.000000 0.00000014893729 4 -5.7500000000
1 15 7 86016.000000 0.00000004443661 4 -6.5000000000
1 15 8 98304.000000 0.00000001373317 4 -7.2500000000
1 15 9 110592.000000 0.00000000328291 3 -8.2500000000
1 15 10 122880.000000 0.00000000092006 3 -9.2500000000
1 15 11 135168.000000 0.00000000024693 3 -10.2500000000
1 15 12 147456.000000 0.00000000005133 3 -11.2500000000
1 15 13 159744.000000 0.00000000001446 3 -12.2500000000
1 15 14 172032.000000 0.00000000000398 3 -13.2500000000
1 15 15 184320.000000 0.00000000000162 3 -14.2500000000
1 15 16 196608.000000 0.00000000000080 3 -15.2500000000
1 16 0 0.000000 0.00043954752618 0 -1.0000000000
1 16 1 12288.000000 0.00022500543855 0 -1.0000000000
1 16 2 24576.000000 0.00006051504170 5 -1.5000000000
1 16 3 36864.000000 0.00002206808858 4 -2.2500000000
1 16 4 49152.000000 0.00000780205846 4 -3.0000000000
1 16 5 61440.000000 0.00000289549735 5 -3.5000000000
1 16 6 73728.000000 0.00000096432336 3 -4.5000000000
1 16 7 86016.000000 0.00000028357937 4 -5.2500000000
1 16 8 98304.000000 0.00000007725733 4 -6.0000000000
1 16 9 110592.000000 0.00000002088714 3 -7.0000000000
1 16 10 122880.000000 0.00000000482275 3 -8.0000000000
1 16 11 135168.000000 0.00000000125692 3 -9.0000000000
1 16 12 147456.000000 0.00000000029986 3 -10.0000000000
1 16 13 159744.000000 0.00000000007679 3 -11.0000000000
1 16 14 172032.000000 0.00000000001937 3 -12.0000000000
1 16 15 184320.000000 0.00000000000494 3 -13.0000000000
1 16 16 196608.000000 0.00000000000182 3 -14.0000000000
1 17 0 0.000000 0.00254678493366 0 0.0000000000
1 17 1 12288.000000 0.00126071705017 1 0.2500000000
1 17 2 24576.000000 0.00029537858791 4 -0.5000000000
1 17 3 36864.000000 0.00010237509559 4 -1.2500000000
1 17 4 49152.000000 0.00003259319783 4 -2.0000000000
1 17 5 61440.000000 0.00001151263496 4 -2.7500000000
1 17 6 73728.000000 0.00000308279641 4 -3.5000000000
1 17 7 86016.000000 0.00000096821043 4 -4.2500000000
1 17 8 98304.000000 0.00000024729525 3 -5.2500000000
1 17 9 110592.000000 0.00000006762723 3 -6.2500000000
1 17 10 122880.000000 0.00000002424149 4 -7.0000000000
1 17 11 135168.000000 0.00000000550346 3 -8.0000000000
1 17 12 147456.000000 0.00000000134000 3 -9.0000000000
1 17 13 159744.000000 0.00000000036161 3 -10.0000000000
1 17 14 172032.000000 0.00000000008069 3 -11.0000000000
1 17 15 184320.000000 0.00000000002216 3 -12.0000000000
1 17 16 196608.000000 0.00000000000641 3 -13.0000000000
1 18 0 0.000000 0.02616498805583 0 2.0000000000
1 18 1 12288.000000 0.01688586361706 0 2.0000000000
1 18 2 24576.000000 0.00269026355818 4 1.2500000000
1 18 3 36864.000000 0.00090853887377 4 0.5000000000
1 18 4 49152.000000 0.00029752316186 3 -0.5000000000
1 18 5 61440.000000 0.00007692348299 4 -1.2500000000
1 18 6 73728.000000 0.00002284463335 3 -2.2500000000
1 18 7 86016.000000 0.00000752147116 4 -3.0000000000
1 18 8 98304.000000 0.00000207220046 3 -4.0000000000
1 18 9 110592.000000 0.00000058725976 4 -4.7500000000
1 18 10 122880.000000 0.00000014723315 3 -5.7500000000
1 18 11 135168.000000 0.00000003659692 3 -6.7500000000
1 18 12 147456.000000 0.00000000942292 3 -7.7500000000
1 18 13 159744.000000 0.00000000226519 3 -8.7500000000
1 18 14 172032.000000 0.00000000056531 3 -9.7500000000
1 18 15 184320.000000 0.00000000014774 3 -10.7500000000
1 18 16 196608.000000 0.00000000004047 3 -11.7500000000
1 19 0 0.000000 0.90552532672882 0 3.0000000000
1 19 1 12288.000000 0.45128512382507 1 3.2500000000
1 19 2 24576.000000 0.08092672377825 6 3.0000000000
1 19 3 36864.000000 0.02876335196197 5 2.5000000000
1 19 4 49152.000000 0.01105432957411 4 1.7500000000
1 19 5 61440.000000 0.00381196360104 5 1.2500000000
1 19 6 73728.000000 0.00116464775056 4 0.5000000000
1 19 7 86016.000000 0.00033830504981 3 -0.5000000000
1 19 8 98304.000000 0.00007916418690 3 -1.5000000000
1 19 9 110592.000000 0.00002678214332 4 -2.2500000000
1 19 10 122880.000000 0.00000649821004 3 -3.2500000000
1 19 11 135168.000000 0.00000174567492 3 -4.2500000000
1 19 12 147456.000000 0.00000041292614 3 -5.2500000000
1 19 13 159744.000000 0.00000009753219 3 -6.2500000000
1 19 14 172032.000000 0.00000002121672 3 -7.2500000000
1 19 15 184320.000000 0.00000000685282 3 -8.2500000000
1 19 16 196608.000000 0.00000000159675 3 -9.2500000000
1 20 0 0.000000 0.00008704472566 0 -2.0000000000
1 20 1 12288.000000 0.00005264325591 0 -2.0000000000
1 20 2 24576.000000 0.00001597683877 4 -2.7500000000
1 20 3 36864.000000 0.00000572789804 5 -3.2500000000
1 20 4 49152.000000 0.00000206858613 5 -3.7500000000
1 20 5 61440.000000 0.00000076377461 4 -4.5000000000
1 20 6 73728.000000 0.00000022491282 4 -5.2500000000
1 20 7 86016.000000 0.00000005451075 3 -6.2500000000
1 20 8 98304.000000 0.00000001700753 3 -7.2500000000
1 20 9 110592.000000 0.00000000429943 3 -8.2500000000
1 20 10 122880.000000 0.00000000127157 4 -9.0000000000
1 20 11 135168.000000 0.00000000031969 3 -10.0000000000
1 20 12 147456.000000 0.00000000008193 3 -11.0000000000
1 20 13 159744.000000 0.00000000001980 3 -12.0000000000
1 20 14 172032.000000 0.00000000000586 3 -13.0000000000
1 20 15 184320.000000 0.00000000000198 3 -14.0000000000
1 20 16 196608.000000 0.00000000000094 3 -15.0000000000
1 21 0 0.000000 0.00063304434298 0 0.0000000000
1 21 1 12288.000000 0.00040510128019 0 0.0000000000
1 21 2 24576.000000 0.00009841524297 2 -1.2500000000
1 21 3 36864.000000 0.00003433261736 4 -2.0000000000
1 21 4 49152.000000 0.00001136076844 4 -2.7500000000
1 21 5 61440.000000 0.00000351320978 5 -3.2500000000
1 21 6 73728.000000 0.00000111667839 3 -4.2500000000
1 21 7 86016.000000 0.00000034701037 4 -5.0000000000
1 21 8 98304.000000 0.00000008586067 3 -6.0000000000
1 21 9 110592.000000 0.00000002449162 3 -7.0000000000
1 21 10 122880.000000 0.00000000698121 4 -7.7500000000
1 21 11 135168.000000 0.00000000181490 3 -8.7500000000
1 21 12 147456.000000 0.00000000046070 3 -9.7500000000
1 21 13 159744.000000 0.00000000010690 3 -10.7500000000
1 21 14 172032.000000 0.00000000002659 3 -11.7500000000
1 21 15 184320.000000 0.00000000000720 3 -12.7500000000
1 21 16 196608.000000 0.00000000000235 3 -13.7500000000
1 22 0 0.000000 0.00415801489726 0 1.0000000000
1 22 1 12288.000000 0.00270002172329 0 1.0000000000
1 22 2 24576.000000 0.00061962933978 4 0.2500000000
1 22 3 36864.000000 0.00017550805933 4 -0.5000000000
1 22 4 49152.000000 0.00004757560600 3 -1.5000000000
1 22 5 61440.000000 0.00001152758705 3 -2.5000000000
1 22 6 73728.000000 0.00000384932309 3 -3.5000000000
1 22 7 86016.000000 0.00000108985023 4 -4.2500000000
1 22 8 98304.000000 0.00000032084134 3 -5.2500000000
1 22 9 110592.000000 0.00000008199466 4 -6.0000000000
1 22 10 122880.000000 0.00000002296619 3 -7.0000000000
1 22 11 135168.000000 0.00000000527582 3 -8.0000000000
1 22 12 147456.000000 0.00000000147720 3 -9.0000000000
1 22 13 159744.000000 0.00000000035233 3 -10.0000000000
1 22 14 172032.000000 0.00000000007640 3 -11.0000000000
1 22 15 184320.000000 0.00000000002230 3 -12.0000000000
1 22 16 196608.000000 0.00000000000594 3 -13.0000000000
1 23 0 0.000000 0.04021194949746 0 2.0000000000
1 23 1 12288.000000 0.01688027568161 0 2.0000000000
1 23 2 24576.000000 0.00385414646007 5 1.5000000000
1 23 3 36864.000000 0.00113567279186 4 0.7500000000
1 23 4 49152.000000 0.00037786937901 3 -0.2500000000
1 23 5 61440.000000 0.00010652656783 4 -1.0000000000
1 23 6 73728.000000 0.00003255825504 3 -2.0000000000
1 23 7 86016.000000 0.00000847996762 4 -2.7500000000
1 23 8 98304.000000 0.00000287724174 3 -3.7500000000
1 23 9 110592.000000 0.00000058095384 3 -4.7500000000
1 23 10 122880.000000 0.00000013758149 3 -5.7500000000
1 23 11 135168.000000 0.00000003568866 3 -6.7500000000
1 23 12 147456.000000 0.00000000861206 3 -7.7500000000
1 23 13 159744.000000 0.00000000228075 3 -8.7500000000
1 23 14 172032.000000 0.00000000064675 3 -9.7500000000
1 23 15 184320.000000 0.00000000019727 4 -10.5000000000
1 23 16 196608.000000 0.00000000005526 3 -11.5000000000
1 24 0 0.000000 7.61150312423706 0 5.0000000000
1 24 1 12288.000000 6.12637186050415 1 5.2500000000
1 24 2 24576.000000 2.23611617088318 1 3.7500000000
1 24 3 36864.000000 0.49160113930702 5 3.2500000000
1 24 4 49152.000000 0.19377532601357 6 3.0000000000
1 24 5 61440.000000 0.07819832861423 2 1.7500000000
1 24 6 73728.000000 0.02350880391896 5 1.2500000000
1 24 7 86016.000000 0.00665139593184 3 0.2500000000
1 24 8 98304.000000 0.00204816949554 3 -0.7500000000
1 24 9 110592.000000 0.00052046502242 4 -1.5000000000
1 24 10 122880.000000 0.00010179189849 3 -2.5000000000
1 24 11 135168.000000 0.00003020948861 4 -3.2500000000
1 24 12 147456.000000 0.00000662907951 2 -4.5000000000
1 24 13 159744.000000 0.00000217281854 3 -5.5000000000
1 24 14 172032.000000 0.00000074239654 3 -6.5000000000
1 24 15 184320.000000 0.00000009703957 3 -7.5000000000
1 24 16 196608.000000 0.00000003896816 4 -8.2500000000
