3 0 0 0.000000 0.08063347637653 0 -2.0000000000
3 0 1 73728.000000 0.04955618828535 0 -2.0000000000
3 0 2 147456.000000 0.00526139885187 1 -3.5000000000
3 0 3 221184.000000 0.00167763640638 3 -4.5000000000
3 0 4 294912.000000 0.00072865496622 4 -5.2500000000
3 0 5 368640.000000 0.00023926721769 4 -6.0000000000
3 0 6 442368.000000 0.00008360650827 5 -6.5000000000
3 0 7 516096.000000 0.00002165097794 3 -7.5000000000
3 0 8 589824.000000 0.00000865890615 4 -8.2500000000
3 0 9 663552.000000 0.00000340724978 4 -9.0000000000
3 0 10 737280.000000 0.00000144782962 5 -9.5000000000
3 0 11 811008.000000 0.00000049917907 4 -10.2500000000
3 0 12 884736.000000 0.00000014466528 4 -11.0000000000
3 0 13 958464.000000 0.00000004309305 3 -12.0000000000
3 0 14 1032192.000000 0.00000001406048 4 -12.7500000000
3 0 15 1105920.000000 0.00000000354853 3 -13.7500000000
3 0 16 1179648.000000 0.00000000065054 3 -14.7500000000
3 1 0 0.000000 0.01574162393808 0 0.0000000000
3 1 1 73728.000000 0.00958640035242 0 0.0000000000
3 1 2 147456.000000 0.00326235708781 4 -0.7500000000
3 1 3 221184.000000 0.00219478295185 0 -2.5000000000
3 1 4 294912.000000 0.00085110194050 3 -3.5000000000
3 1 5 368640.000000 0.00034293151111 5 -4.0000000000
3 1 6 442368.000000 0.00013325743203 4 -4.7500000000
3 1 7 516096.000000 0.00004963927859 4 -5.5000000000
3 1 8 589824.000000 0.00001652867286 4 -6.2500000000
3 1 9 663552.000000 0.00000628760699 4 -7.0000000000
3 1 10 737280.000000 0.00000180421750 4 -7.7500000000
3 1 11 811008.000000 0.00000061890864 4 -8.5000000000
3 1 12 884736.000000 0.00000016199542 3 -9.5000000000
3 1 13 958464.000000 0.00000004477842 3 -10.5000000000
3 1 14 1032192.000000 0.00000000914833 3 -11.5000000000
3 1 15 1105920.000000 0.00000000249375 3 -12.5000000000
3 1 16 1179648.000000 0.00000000063229 3 -13.5000000000
3 2 0 0.000000 0.22831600904465 0 1.0000000000
3 2 1 73728.000000 0.10297513008118 0 1.0000000000
3 2 2 147456.000000 0.01848549768329 6 0.7500000000
3 2 3 221184.000000 0.00641088793054 4 0.0000000000
3 2 4 294912.000000 0.00229983055033 3 -1.0000000000
3 2 5 368640.000000 0.00097831792664 5 -1.5000000000
3 2 6 442368.000000 0.00036373367766 4 -2.2500000000
3 2 7 516096.000000 0.00016919853806 3 -3.2500000000
3 2 8 589824.000000 0.00005603822137 4 -4.0000000000
3 2 9 663552.000000 0.00001495444303 3 -5.0000000000
3 2 10 737280.000000 0.00000451676851 3 -6.0000000000
3 2 11 811008.000000 0.00000152148186 3 -7.0000000000
3 2 12 884736.000000 0.00000039530198 4 -7.7500000000
3 2 13 958464.000000 0.00000008912522 3 -8.7500000000
3 2 14 1032192.000000 0.00000002141528 3 -9.7500000000
3 2 15 1105920.000000 0.00000000596817 3 -10.7500000000
3 2 16 1179648.000000 0.00000000133925 3 -11.7500000000
3 3 0 0.000000 0.02676790952682 0 -1.0000000000
3 3 1 73728.000000 0.02299063652754 1 -0.7500000000
3 3 2 147456.000000 0.01041582506150 0 -2.5000000000
3 3 3 221184.000000 0.00129333673976 1 -4.0000000000
3 3 4 294912.000000 0.00044788038940 3 -5.0000000000
3 3 5 368640.000000 0.00019006035291 5 -5.5000000000
3 3 6 442368.000000 0.00007514781464 3 -6.5000000000
3 3 7 516096.000000 0.00003145168375 5 -7.0000000000
3 3 8 589824.000000 0.00001260834597 5 -7.5000000000
3 3 9 663552.000000 0.00000473819591 3 -8.5000000000
3 3 10 737280.000000 0.00000169719056 6 -8.7500000000
3 3 11 811008.000000 0.00000054106999 3 -9.7500000000
3 3 12 884736.000000 0.00000017789274 4 -10.5000000000
3 3 13 958464.000000 0.00000004037362 3 -11.5000000000
3 3 14 1032192.000000 0.00000001259743 4 -12.2500000000
3 3 15 1105920.000000 0.00000000392254 3 -13.2500000000
3 3 16 1179648.000000 0.00000000064635 3 -14.2500000000
3 4 0 0.000000 0.03265999630094 0 0.0000000000
3 4 1 73728.000000 0.01634700968862 0 0.0000000000
3 4 2 147456.000000 0.00340279517695 5 -0.5000000000
3 4 3 221184.000000 0.00127853045706 4 -1.2500000000
3 4 4 294912.000000 0.00071896606823 4 -2.0000000000
3 4 5 368640.000000 0.00040744029684 2 -3.2500000000
3 4 6 442368.000000 0.00017304992070 3 -4.2500000000
3 4 7 516096.000000 0.00006097930600 5 -4.7500000000
3 4 8 589824.000000 0.00001715036160 4 -5.5000000000
3 4 9 663552.000000 0.00000529313274 3 -6.5000000000
3 4 10 737280.000000 0.00000159855188 4 -7.2500000000
3 4 11 811008.000000 0.00000037961857 3 -8.2500000000
3 4 12 884736.000000 0.00000009501517 3 -9.2500000000
3 4 13 958464.000000 0.00000002522724 3 -10.2500000000
3 4 14 1032192.000000 0.00000000666711 3 -11.2500000000
3 4 15 1105920.000000 0.00000000211894 4 -12.0000000000
3 4 16 1179648.000000 0.00000000053678 3 -13.0000000000
3 5 0 0.000000 0.53560525178909 0 2.0000000000
3 5 1 73728.000000 0.30056774616241 0 2.0000000000
3 5 2 147456.000000 0.04060582816601 2 0.7500000000
3 5 3 221184.000000 0.01908987388015 5 0.2500000000
3 5 4 294912.000000 0.01028346270323 4 -0.5000000000
3 5 5 368640.000000 0.00455613667145 7 -0.5000000000
3 5 6 442368.000000 0.00174779468216 5 -1.0000000000
3 5 7 516096.000000 0.00059555610642 3 -2.0000000000
3 5 8 589824.000000 0.00019456067821 4 -2.7500000000
3 5 9 663552.000000 0.00006608440162 3 -3.7500000000
3 5 10 737280.000000 0.00001916240763 3 -4.7500000000
3 5 11 811008.000000 0.00000513384475 3 -5.7500000000
3 5 12 884736.000000 0.00000124834901 3 -6.7500000000
3 5 13 958464.000000 0.00000029418987 3 -7.7500000000
3 5 14 1032192.000000 0.00000007793653 3 -8.7500000000
3 5 15 1105920.000000 0.00000001839787 3 -9.7500000000
3 5 16 1179648.000000 0.00000000473272 3 -10.7500000000
3 6 0 0.000000 0.00708575919271 0 -1.0000000000
3 6 1 73728.000000 0.00516691058874 0 -1.0000000000
3 6 2 147456.000000 0.00224918848835 0 -2.7500000000
3 6 3 221184.000000 0.00090983748669 4 -3.5000000000
3 6 4 294912.000000 0.00043297000229 4 -4.2500000000
3 6 5 368640.000000 0.00018321498646 5 -4.7500000000
3 6 6 442368.000000 0.00006904113980 4 -5.5000000000
3 6 7 516096.000000 0.00002599295658 5 -6.0000000000
3 6 8 589824.000000 0.00000933993306 4 -6.7500000000
3 6 9 663552.000000 0.00000339524263 4 -7.5000000000
3 6 10 737280.000000 0.00000093070781 4 -8.2500000000
3 6 11 811008.000000 0.00000027760728 3 -9.2500000000
3 6 12 884736.000000 0.00000008671811 3 -10.2500000000
3 6 13 958464.000000 0.00000002041168 4 -11.0000000000
3 6 14 1032192.000000 0.00000000554771 3 -12.0000000000
3 6 15 1105920.000000 0.00000000129521 3 -13.0000000000
3 6 16 1179648.000000 0.00000000042392 3 -14.0000000000
3 7 0 0.000000 0.11691511422396 0 1.0000000000
3 7 1 73728.000000 0.05262528732419 0 1.0000000000
3 7 2 147456.000000 0.00673772115260 2 -0.2500000000
3 7 3 221184.000000 0.00250224373303 5 -0.7500000000
3 7 4 294912.000000 0.00122919573914 4 -1.5000000000
3 7 5 368640.000000 0.00063876720378 4 -2.2500000000
3 7 6 442368.000000 0.00033609833918 5 -2.7500000000
3 7 7 516096.000000 0.00016554071044 4 -3.5000000000
3 7 8 589824.000000 0.00007070325228 4 -4.2500000000
3 7 9 663552.000000 0.00001876454917 4 -5.0000000000
3 7 10 737280.000000 0.00000556800660 3 -6.0000000000
3 7 11 811008.000000 0.00000157227953 3 -7.0000000000
3 7 12 884736.000000 0.00000051527360 4 -7.7500000000
3 7 13 958464.000000 0.00000011076064 3 -8.7500000000
3 7 14 1032192.000000 0.00000002905912 3 -9.7500000000
3 7 15 1105920.000000 0.00000000741008 3 -10.7500000000
3 7 16 1179648.000000 0.00000000190019 3 -11.7500000000
3 8 0 0.000000 3.47181653976440 0 2.0000000000
3 8 1 73728.000000 3.08177280426025 5 3.2500000000
3 8 2 147456.000000 0.40044954419136 0 1.5000000000
3 8 3 221184.000000 0.09874844551086 4 0.7500000000
3 8 4 294912.000000 0.04584965482354 3 -0.2500000000
3 8 5 368640.000000 0.01179712172598 6 -0.5000000000
3 8 6 442368.000000 0.00445858994499 4 -1.2500000000
3 8 7 516096.000000 0.00168043258600 4 -2.0000000000
3 8 8 589824.000000 0.00055475934641 4 -2.7500000000
3 8 9 663552.000000 0.00017395956093 3 -3.7500000000
3 8 10 737280.000000 0.00006013083475 3 -4.7500000000
3 8 11 811008.000000 0.00001366125798 4 -5.5000000000
3 8 12 884736.000000 0.00000331513024 3 -6.5000000000
3 8 13 958464.000000 0.00000093799628 3 -7.5000000000
3 8 14 1032192.000000 0.00000022299325 3 -8.5000000000
3 8 15 1105920.000000 0.00000006281333 3 -9.5000000000
3 8 16 1179648.000000 0.00000001681246 3 -10.5000000000
