4 0 0 0.000000 0.02445419132710 0 -3.0000000000
4 0 1 49152.000000 0.01567590609193 0 -3.0000000000
4 0 2 98304.000000 0.00454190466553 6 -3.2500000000
4 0 3 147456.000000 0.00158790370915 4 -4.0000000000
4 0 4 196608.000000 0.00037798236008 5 -4.5000000000
4 0 5 245760.000000 0.00009721696551 3 -5.5000000000
4 0 6 294912.000000 0.00002762647637 4 -6.2500000000
4 0 7 344064.000000 0.00000639003292 3 -7.2500000000
4 0 8 393216.000000 0.00000220187280 4 -8.0000000000
4 0 9 442368.000000 0.00000044393235 2 -9.2500000000
4 0 10 491520.000000 0.00000010372090 3 -10.2500000000
4 0 11 540672.000000 0.00000002674721 3 -11.2500000000
4 0 12 589824.000000 0.00000000730081 3 -12.2500000000
4 0 13 638976.000000 0.00000000148688 3 -13.2500000000
4 0 14 688128.000000 0.00000000050180 3 -14.2500000000
4 0 15 737280.000000 0.00000000013165 3 -15.2500000000
4 0 16 786432.000000 0.00000000002666 3 -16.2500000000
4 1 0 0.000000 0.00784227717668 0 -1.0000000000
4 1 1 49152.000000 0.00461264839396 0 -1.0000000000
4 1 2 98304.000000 0.00109838414937 3 -2.0000000000
4 1 3 147456.000000 0.00047064071987 2 -3.2500000000
4 1 4 196608.000000 0.00018889593775 6 -3.5000000000
4 1 5 245760.000000 0.00007671364438 3 -4.5000000000
4 1 6 294912.000000 0.00002450943248 3 -5.5000000000
4 1 7 344064.000000 0.00000837848802 4 -6.2500000000
4 1 8 393216.000000 0.00000226697830 4 -7.0000000000
4 1 9 442368.000000 0.00000069282629 4 -7.7500000000
4 1 10 491520.000000 0.00000016808096 3 -8.7500000000
4 1 11 540672.000000 0.00000004340393 3 -9.7500000000
4 1 12 589824.000000 0.00000001042615 3 -10.7500000000
4 1 13 638976.000000 0.00000000344648 3 -11.7500000000
4 1 14 688128.000000 0.00000000100603 4 -12.5000000000
4 1 15 737280.000000 0.00000000023238 3 -13.5000000000
4 1 16 786432.000000 0.00000000005589 3 -14.5000000000
4 2 0 0.000000 0.10093487054110 0 0.0000000000
4 2 1 49152.000000 0.04574390128255 0 0.0000000000
4 2 2 98304.000000 0.00894581247121 6 -0.2500000000
4 2 3 147456.000000 0.00277461740188 2 -1.5000000000
4 2 4 196608.000000 0.00097026559524 5 -2.0000000000
4 2 5 245760.000000 0.00037154002348 4 -2.7500000000
4 2 6 294912.000000 0.00014997911057 5 -3.2500000000
4 2 7 344064.000000 0.00004867710231 4 -4.0000000000
4 2 8 393216.000000 0.00001265129049 3 -5.0000000000
4 2 9 442368.000000 0.00000378070172 3 -6.0000000000
4 2 10 491520.000000 0.00000108088932 4 -6.7500000000
4 2 11 540672.000000 0.00000027445964 3 -7.7500000000
4 2 12 589824.000000 0.00000006457768 3 -8.7500000000
4 2 13 638976.000000 0.00000001682920 3 -9.7500000000
4 2 14 688128.000000 0.00000000419061 3 -10.7500000000
4 2 15 737280.000000 0.00000000106769 3 -11.7500000000
4 2 16 786432.000000 0.00000000026424 3 -12.7500000000
4 3 0 0.000000 0.00300638214685 0 -2.0000000000
4 3 1 49152.000000 0.00212519569322 0 -2.0000000000
4 3 2 98304.000000 0.00051913288189 1 -3.5000000000
4 3 3 147456.000000 0.00019026288646 4 -4.2500000000
4 3 4 196608.000000 0.00005596134724 5 -4.7500000000
4 3 5 245760.000000 0.00001704977512 3 -5.7500000000
4 3 6 294912.000000 0.00000632732554 5 -6.2500000000
4 3 7 344064.000000 0.00000199998749 3 -7.2500000000
4 3 8 393216.000000 0.00000066131105 4 -8.0000000000
4 3 9 442368.000000 0.00000018943085 4 -8.7500000000
4 3 10 491520.000000 0.00000005468069 3 -9.7500000000
4 3 11 540672.000000 0.00000001298932 3 -10.7500000000
4 3 12 589824.000000 0.00000000469746 4 -11.5000000000
4 3 13 638976.000000 0.00000000110276 3 -12.5000000000
4 3 14 688128.000000 0.00000000025803 3 -13.5000000000
4 3 15 737280.000000 0.00000000006552 3 -14.5000000000
4 3 16 786432.000000 0.00000000001554 3 -15.5000000000
4 4 0 0.000000 0.02549229934812 0 -1.0000000000
4 4 1 49152.000000 0.01212621200830 1 -0.7500000000
4 4 2 98304.000000 0.00226329825819 4 -1.5000000000
4 4 3 147456.000000 0.00073146010982 4 -2.2500000000
4 4 4 196608.000000 0.00027048756601 4 -3.0000000000
4 4 5 245760.000000 0.00009817465616 3 -4.0000000000
4 4 6 294912.000000 0.00003623202065 4 -4.7500000000
4 4 7 344064.000000 0.00001139838787 4 -5.5000000000
4 4 8 393216.000000 0.00000357177464 4 -6.2500000000
4 4 9 442368.000000 0.00000110236556 3 -7.2500000000
4 4 10 491520.000000 0.00000029083944 4 -8.0000000000
4 4 11 540672.000000 0.00000007035696 3 -9.0000000000
4 4 12 589824.000000 0.00000001638218 3 -10.0000000000
4 4 13 638976.000000 0.00000000462309 3 -11.0000000000
4 4 14 688128.000000 0.00000000128448 3 -12.0000000000
4 4 15 737280.000000 0.00000000027780 3 -13.0000000000
4 4 16 786432.000000 0.00000000006803 3 -14.0000000000
4 5 0 0.000000 0.24562157690525 0 1.0000000000
4 5 1 49152.000000 0.12436179071665 0 1.0000000000
4 5 2 98304.000000 0.01683426275849 2 -0.2500000000
4 5 3 147456.000000 0.00527476193383 4 -1.0000000000
4 5 4 196608.000000 0.00179410562851 4 -1.7500000000
4 5 5 245760.000000 0.00064120528987 5 -2.2500000000
4 5 6 294912.000000 0.00021807810117 4 -3.0000000000
4 5 7 344064.000000 0.00008470087050 3 -4.0000000000
4 5 8 393216.000000 0.00002277419298 4 -4.7500000000
4 5 9 442368.000000 0.00000582999110 3 -5.7500000000
4 5 10 491520.000000 0.00000153984831 3 -6.7500000000
4 5 11 540672.000000 0.00000043737396 3 -7.7500000000
4 5 12 589824.000000 0.00000012826749 4 -8.5000000000
4 5 13 638976.000000 0.00000003111048 3 -9.5000000000
4 5 14 688128.000000 0.00000000823921 3 -10.5000000000
4 5 15 737280.000000 0.00000000206191 3 -11.5000000000
4 5 16 786432.000000 0.00000000050278 3 -12.5000000000
4 6 0 0.000000 0.00330909108743 0 -2.0000000000
4 6 1 49152.000000 0.00192425632849 0 -2.0000000000
4 6 2 98304.000000 0.00061911338707 3 -3.0000000000
4 6 3 147456.000000 0.00023161184799 4 -3.7500000000
4 6 4 196608.000000 0.00008805812831 4 -4.5000000000
4 6 5 245760.000000 0.00003425854084 5 -5.0000000000
4 6 6 294912.000000 0.00001340495692 3 -6.0000000000
4 6 7 344064.000000 0.00000426967017 5 -6.5000000000
4 6 8 393216.000000 0.00000139584006 4 -7.2500000000
4 6 9 442368.000000 0.00000039534535 3 -8.2500000000
4 6 10 491520.000000 0.00000012068681 4 -9.0000000000
4 6 11 540672.000000 0.00000002778009 3 -10.0000000000
4 6 12 589824.000000 0.00000000720548 3 -11.0000000000
4 6 13 638976.000000 0.00000000193638 3 -12.0000000000
4 6 14 688128.000000 0.00000000047483 3 -13.0000000000
4 6 15 737280.000000 0.00000000011483 3 -14.0000000000
4 6 16 786432.000000 0.00000000003058 3 -15.0000000000
4 7 0 0.000000 0.07610230147839 0 0.0000000000
4 7 1 49152.000000 0.02590087614954 0 0.0000000000
4 7 2 98304.000000 0.00430581439286 4 -0.7500000000
4 7 3 147456.000000 0.00131717731711 3 -1.7500000000
4 7 4 196608.000000 0.00044034820166 4 -2.5000000000
4 7 5 245760.000000 0.00018073160027 4 -3.2500000000
4 7 6 294912.000000 0.00006098508311 3 -4.2500000000
4 7 7 344064.000000 0.00001908316699 4 -5.0000000000
4 7 8 393216.000000 0.00000578483741 3 -6.0000000000
4 7 9 442368.000000 0.00000158409682 4 -6.7500000000
4 7 10 491520.000000 0.00000043059998 3 -7.7500000000
4 7 11 540672.000000 0.00000010027654 3 -8.7500000000
4 7 12 589824.000000 0.00000003242463 3 -9.7500000000
4 7 13 638976.000000 0.00000000817998 4 -10.5000000000
4 7 14 688128.000000 0.00000000212591 3 -11.5000000000
4 7 15 737280.000000 0.00000000058358 3 -12.5000000000
4 7 16 786432.000000 0.00000000013561 3 -13.5000000000
4 8 0 0.000000 6.29667377471924 0 2.0000000000
4 8 1 49152.000000 4.70566892623901 2 2.5000000000
4 8 2 98304.000000 0.70304757356644 3 1.5000000000
4 8 3 147456.000000 0.17023527622223 4 0.7500000000
4 8 4 196608.000000 0.06296689063311 5 0.2500000000
4 8 5 245760.000000 0.02357413806021 3 -0.7500000000
4 8 6 294912.000000 0.00714898435399 5 -1.2500000000
4 8 7 344064.000000 0.00177435658406 3 -2.2500000000
4 8 8 393216.000000 0.00047251762589 3 -3.2500000000
4 8 9 442368.000000 0.00011620693840 3 -4.2500000000
4 8 10 491520.000000 0.00003442715388 3 -5.2500000000
4 8 11 540672.000000 0.00000853269194 3 -6.2500000000
4 8 12 589824.000000 0.00000258960222 4 -7.0000000000
4 8 13 638976.000000 0.00000060279115 3 -8.0000000000
4 8 14 688128.000000 0.00000015779246 3 -9.0000000000
4 8 15 737280.000000 0.00000004875826 3 -10.0000000000
4 8 16 786432.000000 0.00000001135855 3 -11.0000000000
