3 0 0 0.000000 3.54641151428223 0 -4.0000000000
3 0 1 73728.000000 1.53782355785370 0 -4.0000000000
3 0 2 147456.000000 0.16970036923885 5 -4.5000000000
3 0 3 221184.000000 0.06036300212145 4 -5.2500000000
3 0 4 294912.000000 0.02032338455319 4 -6.0000000000
3 0 5 368640.000000 0.00764517346397 4 -6.7500000000
3 0 6 442368.000000 0.00240552495234 4 -7.5000000000
3 0 7 516096.000000 0.00073749932926 4 -8.2500000000
3 0 8 589824.000000 0.00026725657517 4 -9.0000000000
3 0 9 663552.000000 0.00007439519686 4 -9.7500000000
3 0 10 737280.000000 0.00001940374932 3 -10.7500000000
3 0 11 811008.000000 0.00000581861013 3 -11.7500000000
3 0 12 884736.000000 0.00000162066374 4 -12.5000000000
3 0 13 958464.000000 0.00000040529008 3 -13.5000000000
3 0 14 1032192.000000 0.00000010203568 3 -14.5000000000
3 0 15 1105920.000000 0.00000002529344 3 -15.5000000000
3 0 16 1179648.000000 0.00000000686130 3 -16.5000000000
3 1 0 0.000000 0.38216215372086 0 -4.0000000000
3 1 1 73728.000000 0.16090157628059 0 -4.0000000000
3 1 2 147456.000000 0.02735703624785 5 -4.5000000000
3 1 3 221184.000000 0.01019344571978 4 -5.2500000000
3 1 4 294912.000000 0.00351112941280 5 -5.7500000000
3 1 5 368640.000000 0.00110762554687 4 -6.5000000000
3 1 6 442368.000000 0.00040232742322 4 -7.2500000000
3 1 7 516096.000000 0.00011925170111 4 -8.0000000000
3 1 8 589824.000000 0.00003110756006 3 -9.0000000000
3 1 9 663552.000000 0.00000769150392 3 -10.0000000000
3 1 10 737280.000000 0.00000211419342 3 -11.0000000000
3 1 11 811008.000000 0.00000048893833 3 -12.0000000000
3 1 12 884736.000000 0.00000012944396 3 -13.0000000000
3 1 13 958464.000000 0.00000003901546 3 -14.0000000000
3 1 14 1032192.000000 0.00000000999563 4 -14.7500000000
3 1 15 1105920.000000 0.00000000253120 3 -15.7500000000
3 1 16 1179648.000000 0.00000000064243 3 -16.7500000000
3 2 0 0.000000 0.09952444583178 0 -4.0000000000
3 2 1 73728.000000 0.03238718211651 0 -4.0000000000
3 2 2 147456.000000 0.00498648639768 3 -5.0000000000
3 2 3 221184.000000 0.00176053133328 4 -5.7500000000
3 2 4 294912.000000 0.00074889906682 5 -6.2500000000
3 2 5 368640.000000 0.00032723808545 5 -6.7500000000
3 2 6 442368.000000 0.00011838130013 4 -7.5000000000
3 2 7 516096.000000 0.00003994911822 4 -8.2500000000
3 2 8 589824.000000 0.00001130746205 4 -9.0000000000
3 2 9 663552.000000 0.00000292065715 3 -10.0000000000
3 2 10 737280.000000 0.00000092612305 3 -11.0000000000
3 2 11 811008.000000 0.00000022546452 4 -11.7500000000
3 2 12 884736.000000 0.00000005978747 3 -12.7500000000
3 2 13 958464.000000 0.00000001587590 3 -13.7500000000
3 2 14 1032192.000000 0.00000000357561 3 -14.7500000000
3 2 15 1105920.000000 0.00000000091268 3 -15.7500000000
3 2 16 1179648.000000 0.00000000023141 3 -16.7500000000
3 3 0 0.000000 0.47758159041405 0 -4.0000000000
3 3 1 73728.000000 0.21343694627285 0 -4.0000000000
3 3 2 147456.000000 0.02832957729697 5 -4.5000000000
3 3 3 221184.000000 0.01191404648125 4 -5.2500000000
3 3 4 294912.000000 0.00467681325972 4 -6.0000000000
3 3 5 368640.000000 0.00202556815930 5 -6.5000000000
3 3 6 442368.000000 0.00084825447993 5 -7.0000000000
3 3 7 516096.000000 0.00022400608577 4 -7.7500000000
3 3 8 589824.000000 0.00006460650184 3 -8.7500000000
3 3 9 663552.000000 0.00001927341509 4 -9.5000000000
3 3 10 737280.000000 0.00000415705244 3 -10.5000000000
3 3 11 811008.000000 0.00000113444673 3 -11.5000000000
3 3 12 884736.000000 0.00000029823607 3 -12.5000000000
3 3 13 958464.000000 0.00000006925395 3 -13.5000000000
3 3 14 1032192.000000 0.00000001763294 3 -14.5000000000
3 3 15 1105920.000000 0.00000000454368 3 -15.5000000000
3 3 16 1179648.000000 0.00000000119284 3 -16.5000000000
3 4 0 0.000000 0.02711390145123 0 -5.0000000000
3 4 1 73728.000000 0.01297324988991 1 -4.7500000000
3 4 2 147456.000000 0.00264035305008 6 -5.0000000000
3 4 3 221184.000000 0.00088745576795 4 -5.7500000000
3 4 4 294912.000000 0.00030628865352 3 -6.7500000000
3 4 5 368640.000000 0.00011823200475 4 -7.5000000000
3 4 6 442368.000000 0.00004052308213 5 -8.0000000000
3 4 7 516096.000000 0.00001257828080 4 -8.7500000000
3 4 8 589824.000000 0.00000364682523 3 -9.7500000000
3 4 9 663552.000000 0.00000104963181 4 -10.5000000000
3 4 10 737280.000000 0.00000026193740 3 -11.5000000000
3 4 11 811008.000000 0.00000006356836 3 -12.5000000000
3 4 12 884736.000000 0.00000001568456 3 -13.5000000000
3 4 13 958464.000000 0.00000000423085 3 -14.5000000000
3 4 14 1032192.000000 0.00000000097829 3 -15.5000000000
3 4 15 1105920.000000 0.00000000027372 3 -16.5000000000
3 4 16 1179648.000000 0.00000000007098 3 -17.5000000000
3 5 0 0.000000 0.00435330485925 0 -5.0000000000
3 5 1 73728.000000 0.00206135585904 0 -5.0000000000
3 5 2 147456.000000 0.00048451698967 5 -5.5000000000
3 5 3 221184.000000 0.00018750908202 4 -6.2500000000
3 5 4 294912.000000 0.00009202292131 4 -7.0000000000
3 5 5 368640.000000 0.00004701699436 5 -7.5000000000
3 5 6 442368.000000 0.00002217314068 7 -7.5000000000
3 5 7 516096.000000 0.00000715808528 4 -8.2500000000
3 5 8 589824.000000 0.00000221385562 4 -9.0000000000
3 5 9 663552.000000 0.00000054434310 3 -10.0000000000
3 5 10 737280.000000 0.00000014705277 3 -11.0000000000
3 5 11 811008.000000 0.00000003581226 3 -12.0000000000
3 5 12 884736.000000 0.00000000879217 3 -13.0000000000
3 5 13 958464.000000 0.00000000218541 3 -14.0000000000
3 5 14 1032192.000000 0.00000000057687 3 -15.0000000000
3 5 15 1105920.000000 0.00000000012774 3 -16.0000000000
3 5 16 1179648.000000 0.00000000003555 3 -17.0000000000
3 6 0 0.000000 0.09645132720470 0 -4.0000000000
3 6 1 73728.000000 0.03152914345264 0 -4.0000000000
3 6 2 147456.000000 0.00433829519898 3 -5.0000000000
3 6 3 221184.000000 0.00168425799347 4 -5.7500000000
3 6 4 294912.000000 0.00066873483593 4 -6.5000000000
3 6 5 368640.000000 0.00026210513897 5 -7.0000000000
3 6 6 442368.000000 0.00011632444512 5 -7.5000000000
3 6 7 516096.000000 0.00004595311475 5 -8.0000000000
3 6 8 589824.000000 0.00001206398156 3 -9.0000000000
3 6 9 663552.000000 0.00000350115511 3 -10.0000000000
3 6 10 737280.000000 0.00000107877258 4 -10.7500000000
3 6 11 811008.000000 0.00000027198573 3 -11.7500000000
3 6 12 884736.000000 0.00000006575453 3 -12.7500000000
3 6 13 958464.000000 0.00000001552529 3 -13.7500000000
3 6 14 1032192.000000 0.00000000395765 3 -14.7500000000
3 6 15 1105920.000000 0.00000000101228 3 -15.7500000000
3 6 16 1179648.000000 0.00000000023635 3 -16.7500000000
3 7 0 0.000000 0.00298671564087 0 -5.0000000000
3 7 1 73728.000000 0.00153339793906 0 -5.0000000000
3 7 2 147456.000000 0.00028888820088 4 -5.7500000000
3 7 3 221184.000000 0.00009314469935 4 -6.5000000000
3 7 4 294912.000000 0.00003368670150 3 -7.5000000000
3 7 5 368640.000000 0.00001147165494 5 -8.0000000000
3 7 6 442368.000000 0.00000412572945 4 -8.7500000000
3 7 7 516096.000000 0.00000124532789 4 -9.5000000000
3 7 8 589824.000000 0.00000036946983 4 -10.2500000000
3 7 9 663552.000000 0.00000010050638 3 -11.2500000000
3 7 10 737280.000000 0.00000002440004 3 -12.2500000000
3 7 11 811008.000000 0.00000000820936 4 -13.0000000000
3 7 12 884736.000000 0.00000000223150 3 -14.0000000000
3 7 13 958464.000000 0.00000000052444 3 -15.0000000000
3 7 14 1032192.000000 0.00000000012398 3 -16.0000000000
3 7 15 1105920.000000 0.00000000003174 3 -17.0000000000
3 7 16 1179648.000000 0.00000000000850 3 -18.0000000000
3 8 0 0.000000 0.00068714586087 0 -6.0000000000
3 8 1 73728.000000 0.00049868086353 1 -5.7500000000
3 8 2 147456.000000 0.00011494552018 7 -5.7500000000
3 8 3 221184.000000 0.00004627292583 4 -6.5000000000
3 8 4 294912.000000 0.00001907272599 4 -7.2500000000
3 8 5 368640.000000 0.00000860530963 5 -7.7500000000
3 8 6 442368.000000 0.00000327762245 6 -8.0000000000
3 8 7 516096.000000 0.00000111253974 4 -8.7500000000
3 8 8 589824.000000 0.00000030640851 3 -9.7500000000
3 8 9 663552.000000 0.00000009576585 4 -10.5000000000
3 8 10 737280.000000 0.00000002240458 3 -11.5000000000
3 8 11 811008.000000 0.00000000634434 3 -12.5000000000
3 8 12 884736.000000 0.00000000160058 3 -13.5000000000
3 8 13 958464.000000 0.00000000037161 3 -14.5000000000
3 8 14 1032192.000000 0.00000000009985 3 -15.5000000000
3 8 15 1105920.000000 0.00000000002286 3 -16.5000000000
3 8 16 1179648.000000 0.00000000000664 3 -17.5000000000
