2 0 0 0.000000 4.76656913757324 0 -4.0000000000
2 0 1 98304.000000 3.04354000091553 0 -4.0000000000
2 0 2 196608.000000 0.38597020506859 5 -4.5000000000
2 0 3 294912.000000 0.12630410492420 6 -4.7500000000
2 0 4 393216.000000 0.03565816581249 4 -5.5000000000
2 0 5 491520.000000 0.01170301251113 4 -6.2500000000
2 0 6 589824.000000 0.00384382507764 4 -7.0000000000
2 0 7 688128.000000 0.00114167889114 4 -7.7500000000
2 0 8 786432.000000 0.00031332997605 3 -8.7500000000
2 0 9 884736.000000 0.00009522628534 3 -9.7500000000
2 0 10 983040.000000 0.00002653677439 4 -10.5000000000
2 0 11 1081344.000000 0.00000606175354 3 -11.5000000000
2 0 12 1179648.000000 0.00000148808738 3 -12.5000000000
2 0 13 1277952.000000 0.00000037296726 3 -13.5000000000
2 0 14 1376256.000000 0.00000010004958 3 -14.5000000000
2 0 15 1474560.000000 0.00000002421133 3 -15.5000000000
2 0 16 1572864.000000 0.00000000634673 3 -16.5000000000
2 1 0 0.000000 0.52492481470108 0 -4.0000000000
2 1 1 98304.000000 0.22326242923737 0 -4.0000000000
2 1 2 196608.000000 0.03877031803131 6 -4.2500000000
2 1 3 294912.000000 0.01308885589242 5 -4.7500000000
2 1 4 393216.000000 0.00543756270781 4 -5.5000000000
2 1 5 491520.000000 0.00184145779349 4 -6.2500000000
2 1 6 589824.000000 0.00062073767185 5 -6.7500000000
2 1 7 688128.000000 0.00016032764688 3 -7.7500000000
2 1 8 786432.000000 0.00004987934153 4 -8.5000000000
2 1 9 884736.000000 0.00001392875220 3 -9.5000000000
2 1 10 983040.000000 0.00000366257223 3 -10.5000000000
2 1 11 1081344.000000 0.00000096723875 3 -11.5000000000
2 1 12 1179648.000000 0.00000019589797 3 -12.5000000000
2 1 13 1277952.000000 0.00000005635188 3 -13.5000000000
2 1 14 1376256.000000 0.00000001315711 3 -14.5000000000
2 1 15 1474560.000000 0.00000000333715 3 -15.5000000000
2 1 16 1572864.000000 0.00000000079240 3 -16.5000000000
2 2 0 0.000000 0.11077320575714 0 -4.0000000000
2 2 1 98304.000000 0.03678670525551 0 -4.0000000000
2 2 2 196608.000000 0.00525317341089 4 -4.7500000000
2 2 3 294912.000000 0.00196075905114 4 -5.5000000000
2 2 4 393216.000000 0.00088654854335 5 -6.0000000000
2 2 5 491520.000000 0.00042653712444 5 -6.5000000000
2 2 6 589824.000000 0.00018518115394 6 -6.7500000000
2 2 7 688128.000000 0.00005326431346 3 -7.7500000000
2 2 8 786432.000000 0.00001641088420 4 -8.5000000000
2 2 9 884736.000000 0.00000438055577 3 -9.5000000000
2 2 10 983040.000000 0.00000117482409 3 -10.5000000000
2 2 11 1081344.000000 0.00000037374190 3 -11.5000000000
2 2 12 1179648.000000 0.00000009089393 4 -12.2500000000
2 2 13 1277952.000000 0.00000002239326 3 -13.2500000000
2 2 14 1376256.000000 0.00000000581768 3 -14.2500000000
2 2 15 1474560.000000 0.00000000143789 3 -15.2500000000
2 2 16 1572864.000000 0.00000000038781 3 -16.2500000000
2 3 0 0.000000 0.42791554331779 0 -4.0000000000
2 3 1 98304.000000 0.20465037226677 0 -4.0000000000
2 3 2 196608.000000 0.02715963870287 5 -4.5000000000
2 3 3 294912.000000 0.00812408421189 4 -5.2500000000
2 3 4 393216.000000 0.00292525882833 4 -6.0000000000
2 3 5 491520.000000 0.00111428555101 4 -6.7500000000
2 3 6 589824.000000 0.00042997885612 5 -7.2500000000
2 3 7 688128.000000 0.00017139541160 5 -7.7500000000
2 3 8 786432.000000 0.00004717727279 3 -8.7500000000
2 3 9 884736.000000 0.00001098749544 3 -9.7500000000
2 3 10 983040.000000 0.00000316582077 3 -10.7500000000
2 3 11 1081344.000000 0.00000109986456 4 -11.5000000000
2 3 12 1179648.000000 0.00000025642686 3 -12.5000000000
2 3 13 1277952.000000 0.00000006045099 3 -13.5000000000
2 3 14 1376256.000000 0.00000001504633 3 -14.5000000000
2 3 15 1474560.000000 0.00000000384145 3 -15.5000000000
2 3 16 1572864.000000 0.00000000104433 3 -16.5000000000
2 4 0 0.000000 0.02937817387283 0 -5.0000000000
2 4 1 98304.000000 0.01350780669600 1 -4.7500000000
2 4 2 196608.000000 0.00185842183419 5 -5.2500000000
2 4 3 294912.000000 0.00062054529553 4 -6.0000000000
2 4 4 393216.000000 0.00017743490753 3 -7.0000000000
2 4 5 491520.000000 0.00005549086200 4 -7.7500000000
2 4 6 589824.000000 0.00001833578790 5 -8.2500000000
2 4 7 688128.000000 0.00000618663444 3 -9.2500000000
2 4 8 786432.000000 0.00000163622792 4 -10.0000000000
2 4 9 884736.000000 0.00000042832701 3 -11.0000000000
2 4 10 983040.000000 0.00000011105440 3 -12.0000000000
2 4 11 1081344.000000 0.00000003056996 3 -13.0000000000
2 4 12 1179648.000000 0.00000000723164 3 -14.0000000000
2 4 13 1277952.000000 0.00000000218733 3 -15.0000000000
2 4 14 1376256.000000 0.00000000061779 4 -15.7500000000
2 4 15 1474560.000000 0.00000000014710 3 -16.7500000000
2 4 16 1572864.000000 0.00000000004182 3 -17.7500000000
2 5 0 0.000000 0.00416212482378 0 -5.0000000000
2 5 1 98304.000000 0.00201711524278 0 -5.0000000000
2 5 2 196608.000000 0.00031524992664 4 -5.7500000000
2 5 3 294912.000000 0.00009207207040 4 -6.5000000000
2 5 4 393216.000000 0.00003370970808 5 -7.0000000000
2 5 5 491520.000000 0.00001246165630 4 -7.7500000000
2 5 6 589824.000000 0.00000451355936 4 -8.5000000000
2 5 7 688128.000000 0.00000167082680 3 -9.5000000000
2 5 8 786432.000000 0.00000050896580 5 -10.0000000000
2 5 9 884736.000000 0.00000015699950 4 -10.7500000000
2 5 10 983040.000000 0.00000003642647 3 -11.7500000000
2 5 11 1081344.000000 0.00000001114120 3 -12.7500000000
2 5 12 1179648.000000 0.00000000329588 4 -13.5000000000
2 5 13 1277952.000000 0.00000000077690 3 -14.5000000000
2 5 14 1376256.000000 0.00000000020500 3 -15.5000000000
2 5 15 1474560.000000 0.00000000005209 3 -16.5000000000
2 5 16 1572864.000000 0.00000000001360 3 -17.5000000000
2 6 0 0.000000 0.10516393184662 0 -4.0000000000
2 6 1 98304.000000 0.02874231152236 0 -4.0000000000
2 6 2 196608.000000 0.00477460492402 3 -5.0000000000
2 6 3 294912.000000 0.00194476929028 5 -5.5000000000
2 6 4 393216.000000 0.00080075982260 5 -6.0000000000
2 6 5 491520.000000 0.00033992915996 4 -6.7500000000
2 6 6 589824.000000 0.00012681096268 5 -7.2500000000
2 6 7 688128.000000 0.00004172392073 4 -8.0000000000
2 6 8 786432.000000 0.00001270788107 3 -9.0000000000
2 6 9 884736.000000 0.00000306269703 4 -9.7500000000
2 6 10 983040.000000 0.00000091922283 3 -10.7500000000
2 6 11 1081344.000000 0.00000019987939 3 -11.7500000000
2 6 12 1179648.000000 0.00000004790698 3 -12.7500000000
2 6 13 1277952.000000 0.00000001210163 3 -13.7500000000
2 6 14 1376256.000000 0.00000000336877 3 -14.7500000000
2 6 15 1474560.000000 0.00000000074896 3 -15.7500000000
2 6 16 1572864.000000 0.00000000021345 3 -16.7500000000
2 7 0 0.000000 0.00459388829768 0 -5.0000000000
2 7 1 98304.000000 0.00228163646534 0 -5.0000000000
2 7 2 196608.000000 0.00041137859807 5 -5.5000000000
2 7 3 294912.000000 0.00014182287850 4 -6.2500000000
2 7 4 393216.000000 0.00005813168900 5 -6.7500000000
2 7 5 491520.000000 0.00002427785876 4 -7.5000000000
2 7 6 589824.000000 0.00000933129286 5 -8.0000000000
2 7 7 688128.000000 0.00000394249128 5 -8.5000000000
2 7 8 786432.000000 0.00000113678107 4 -9.2500000000
2 7 9 884736.000000 0.00000032291970 3 -10.2500000000
2 7 10 983040.000000 0.00000010482330 4 -11.0000000000
2 7 11 1081344.000000 0.00000002565951 3 -12.0000000000
2 7 12 1179648.000000 0.00000000607536 3 -13.0000000000
2 7 13 1277952.000000 0.00000000164483 3 -14.0000000000
2 7 14 1376256.000000 0.00000000041482 3 -15.0000000000
2 7 15 1474560.000000 0.00000000010022 3 -16.0000000000
2 7 16 1572864.000000 0.00000000002635 3 -17.0000000000
2 8 0 0.000000 0.00043798866682 0 -6.0000000000
2 8 1 98304.000000 0.00033084768802 1 -5.7500000000
2 8 2 196608.000000 0.00005279978359 5 -6.2500000000
2 8 3 294912.000000 0.00001616051850 3 -7.2500000000
2 8 4 393216.000000 0.00000669441533 5 -7.7500000000
2 8 5 491520.000000 0.00000290680759 6 -8.0000000000
2 8 6 589824.000000 0.00000126437772 4 -8.7500000000
2 8 7 688128.000000 0.00000040639966 5 -9.2500000000
2 8 8 786432.000000 0.00000013661368 3 -10.2500000000
2 8 9 884736.000000 0.00000003196526 4 -11.0000000000
2 8 10 983040.000000 0.00000000810432 3 -12.0000000000
2 8 11 1081344.000000 0.00000000199177 3 -13.0000000000
2 8 12 1179648.000000 0.00000000049393 3 -14.0000000000
2 8 13 1277952.000000 0.00000000012793 3 -15.0000000000
2 8 14 1376256.000000 0.00000000003257 3 -16.0000000000
2 8 15 1474560.000000 0.00000000000864 3 -17.0000000000
2 8 16 1572864.000000 0.00000000000258 3 -18.0000000000
