3 0 0 0.000000 0.01078574173152 0 -5.0000000000
3 0 1 73728.000000 0.00410643080249 0 -5.0000000000
3 0 2 147456.000000 0.00073454080848 5 -5.5000000000
3 0 3 221184.000000 0.00026864773827 5 -6.0000000000
3 0 4 294912.000000 0.00010551866580 4 -6.7500000000
3 0 5 368640.000000 0.00003725384158 5 -7.2500000000
3 0 6 442368.000000 0.00001153513767 3 -8.2500000000
3 0 7 516096.000000 0.00000313522105 4 -9.0000000000
3 0 8 589824.000000 0.00000085082377 3 -10.0000000000
3 0 9 663552.000000 0.00000023790101 4 -10.7500000000
3 0 10 737280.000000 0.00000006632319 3 -11.7500000000
3 0 11 811008.000000 0.00000001677515 3 -12.7500000000
3 0 12 884736.000000 0.00000000427737 3 -13.7500000000
3 0 13 958464.000000 0.00000000101274 3 -14.7500000000
3 0 14 1032192.000000 0.00000000026020 3 -15.7500000000
3 0 15 1105920.000000 0.00000000006292 3 -16.7500000000
3 0 16 1179648.000000 0.00000000001704 3 -17.7500000000
3 1 0 0.000000 0.34908455610275 0 -4.0000000000
3 1 1 73728.000000 0.16500252485275 0 -4.0000000000
3 1 2 147456.000000 0.02233164012432 5 -4.5000000000
3 1 3 221184.000000 0.00789524614811 3 -5.5000000000
3 1 4 294912.000000 0.00300461892039 4 -6.2500000000
3 1 5 368640.000000 0.00120205653366 5 -6.7500000000
3 1 6 442368.000000 0.00043916323921 5 -7.2500000000
3 1 7 516096.000000 0.00012049774523 4 -8.0000000000
3 1 8 589824.000000 0.00003407886106 3 -9.0000000000
3 1 9 663552.000000 0.00001123631955 3 -10.0000000000
3 1 10 737280.000000 0.00000293551420 4 -10.7500000000
3 1 11 811008.000000 0.00000071175816 3 -11.7500000000
3 1 12 884736.000000 0.00000018175535 3 -12.7500000000
3 1 13 958464.000000 0.00000004645797 3 -13.7500000000
3 1 14 1032192.000000 0.00000001133417 3 -14.7500000000
3 1 15 1105920.000000 0.00000000259177 3 -15.7500000000
3 1 16 1179648.000000 0.00000000071015 3 -16.7500000000
3 2 0 0.000000 0.01369037851691 0 -5.0000000000
3 2 1 73728.000000 0.00841023027897 0 -5.0000000000
3 2 2 147456.000000 0.00151309010107 6 -5.2500000000
3 2 3 221184.000000 0.00054086378077 4 -6.0000000000
3 2 4 294912.000000 0.00020926707657 5 -6.5000000000
3 2 5 368640.000000 0.00007628709864 4 -7.2500000000
3 2 6 442368.000000 0.00002611313357 4 -8.0000000000
3 2 7 516096.000000 0.00000849952085 4 -8.7500000000
3 2 8 589824.000000 0.00000231374042 3 -9.7500000000
3 2 9 663552.000000 0.00000053292456 4 -10.5000000000
3 2 10 737280.000000 0.00000014163261 3 -11.5000000000
3 2 11 811008.000000 0.00000003475250 3 -12.5000000000
3 2 12 884736.000000 0.00000000902150 3 -13.5000000000
3 2 13 958464.000000 0.00000000228006 3 -14.5000000000
3 2 14 1032192.000000 0.00000000053402 3 -15.5000000000
3 2 15 1105920.000000 0.00000000014306 3 -16.5000000000
3 2 16 1179648.000000 0.00000000003470 3 -17.5000000000
3 3 0 0.000000 0.26710155606270 0 -4.0000000000
3 3 1 73728.000000 0.11162088811398 0 -4.0000000000
3 3 2 147456.000000 0.01783594675362 5 -4.5000000000
3 3 3 221184.000000 0.00598604977131 3 -5.5000000000
3 3 4 294912.000000 0.00200280710123 5 -6.0000000000
3 3 5 368640.000000 0.00070309831062 4 -6.7500000000
3 3 6 442368.000000 0.00023457244970 4 -7.5000000000
3 3 7 516096.000000 0.00006658227358 3 -8.5000000000
3 3 8 589824.000000 0.00001867249921 4 -9.2500000000
3 3 9 663552.000000 0.00000439489895 3 -10.2500000000
3 3 10 737280.000000 0.00000135068638 3 -11.2500000000
3 3 11 811008.000000 0.00000039952121 4 -12.0000000000
3 3 12 884736.000000 0.00000009720506 3 -13.0000000000
3 3 13 958464.000000 0.00000002532437 3 -14.0000000000
3 3 14 1032192.000000 0.00000000616469 3 -15.0000000000
3 3 15 1105920.000000 0.00000000168959 3 -16.0000000000
3 3 16 1179648.000000 0.00000000043344 3 -17.0000000000
3 4 0 0.000000 3.01494622230530 0 -4.0000000000
3 4 1 73728.000000 2.62530803680420 5 -2.7500000000
3 4 2 147456.000000 0.29374355077744 0 -4.5000000000
3 4 3 221184.000000 0.08994165807962 3 -5.5000000000
3 4 4 294912.000000 0.02507172152400 4 -6.2500000000
3 4 5 368640.000000 0.01089721359313 4 -7.0000000000
3 4 6 442368.000000 0.00364102842286 5 -7.5000000000
3 4 7 516096.000000 0.00122249685228 3 -8.5000000000
3 4 8 589824.000000 0.00042973540258 4 -9.2500000000
3 4 9 663552.000000 0.00015758929658 4 -9.7500000000
3 4 10 737280.000000 0.00003863590609 3 -10.7500000000
3 4 11 811008.000000 0.00001349597733 4 -11.5000000000
3 4 12 884736.000000 0.00000287716739 3 -12.5000000000
3 4 13 958464.000000 0.00000077210075 3 -13.5000000000
3 4 14 1032192.000000 0.00000022395385 3 -14.5000000000
3 4 15 1105920.000000 0.00000004657329 3 -15.5000000000
3 4 16 1179648.000000 0.00000001323349 3 -16.5000000000
3 5 0 0.000000 0.20117205381393 0 -4.0000000000
3 5 1 73728.000000 0.06736116111279 0 -4.0000000000
3 5 2 147456.000000 0.00951773580164 4 -4.7500000000
3 5 3 221184.000000 0.00365240569226 5 -5.2500000000
3 5 4 294912.000000 0.00146332965232 3 -6.2500000000
3 5 5 368640.000000 0.00052327773301 6 -6.5000000000
3 5 6 442368.000000 0.00020544316794 4 -7.2500000000
3 5 7 516096.000000 0.00006611998106 3 -8.2500000000
3 5 8 589824.000000 0.00001591375076 4 -9.0000000000
3 5 9 663552.000000 0.00000431065200 3 -10.0000000000
3 5 10 737280.000000 0.00000125965130 3 -11.0000000000
3 5 11 811008.000000 0.00000033258794 4 -11.7500000000
3 5 12 884736.000000 0.00000008356925 3 -12.7500000000
3 5 13 958464.000000 0.00000002046979 3 -13.7500000000
3 5 14 1032192.000000 0.00000000523771 3 -14.7500000000
3 5 15 1105920.000000 0.00000000127644 3 -15.7500000000
3 5 16 1179648.000000 0.00000000033582 3 -16.7500000000
3 6 0 0.000000 0.00945452786982 0 -5.0000000000
3 6 1 73728.000000 0.00442575756460 0 -5.0000000000
3 6 2 147456.000000 0.00087447173428 7 -5.0000000000
3 6 3 221184.000000 0.00029406498652 3 -6.0000000000
3 6 4 294912.000000 0.00016170453455 5 -6.5000000000
3 6 5 368640.000000 0.00009375570517 4 -7.2500000000
3 6 6 442368.000000 0.00003457134881 7 -7.2500000000
3 6 7 516096.000000 0.00000942542010 4 -8.0000000000
3 6 8 589824.000000 0.00000239672727 3 -9.0000000000
3 6 9 663552.000000 0.00000063169108 3 -10.0000000000
3 6 10 737280.000000 0.00000017962547 3 -11.0000000000
3 6 11 811008.000000 0.00000005175378 3 -12.0000000000
3 6 12 884736.000000 0.00000001318193 4 -12.7500000000
3 6 13 958464.000000 0.00000000316965 3 -13.7500000000
3 6 14 1032192.000000 0.00000000079198 3 -14.7500000000
3 6 15 1105920.000000 0.00000000020999 3 -15.7500000000
3 6 16 1179648.000000 0.00000000005213 3 -16.7500000000
3 7 0 0.000000 0.20333890616894 0 -4.0000000000
3 7 1 73728.000000 0.05610191822052 0 -4.0000000000
3 7 2 147456.000000 0.00834015849978 3 -5.0000000000
3 7 3 221184.000000 0.00311081134714 4 -5.7500000000
3 7 4 294912.000000 0.00133312505204 5 -6.2500000000
3 7 5 368640.000000 0.00051721336786 5 -6.7500000000
3 7 6 442368.000000 0.00020326074446 4 -7.5000000000
3 7 7 516096.000000 0.00006685718836 4 -8.2500000000
3 7 8 589824.000000 0.00001802807128 4 -9.0000000000
3 7 9 663552.000000 0.00000506314882 3 -10.0000000000
3 7 10 737280.000000 0.00000114762622 3 -11.0000000000
3 7 11 811008.000000 0.00000027840326 3 -12.0000000000
3 7 12 884736.000000 0.00000006748187 3 -13.0000000000
3 7 13 958464.000000 0.00000001823441 3 -14.0000000000
3 7 14 1032192.000000 0.00000000491818 3 -15.0000000000
3 7 15 1105920.000000 0.00000000114429 3 -16.0000000000
3 7 16 1179648.000000 0.00000000027369 3 -17.0000000000
3 8 0 0.000000 0.01123616565019 0 -5.0000000000
3 8 1 73728.000000 0.00597734143957 0 -5.0000000000
3 8 2 147456.000000 0.00108438439202 5 -5.5000000000
3 8 3 221184.000000 0.00033967246418 5 -6.0000000000
3 8 4 294912.000000 0.00013799818407 4 -6.7500000000
3 8 5 368640.000000 0.00004805950084 4 -7.5000000000
3 8 6 442368.000000 0.00001683757000 5 -8.0000000000
3 8 7 516096.000000 0.00000566027984 3 -9.0000000000
3 8 8 589824.000000 0.00000143826037 4 -9.7500000000
3 8 9 663552.000000 0.00000042252290 3 -10.7500000000
3 8 10 737280.000000 0.00000011826180 4 -11.5000000000
3 8 11 811008.000000 0.00000003128903 3 -12.5000000000
3 8 12 884736.000000 0.00000000776972 3 -13.5000000000
3 8 13 958464.000000 0.00000000180761 3 -14.5000000000
3 8 14 1032192.000000 0.00000000047954 3 -15.5000000000
3 8 15 1105920.000000 0.00000000012110 3 -16.5000000000
3 8 16 1179648.000000 0.00000000003037 3 -17.5000000000
