2 0 0 0.000000 0.01107184682041 0 -5.0000000000
2 0 1 98304.000000 0.00107576441951 0 -5.0000000000
2 0 2 196608.000000 0.00041944492841 5 -5.5000000000
2 0 3 294912.000000 0.00017088394088 4 -6.2500000000
2 0 4 393216.000000 0.00007292247028 5 -6.7500000000
2 0 5 491520.000000 0.00002603323446 4 -7.5000000000
2 0 6 589824.000000 0.00000908303991 4 -8.2500000000
2 0 7 688128.000000 0.00000303181923 4 -9.0000000000
2 0 8 786432.000000 0.00000083012588 4 -9.7500000000
2 0 9 884736.000000 0.00000029800390 4 -10.5000000000
2 0 10 983040.000000 0.00000006885960 3 -11.5000000000
2 1 0 0.000000 0.36504110693932 0 -4.0000000000
2 1 1 98304.000000 0.04823410138488 0 -4.0000000000
2 1 2 196608.000000 0.01397057529539 3 -5.0000000000
2 1 3 294912.000000 0.00616776803508 5 -5.5000000000
2 1 4 393216.000000 0.00271651940420 6 -5.7500000000
2 1 5 491520.000000 0.00107154063880 4 -6.5000000000
2 1 6 589824.000000 0.00039568866487 4 -7.2500000000
2 1 7 688128.000000 0.00013067801774 4 -8.0000000000
2 1 8 786432.000000 0.00003777238817 4 -8.7500000000
2 1 9 884736.000000 0.00001075190994 3 -9.7500000000
2 1 10 983040.000000 0.00000296292478 3 -10.7500000000
2 2 0 0.000000 0.01518839690834 0 -5.0000000000
2 2 1 98304.000000 0.00157764635514 0 -5.0000000000
2 2 2 196608.000000 0.00055459327996 4 -5.7500000000
2 2 3 294912.000000 0.00026262906613 4 -6.5000000000
2 2 4 393216.000000 0.00011400585936 5 -7.0000000000
2 2 5 491520.000000 0.00005289761611 5 -7.5000000000
2 2 6 589824.000000 0.00002792954183 5 -8.0000000000
2 2 7 688128.000000 0.00001040619009 5 -8.5000000000
2 2 8 786432.000000 0.00000298905570 4 -9.2500000000
2 2 9 884736.000000 0.00000094411706 3 -10.2500000000
2 2 10 983040.000000 0.00000023168420 4 -11.0000000000
2 3 0 0.000000 0.35390272736549 0 -4.0000000000
2 3 1 98304.000000 0.04647972807288 0 -4.0000000000
2 3 2 196608.000000 0.01914141513407 4 -4.7500000000
2 3 3 294912.000000 0.00889599509537 5 -5.2500000000
2 3 4 393216.000000 0.00342874717899 5 -5.7500000000
2 3 5 491520.000000 0.00145486951806 5 -6.2500000000
2 3 6 589824.000000 0.00057851418387 4 -7.0000000000
2 3 7 688128.000000 0.00022718744003 5 -7.5000000000
2 3 8 786432.000000 0.00006785739242 4 -8.2500000000
2 3 9 884736.000000 0.00001668365076 3 -9.2500000000
2 3 10 983040.000000 0.00000417511092 3 -10.2500000000
2 4 0 0.000000 2.69107151031494 0 -4.0000000000
2 4 1 98304.000000 0.63888263702393 0 -4.0000000000
2 4 2 196608.000000 0.26194828748703 4 -4.7500000000
2 4 3 294912.000000 0.14067992568016 4 -5.5000000000
2 4 4 393216.000000 0.05481111258268 5 -6.0000000000
2 4 5 491520.000000 0.01877536252141 5 -6.5000000000
2 4 6 589824.000000 0.00692776544020 4 -7.2500000000
2 4 7 688128.000000 0.00209743296728 4 -8.0000000000
2 4 8 786432.000000 0.00059869233519 3 -9.0000000000
2 4 9 884736.000000 0.00017771637067 4 -9.7500000000
2 4 10 983040.000000 0.00004112321767 3 -10.7500000000
2 5 0 0.000000 0.24826279282570 0 -4.0000000000
2 5 1 98304.000000 0.02747903019190 0 -4.0000000000
2 5 2 196608.000000 0.00867740716785 4 -4.7500000000
2 5 3 294912.000000 0.00342729012482 4 -5.5000000000
2 5 4 393216.000000 0.00142413575668 6 -5.7500000000
2 5 5 491520.000000 0.00056721875444 4 -6.5000000000
2 5 6 589824.000000 0.00019662982959 4 -7.2500000000
2 5 7 688128.000000 0.00007273904339 4 -8.0000000000
2 5 8 786432.000000 0.00001983605944 4 -8.7500000000
2 5 9 884736.000000 0.00000459674266 3 -9.7500000000
2 5 10 983040.000000 0.00000122361450 3 -10.7500000000
2 6 0 0.000000 0.01065888162702 0 -5.0000000000
2 6 1 98304.000000 0.00102918210905 0 -5.0000000000
2 6 2 196608.000000 0.00044636381790 5 -5.5000000000
2 6 3 294912.000000 0.00018539252051 5 -6.0000000000
2 6 4 393216.000000 0.00007595861098 5 -6.5000000000
2 6 5 491520.000000 0.00002826785385 4 -7.2500000000
2 6 6 589824.000000 0.00001054343466 4 -8.0000000000
2 6 7 688128.000000 0.00000416445255 5 -8.5000000000
2 6 8 786432.000000 0.00000121301366 3 -9.5000000000
2 6 9 884736.000000 0.00000031315346 4 -10.2500000000
2 6 10 983040.000000 0.00000008529259 3 -11.2500000000
2 7 0 0.000000 0.23519116640091 0 -4.0000000000
2 7 1 98304.000000 0.03796533867717 0 -4.0000000000
2 7 2 196608.000000 0.01001898106188 4 -4.7500000000
2 7 3 294912.000000 0.00458529032767 6 -5.0000000000
2 7 4 393216.000000 0.00182531343307 4 -5.7500000000
2 7 5 491520.000000 0.00060778547777 4 -6.5000000000
2 7 6 589824.000000 0.00020870937442 4 -7.2500000000
2 7 7 688128.000000 0.00006613582809 3 -8.2500000000
2 7 8 786432.000000 0.00001866173443 4 -9.0000000000
2 7 9 884736.000000 0.00000503855881 3 -10.0000000000
2 7 10 983040.000000 0.00000135615289 4 -10.7500000000
2 8 0 0.000000 0.01325936056674 0 -5.0000000000
2 8 1 98304.000000 0.00136720854789 0 -5.0000000000
2 8 2 196608.000000 0.00055055593839 5 -5.5000000000
2 8 3 294912.000000 0.00024489714997 5 -6.0000000000
2 8 4 393216.000000 0.00008444351988 3 -7.0000000000
2 8 5 491520.000000 0.00003476904385 5 -7.5000000000
2 8 6 589824.000000 0.00001214380973 4 -8.2500000000
2 8 7 688128.000000 0.00000406416211 4 -9.0000000000
2 8 8 786432.000000 0.00000115209048 4 -9.7500000000
2 8 9 884736.000000 0.00000029188209 3 -10.7500000000
2 8 10 983040.000000 0.00000008793192 3 -11.7500000000
