2 0 0 0.000000 0.01107184961438 0 -5.0000000000
2 0 1 98304.000000 0.00107576069422 0 -5.0000000000
2 0 2 196608.000000 0.00041944460827 5 -5.5000000000
2 0 3 294912.000000 0.00017088388267 4 -6.2500000000
2 0 4 393216.000000 0.00007292257942 5 -6.7500000000
2 0 5 491520.000000 0.00002603302528 4 -7.5000000000
2 0 6 589824.000000 0.00000908323545 4 -8.2500000000
2 0 7 688128.000000 0.00000303195634 4 -9.0000000000
2 0 8 786432.000000 0.00000083014004 4 -9.7500000000
2 0 9 884736.000000 0.00000029805335 4 -10.5000000000
2 0 10 983040.000000 0.00000006884867 3 -11.5000000000
2 1 0 0.000000 0.36504113674164 0 -4.0000000000
2 1 1 98304.000000 0.04823410138488 0 -4.0000000000
2 1 2 196608.000000 0.01397057250142 3 -5.0000000000
2 1 3 294912.000000 0.00616777688265 5 -5.5000000000
2 1 4 393216.000000 0.00271652149968 6 -5.7500000000
2 1 5 491520.000000 0.00107153947465 4 -6.5000000000
2 1 6 589824.000000 0.00039569110959 4 -7.2500000000
2 1 7 688128.000000 0.00013067731925 4 -8.0000000000
2 1 8 786432.000000 0.00003777289021 4 -8.7500000000
2 1 9 884736.000000 0.00001075164892 3 -9.7500000000
2 1 10 983040.000000 0.00000296301505 3 -10.7500000000
2 2 0 0.000000 0.01518840435892 0 -5.0000000000
2 2 1 98304.000000 0.00157764693722 0 -5.0000000000
2 2 2 196608.000000 0.00055459263967 4 -5.7500000000
2 2 3 294912.000000 0.00026262828032 4 -6.5000000000
2 2 4 393216.000000 0.00011400580115 5 -7.0000000000
2 2 5 491520.000000 0.00005289761611 5 -7.5000000000
2 2 6 589824.000000 0.00002792917803 5 -8.0000000000
2 2 7 688128.000000 0.00001040620282 5 -8.5000000000
2 2 8 786432.000000 0.00000298909094 4 -9.2500000000
2 2 9 884736.000000 0.00000094412229 3 -10.2500000000
2 2 10 983040.000000 0.00000023176682 4 -11.0000000000
2 3 0 0.000000 0.35390269756317 0 -4.0000000000
2 3 1 98304.000000 0.04647972807288 0 -4.0000000000
2 3 2 196608.000000 0.01914142258465 4 -4.7500000000
2 3 3 294912.000000 0.00889599509537 5 -5.2500000000
2 3 4 393216.000000 0.00342874671333 5 -5.7500000000
2 3 5 491520.000000 0.00145486963447 5 -6.2500000000
2 3 6 589824.000000 0.00057851371821 4 -7.0000000000
2 3 7 688128.000000 0.00022718950640 5 -7.5000000000
2 3 8 786432.000000 0.00006785785081 4 -8.2500000000
2 3 9 884736.000000 0.00001668368895 3 -9.2500000000
2 3 10 983040.000000 0.00000417492583 3 -10.2500000000
2 4 0 0.000000 2.69107127189636 0 -4.0000000000
2 4 1 98304.000000 0.63888281583786 0 -4.0000000000
2 4 2 196608.000000 0.26194825768471 4 -4.7500000000
2 4 3 294912.000000 0.14067991077900 4 -5.5000000000
2 4 4 393216.000000 0.05481113865972 5 -6.0000000000
2 4 5 491520.000000 0.01877536438406 5 -6.5000000000
2 4 6 589824.000000 0.00692775938660 4 -7.2500000000
2 4 7 688128.000000 0.00209743808955 4 -8.0000000000
2 4 8 786432.000000 0.00059869524557 3 -9.0000000000
2 4 9 884736.000000 0.00017771616695 4 -9.7500000000
2 4 10 983040.000000 0.00004112358874 3 -10.7500000000
2 5 0 0.000000 0.24826273322105 0 -4.0000000000
2 5 1 98304.000000 0.02747903577983 0 -4.0000000000
2 5 2 196608.000000 0.00867740716785 4 -4.7500000000
2 5 3 294912.000000 0.00342728383839 4 -5.5000000000
2 5 4 393216.000000 0.00142413482536 6 -5.7500000000
2 5 5 491520.000000 0.00056721799774 4 -6.5000000000
2 5 6 589824.000000 0.00019662987324 4 -7.2500000000
2 5 7 688128.000000 0.00007273965457 4 -8.0000000000
2 5 8 786432.000000 0.00001983613947 4 -8.7500000000
2 5 9 884736.000000 0.00000459673720 3 -9.7500000000
2 5 10 983040.000000 0.00000122363383 3 -10.7500000000
2 6 0 0.000000 0.01065887603909 0 -5.0000000000
2 6 1 98304.000000 0.00102917931508 0 -5.0000000000
2 6 2 196608.000000 0.00044636183884 5 -5.5000000000
2 6 3 294912.000000 0.00018539206940 5 -6.0000000000
2 6 4 393216.000000 0.00007595833449 5 -6.5000000000
2 6 5 491520.000000 0.00002826739546 4 -7.2500000000
2 6 6 589824.000000 0.00001054308905 4 -8.0000000000
2 6 7 688128.000000 0.00000416455396 5 -8.5000000000
2 6 8 786432.000000 0.00000121302071 3 -9.5000000000
2 6 9 884736.000000 0.00000031318177 4 -10.2500000000
2 6 10 983040.000000 0.00000008527823 3 -11.2500000000
2 7 0 0.000000 0.23519121110439 0 -4.0000000000
2 7 1 98304.000000 0.03796532377601 0 -4.0000000000
2 7 2 196608.000000 0.01001897547394 4 -4.7500000000
2 7 3 294912.000000 0.00458528706804 6 -5.0000000000
2 7 4 393216.000000 0.00182531448081 4 -5.7500000000
2 7 5 491520.000000 0.00060778367333 4 -6.5000000000
2 7 6 589824.000000 0.00020870973822 4 -7.2500000000
2 7 7 688128.000000 0.00006613567530 3 -8.2500000000
2 7 8 786432.000000 0.00001866180719 4 -9.0000000000
2 7 9 884736.000000 0.00000503855472 3 -10.0000000000
2 7 10 983040.000000 0.00000135617177 4 -10.7500000000
2 8 0 0.000000 0.01325936801732 0 -5.0000000000
2 8 1 98304.000000 0.00136721064337 0 -5.0000000000
2 8 2 196608.000000 0.00055055745179 5 -5.5000000000
2 8 3 294912.000000 0.00024489662610 5 -6.0000000000
2 8 4 393216.000000 0.00008444418199 3 -7.0000000000
2 8 5 491520.000000 0.00003476891652 5 -7.5000000000
2 8 6 589824.000000 0.00001214378335 4 -8.2500000000
2 8 7 688128.000000 0.00000406410800 4 -9.0000000000
2 8 8 786432.000000 0.00000115210560 4 -9.7500000000
2 8 9 884736.000000 0.00000029187240 3 -10.7500000000
2 8 10 983040.000000 0.00000008793555 3 -11.7500000000
