1 0 0 0.000000 0.00013310991926 0 -6.0000000000
1 0 1 12288.000000 0.00007895033195 2 -5.5000000000
1 0 2 24576.000000 0.00002447679071 5 -6.0000000000
1 0 3 36864.000000 0.00001024675385 4 -6.7500000000
1 0 4 49152.000000 0.00000427164650 4 -7.5000000000
1 0 5 61440.000000 0.00000170740407 5 -8.0000000000
1 0 6 73728.000000 0.00000053991033 4 -8.7500000000
1 0 7 86016.000000 0.00000016658707 4 -9.5000000000
1 0 8 98304.000000 0.00000004282359 3 -10.5000000000
1 0 9 110592.000000 0.00000001072527 3 -11.5000000000
1 0 10 122880.000000 0.00000000365573 4 -12.2500000000
1 0 11 135168.000000 0.00000000091179 3 -13.2500000000
1 0 12 147456.000000 0.00000000022497 3 -14.2500000000
1 0 13 159744.000000 0.00000000005543 3 -15.2500000000
1 0 14 172032.000000 0.00000000001400 3 -16.2500000000
1 0 15 184320.000000 0.00000000000500 3 -17.2500000000
1 0 16 196608.000000 0.00000000000163 3 -18.2500000000
1 1 0 0.000000 0.00252524414100 0 -5.0000000000
1 1 1 12288.000000 0.00178690638859 1 -4.7500000000
1 1 2 24576.000000 0.00044933558092 8 -4.5000000000
1 1 3 36864.000000 0.00013857922750 4 -5.2500000000
1 1 4 49152.000000 0.00005889978274 4 -6.0000000000
1 1 5 61440.000000 0.00001948881800 4 -6.7500000000
1 1 6 73728.000000 0.00000639589825 4 -7.5000000000
1 1 7 86016.000000 0.00000172076818 4 -8.2500000000
1 1 8 98304.000000 0.00000047536497 3 -9.2500000000
1 1 9 110592.000000 0.00000011847470 3 -10.2500000000
1 1 10 122880.000000 0.00000004068840 3 -11.2500000000
1 1 11 135168.000000 0.00000001058385 4 -12.0000000000
1 1 12 147456.000000 0.00000000227640 3 -13.0000000000
1 1 13 159744.000000 0.00000000064992 3 -14.0000000000
1 1 14 172032.000000 0.00000000016885 3 -15.0000000000
1 1 15 184320.000000 0.00000000004332 3 -16.0000000000
1 1 16 196608.000000 0.00000000001169 3 -17.0000000000
1 2 0 0.000000 0.02414907515049 0 -4.0000000000
1 2 1 12288.000000 0.01680446416140 3 -3.2500000000
1 2 2 24576.000000 0.00259126396850 1 -4.7500000000
1 2 3 36864.000000 0.00068516639294 5 -5.2500000000
1 2 4 49152.000000 0.00019210929167 3 -6.2500000000
1 2 5 61440.000000 0.00005310489723 4 -7.0000000000
1 2 6 73728.000000 0.00001852516834 3 -8.0000000000
1 2 7 86016.000000 0.00000527140082 4 -8.7500000000
1 2 8 98304.000000 0.00000139748408 3 -9.7500000000
1 2 9 110592.000000 0.00000043362800 4 -10.5000000000
1 2 10 122880.000000 0.00000010867727 3 -11.5000000000
1 2 11 135168.000000 0.00000002697494 3 -12.5000000000
1 2 12 147456.000000 0.00000000628410 3 -13.5000000000
1 2 13 159744.000000 0.00000000171725 3 -14.5000000000
1 2 14 172032.000000 0.00000000050044 3 -15.5000000000
1 2 15 184320.000000 0.00000000010062 3 -16.5000000000
1 2 16 196608.000000 0.00000000002645 3 -17.5000000000
1 3 0 0.000000 0.00293597555719 0 -5.0000000000
1 3 1 12288.000000 0.00205111247487 2 -4.5000000000
1 3 2 24576.000000 0.00049049477093 6 -4.7500000000
1 3 3 36864.000000 0.00016796861019 5 -5.2500000000
1 3 4 49152.000000 0.00006413226220 4 -6.0000000000
1 3 5 61440.000000 0.00002324564230 5 -6.5000000000
1 3 6 73728.000000 0.00000692333379 3 -7.5000000000
1 3 7 86016.000000 0.00000207625862 4 -8.2500000000
1 3 8 98304.000000 0.00000049465956 3 -9.2500000000
1 3 9 110592.000000 0.00000013173042 3 -10.2500000000
1 3 10 122880.000000 0.00000003090720 3 -11.2500000000
1 3 11 135168.000000 0.00000000820908 3 -12.2500000000
1 3 12 147456.000000 0.00000000204115 3 -13.2500000000
1 3 13 159744.000000 0.00000000047949 3 -14.2500000000
1 3 14 172032.000000 0.00000000011831 3 -15.2500000000
1 3 15 184320.000000 0.00000000003142 3 -16.2500000000
1 3 16 196608.000000 0.00000000000882 3 -17.2500000000
1 4 0 0.000000 0.00014225988707 0 -6.0000000000
1 4 1 12288.000000 0.00009391633648 0 -6.0000000000
1 4 2 24576.000000 0.00002737229261 6 -6.2500000000
1 4 3 36864.000000 0.00001309007621 3 -7.2500000000
1 4 4 49152.000000 0.00000516710088 7 -7.2500000000
1 4 5 61440.000000 0.00000223155848 4 -8.0000000000
1 4 6 73728.000000 0.00000074540174 4 -8.7500000000
1 4 7 86016.000000 0.00000023429237 5 -9.2500000000
1 4 8 98304.000000 0.00000006438385 3 -10.2500000000
1 4 9 110592.000000 0.00000001351946 3 -11.2500000000
1 4 10 122880.000000 0.00000000410342 3 -12.2500000000
1 4 11 135168.000000 0.00000000100522 3 -13.2500000000
1 4 12 147456.000000 0.00000000024484 3 -14.2500000000
1 4 13 159744.000000 0.00000000006381 3 -15.2500000000
1 4 14 172032.000000 0.00000000001646 3 -16.2500000000
1 4 15 184320.000000 0.00000000000466 3 -17.2500000000
1 4 16 196608.000000 0.00000000000151 3 -18.2500000000
1 5 0 0.000000 0.00342628476210 0 -5.0000000000
1 5 1 12288.000000 0.00252840272151 1 -4.7500000000
1 5 2 24576.000000 0.00082737754565 8 -4.5000000000
1 5 3 36864.000000 0.00030056489049 6 -4.7500000000
1 5 4 49152.000000 0.00011989854829 4 -5.5000000000
1 5 5 61440.000000 0.00003433552047 4 -6.2500000000
1 5 6 73728.000000 0.00001027350390 4 -7.0000000000
1 5 7 86016.000000 0.00000285031865 3 -8.0000000000
1 5 8 98304.000000 0.00000067714456 3 -9.0000000000
1 5 9 110592.000000 0.00000016194311 3 -10.0000000000
1 5 10 122880.000000 0.00000004213554 3 -11.0000000000
1 5 11 135168.000000 0.00000001076723 3 -12.0000000000
1 5 12 147456.000000 0.00000000246650 3 -13.0000000000
1 5 13 159744.000000 0.00000000066870 3 -14.0000000000
1 5 14 172032.000000 0.00000000016283 3 -15.0000000000
1 5 15 184320.000000 0.00000000003939 3 -16.0000000000
1 5 16 196608.000000 0.00000000001077 3 -17.0000000000
1 6 0 0.000000 0.04930175840855 0 -4.0000000000
1 6 1 12288.000000 0.02143731527030 2 -3.5000000000
1 6 2 24576.000000 0.00429751351476 6 -3.7500000000
1 6 3 36864.000000 0.00145925092511 4 -4.5000000000
1 6 4 49152.000000 0.00043142444338 4 -5.2500000000
1 6 5 61440.000000 0.00012256462651 4 -6.0000000000
1 6 6 73728.000000 0.00003334522989 3 -7.0000000000
1 6 7 86016.000000 0.00000977121454 3 -8.0000000000
1 6 8 98304.000000 0.00000266349934 4 -8.7500000000
1 6 9 110592.000000 0.00000082941460 3 -9.7500000000
1 6 10 122880.000000 0.00000024176498 4 -10.5000000000
1 6 11 135168.000000 0.00000006372910 3 -11.5000000000
1 6 12 147456.000000 0.00000001644093 3 -12.5000000000
1 6 13 159744.000000 0.00000000410552 3 -13.5000000000
1 6 14 172032.000000 0.00000000101210 3 -14.5000000000
1 6 15 184320.000000 0.00000000026282 3 -15.5000000000
1 6 16 196608.000000 0.00000000005511 3 -16.5000000000
1 7 0 0.000000 0.24051262438297 0 -3.0000000000
1 7 1 12288.000000 0.19284886121750 4 -2.0000000000
1 7 2 24576.000000 0.02563863061368 0 -3.7500000000
1 7 3 36864.000000 0.00761781539768 4 -4.5000000000
1 7 4 49152.000000 0.00219138548709 4 -5.2500000000
1 7 5 61440.000000 0.00079883344006 5 -5.7500000000
1 7 6 73728.000000 0.00030297818012 3 -6.7500000000
1 7 7 86016.000000 0.00009477356798 5 -7.2500000000
1 7 8 98304.000000 0.00003069033846 3 -8.2500000000
1 7 9 110592.000000 0.00000732736589 4 -9.0000000000
1 7 10 122880.000000 0.00000186499869 3 -10.0000000000
1 7 11 135168.000000 0.00000053359150 3 -11.0000000000
1 7 12 147456.000000 0.00000011846841 3 -12.0000000000
1 7 13 159744.000000 0.00000002720466 3 -13.0000000000
1 7 14 172032.000000 0.00000000710598 3 -14.0000000000
1 7 15 184320.000000 0.00000000205537 3 -15.0000000000
1 7 16 196608.000000 0.00000000053364 3 -16.0000000000
1 8 0 0.000000 0.04802310466766 0 -4.0000000000
1 8 1 12288.000000 0.02745731733739 0 -4.0000000000
1 8 2 24576.000000 0.00559614319354 8 -3.7500000000
1 8 3 36864.000000 0.00149056338705 3 -4.7500000000
1 8 4 49152.000000 0.00046475292766 4 -5.5000000000
1 8 5 61440.000000 0.00015327175788 4 -6.2500000000
1 8 6 73728.000000 0.00003663331881 4 -7.0000000000
1 8 7 86016.000000 0.00001126100415 3 -8.0000000000
1 8 8 98304.000000 0.00000313924556 4 -8.7500000000
1 8 9 110592.000000 0.00000086292334 3 -9.7500000000
1 8 10 122880.000000 0.00000022679383 3 -10.7500000000
1 8 11 135168.000000 0.00000005546102 3 -11.7500000000
1 8 12 147456.000000 0.00000001479067 3 -12.7500000000
1 8 13 159744.000000 0.00000000336418 3 -13.7500000000
1 8 14 172032.000000 0.00000000085053 3 -14.7500000000
1 8 15 184320.000000 0.00000000019181 3 -15.7500000000
1 8 16 196608.000000 0.00000000005213 3 -16.7500000000
1 9 0 0.000000 0.00456788064912 0 -5.0000000000
1 9 1 12288.000000 0.00284647312947 5 -3.7500000000
1 9 2 24576.000000 0.00077274220530 4 -4.5000000000
1 9 3 36864.000000 0.00025742850266 5 -5.0000000000
1 9 4 49152.000000 0.00008023519331 4 -5.7500000000
1 9 5 61440.000000 0.00002676959048 3 -6.7500000000
1 9 6 73728.000000 0.00000838185042 4 -7.5000000000
1 9 7 86016.000000 0.00000272129228 4 -8.2500000000
1 9 8 98304.000000 0.00000084292770 4 -9.0000000000
1 9 9 110592.000000 0.00000018644866 3 -10.0000000000
1 9 10 122880.000000 0.00000004392252 3 -11.0000000000
1 9 11 135168.000000 0.00000001188933 3 -12.0000000000
1 9 12 147456.000000 0.00000000306323 3 -13.0000000000
1 9 13 159744.000000 0.00000000070492 3 -14.0000000000
1 9 14 172032.000000 0.00000000017078 3 -15.0000000000
1 9 15 184320.000000 0.00000000004717 3 -16.0000000000
1 9 16 196608.000000 0.00000000001193 3 -17.0000000000
1 10 0 0.000000 0.03231960162520 0 -4.0000000000
1 10 1 12288.000000 0.01837242580950 1 -3.7500000000
1 10 2 24576.000000 0.00284757022746 5 -4.2500000000
1 10 3 36864.000000 0.00087759603048 3 -5.2500000000
1 10 4 49152.000000 0.00033201518818 5 -5.7500000000
1 10 5 61440.000000 0.00012707486167 4 -6.5000000000
1 10 6 73728.000000 0.00003573590584 4 -7.2500000000
1 10 7 86016.000000 0.00001067794710 4 -8.0000000000
1 10 8 98304.000000 0.00000287023909 3 -9.0000000000
1 10 9 110592.000000 0.00000061435918 3 -10.0000000000
1 10 10 122880.000000 0.00000018010032 3 -11.0000000000
1 10 11 135168.000000 0.00000004358849 3 -12.0000000000
1 10 12 147456.000000 0.00000001068806 3 -13.0000000000
1 10 13 159744.000000 0.00000000283288 3 -14.0000000000
1 10 14 172032.000000 0.00000000068067 3 -15.0000000000
1 10 15 184320.000000 0.00000000016995 3 -16.0000000000
1 10 16 196608.000000 0.00000000004651 3 -17.0000000000
1 11 0 0.000000 0.31466895341873 0 -3.0000000000
1 11 1 12288.000000 0.22216744720936 0 -3.0000000000
1 11 2 24576.000000 0.02588593959808 5 -3.5000000000
1 11 3 36864.000000 0.01014085579664 5 -4.0000000000
1 11 4 49152.000000 0.00307135842741 4 -4.7500000000
1 11 5 61440.000000 0.00112209201325 4 -5.5000000000
1 11 6 73728.000000 0.00028112810105 4 -6.2500000000
1 11 7 86016.000000 0.00007269083289 3 -7.2500000000
1 11 8 98304.000000 0.00001707458796 3 -8.2500000000
1 11 9 110592.000000 0.00000497630253 3 -9.2500000000
1 11 10 122880.000000 0.00000109246696 3 -10.2500000000
1 11 11 135168.000000 0.00000028400018 3 -11.2500000000
1 11 12 147456.000000 0.00000007122146 3 -12.2500000000
1 11 13 159744.000000 0.00000001807798 3 -13.2500000000
1 11 14 172032.000000 0.00000000417431 3 -14.2500000000
1 11 15 184320.000000 0.00000000110574 3 -15.2500000000
1 11 16 196608.000000 0.00000000030152 3 -16.2500000000
1 12 0 0.000000 6.97971010208130 0 -3.0000000000
1 12 1 12288.000000 5.99434232711792 3 -2.2500000000
1 12 2 24576.000000 2.59569740295410 0 -4.0000000000
1 12 3 36864.000000 0.37231981754303 5 -4.5000000000
1 12 4 49152.000000 0.14500999450684 6 -4.7500000000
1 12 5 61440.000000 0.05443710461259 2 -6.0000000000
1 12 6 73728.000000 0.01387228257954 5 -6.5000000000
1 12 7 86016.000000 0.00432807812467 2 -7.7500000000
1 12 8 98304.000000 0.00134107295889 4 -8.2500000000
1 12 9 110592.000000 0.00038543701521 2 -9.5000000000
1 12 10 122880.000000 0.00007320017176 4 -10.2500000000
1 12 11 135168.000000 0.00002285274059 3 -11.2500000000
1 12 12 147456.000000 0.00000521863285 3 -12.2500000000
1 12 13 159744.000000 0.00000140251120 3 -13.2500000000
1 12 14 172032.000000 0.00000048201440 3 -14.2500000000
1 12 15 184320.000000 0.00000007476302 3 -15.2500000000
1 12 16 196608.000000 0.00000002413583 3 -16.2500000000
1 13 0 0.000000 0.45921054482460 0 -3.0000000000
1 13 1 12288.000000 0.30073854327202 4 -2.0000000000
1 13 2 24576.000000 0.04063688963652 1 -3.5000000000
1 13 3 36864.000000 0.01318551134318 5 -4.0000000000
1 13 4 49152.000000 0.00412510335445 3 -5.0000000000
1 13 5 61440.000000 0.00130123260897 5 -5.5000000000
1 13 6 73728.000000 0.00051138945855 5 -6.0000000000
1 13 7 86016.000000 0.00014118119725 3 -7.0000000000
1 13 8 98304.000000 0.00003119679241 3 -8.0000000000
1 13 9 110592.000000 0.00000923846619 3 -9.0000000000
1 13 10 122880.000000 0.00000217416846 3 -10.0000000000
1 13 11 135168.000000 0.00000046462557 3 -11.0000000000
1 13 12 147456.000000 0.00000013255111 3 -12.0000000000
1 13 13 159744.000000 0.00000003248851 3 -13.0000000000
1 13 14 172032.000000 0.00000000783020 3 -14.0000000000
1 13 15 184320.000000 0.00000000199188 3 -15.0000000000
1 13 16 196608.000000 0.00000000054532 3 -16.0000000000
1 14 0 0.000000 0.02632340602577 0 -4.0000000000
1 14 1 12288.000000 0.01692174747586 0 -4.0000000000
1 14 2 24576.000000 0.00365134165622 8 -3.7500000000
1 14 3 36864.000000 0.00126337585971 4 -4.5000000000
1 14 4 49152.000000 0.00042259966722 5 -5.0000000000
1 14 5 61440.000000 0.00010713306256 3 -6.0000000000
1 14 6 73728.000000 0.00002731297900 4 -6.7500000000
1 14 7 86016.000000 0.00000767825441 3 -7.7500000000
1 14 8 98304.000000 0.00000181662222 3 -8.7500000000
1 14 9 110592.000000 0.00000046957413 3 -9.7500000000
1 14 10 122880.000000 0.00000010487998 3 -10.7500000000
1 14 11 135168.000000 0.00000002771135 3 -11.7500000000
1 14 12 147456.000000 0.00000000697912 3 -12.7500000000
1 14 13 159744.000000 0.00000000172106 3 -13.7500000000
1 14 14 172032.000000 0.00000000044719 3 -14.7500000000
1 14 15 184320.000000 0.00000000010570 3 -15.7500000000
1 14 16 196608.000000 0.00000000002446 3 -16.7500000000
1 15 0 0.000000 0.00369620579295 0 -5.0000000000
1 15 1 12288.000000 0.00180024304427 5 -3.7500000000
1 15 2 24576.000000 0.00048804967082 5 -4.2500000000
1 15 3 36864.000000 0.00022777378035 5 -4.7500000000
1 15 4 49152.000000 0.00009203254012 3 -5.7500000000
1 15 5 61440.000000 0.00003135345105 4 -6.5000000000
1 15 6 73728.000000 0.00001177711511 5 -7.0000000000
1 15 7 86016.000000 0.00000397559734 4 -7.7500000000
1 15 8 98304.000000 0.00000094274924 3 -8.7500000000
1 15 9 110592.000000 0.00000023308861 3 -9.7500000000
1 15 10 122880.000000 0.00000006291497 3 -10.7500000000
1 15 11 135168.000000 0.00000001543007 3 -11.7500000000
1 15 12 147456.000000 0.00000000383761 3 -12.7500000000
1 15 13 159744.000000 0.00000000096931 3 -13.7500000000
1 15 14 172032.000000 0.00000000023193 3 -14.7500000000
1 15 15 184320.000000 0.00000000006008 3 -15.7500000000
1 15 16 196608.000000 0.00000000001597 3 -16.7500000000
1 16 0 0.000000 0.07255432754755 0 -4.0000000000
1 16 1 12288.000000 0.03376596421003 3 -3.2500000000
1 16 2 24576.000000 0.00623547285795 6 -3.5000000000
1 16 3 36864.000000 0.00153839809354 4 -4.2500000000
1 16 4 49152.000000 0.00053427490639 3 -5.2500000000
1 16 5 61440.000000 0.00013116991613 4 -6.0000000000
1 16 6 73728.000000 0.00003444364484 3 -7.0000000000
1 16 7 86016.000000 0.00001222697483 3 -8.0000000000
1 16 8 98304.000000 0.00000281520875 4 -8.7500000000
1 16 9 110592.000000 0.00000071674532 3 -9.7500000000
1 16 10 122880.000000 0.00000017954311 3 -10.7500000000
1 16 11 135168.000000 0.00000004808663 3 -11.7500000000
1 16 12 147456.000000 0.00000001360211 3 -12.7500000000
1 16 13 159744.000000 0.00000000315345 3 -13.7500000000
1 16 14 172032.000000 0.00000000073988 3 -14.7500000000
1 16 15 184320.000000 0.00000000015954 3 -15.7500000000
1 16 16 196608.000000 0.00000000004438 3 -16.7500000000
1 17 0 0.000000 0.40404075384140 0 -3.0000000000
1 17 1 12288.000000 0.30194771289825 5 -1.7500000000
1 17 2 24576.000000 0.03867473825812 0 -3.5000000000
1 17 3 36864.000000 0.01139845326543 4 -4.2500000000
1 17 4 49152.000000 0.00425937585533 5 -4.7500000000
1 17 5 61440.000000 0.00151395634748 4 -5.5000000000
1 17 6 73728.000000 0.00055440008873 4 -6.2500000000
1 17 7 86016.000000 0.00017954056966 4 -7.0000000000
1 17 8 98304.000000 0.00005739381231 3 -8.0000000000
1 17 9 110592.000000 0.00001294926733 4 -8.7500000000
1 17 10 122880.000000 0.00000335180152 3 -9.7500000000
1 17 11 135168.000000 0.00000085407481 3 -10.7500000000
1 17 12 147456.000000 0.00000020985337 3 -11.7500000000
1 17 13 159744.000000 0.00000005163477 3 -12.7500000000
1 17 14 172032.000000 0.00000001303659 3 -13.7500000000
1 17 15 184320.000000 0.00000000312118 3 -14.7500000000
1 17 16 196608.000000 0.00000000090722 3 -15.7500000000
1 18 0 0.000000 0.07568770647049 0 -4.0000000000
1 18 1 12288.000000 0.03860302269459 2 -3.5000000000
1 18 2 24576.000000 0.00802885089070 7 -3.5000000000
1 18 3 36864.000000 0.00195128831547 4 -4.2500000000
1 18 4 49152.000000 0.00059882388450 4 -5.0000000000
1 18 5 61440.000000 0.00013851121184 3 -6.0000000000
1 18 6 73728.000000 0.00003845681567 3 -7.0000000000
1 18 7 86016.000000 0.00001135588172 4 -7.7500000000
1 18 8 98304.000000 0.00000319796391 3 -8.7500000000
1 18 9 110592.000000 0.00000074524178 3 -9.7500000000
1 18 10 122880.000000 0.00000018236076 3 -10.7500000000
1 18 11 135168.000000 0.00000005309413 3 -11.7500000000
1 18 12 147456.000000 0.00000001247515 3 -12.7500000000
1 18 13 159744.000000 0.00000000323061 3 -13.7500000000
1 18 14 172032.000000 0.00000000082771 3 -14.7500000000
1 18 15 184320.000000 0.00000000020248 3 -15.7500000000
1 18 16 196608.000000 0.00000000004705 3 -16.7500000000
1 19 0 0.000000 0.00433160830289 0 -5.0000000000
1 19 1 12288.000000 0.00275249546394 6 -3.5000000000
1 19 2 24576.000000 0.00072652060771 4 -4.2500000000
1 19 3 36864.000000 0.00023815697932 5 -4.7500000000
1 19 4 49152.000000 0.00007310952788 3 -5.7500000000
1 19 5 61440.000000 0.00002043342283 3 -6.7500000000
1 19 6 73728.000000 0.00000574896922 4 -7.5000000000
1 19 7 86016.000000 0.00000146656157 3 -8.5000000000
1 19 8 98304.000000 0.00000042033332 3 -9.5000000000
1 19 9 110592.000000 0.00000009996572 3 -10.5000000000
1 19 10 122880.000000 0.00000002514526 3 -11.5000000000
1 19 11 135168.000000 0.00000000611951 3 -12.5000000000
1 19 12 147456.000000 0.00000000151135 3 -13.5000000000
1 19 13 159744.000000 0.00000000042235 3 -14.5000000000
1 19 14 172032.000000 0.00000000009520 3 -15.5000000000
1 19 15 184320.000000 0.00000000002358 3 -16.5000000000
1 19 16 196608.000000 0.00000000000707 3 -17.5000000000
1 20 0 0.000000 0.00008605224866 0 -6.0000000000
1 20 1 12288.000000 0.00005679337119 0 -6.0000000000
1 20 2 24576.000000 0.00001619653085 5 -6.5000000000
1 20 3 36864.000000 0.00000595100164 5 -7.0000000000
1 20 4 49152.000000 0.00000218139780 4 -7.7500000000
1 20 5 61440.000000 0.00000088724374 5 -8.2500000000
1 20 6 73728.000000 0.00000028214689 3 -9.2500000000
1 20 7 86016.000000 0.00000008837512 4 -10.0000000000
1 20 8 98304.000000 0.00000002510836 4 -10.7500000000
1 20 9 110592.000000 0.00000000637845 3 -11.7500000000
1 20 10 122880.000000 0.00000000151997 3 -12.7500000000
1 20 11 135168.000000 0.00000000039962 3 -13.7500000000
1 20 12 147456.000000 0.00000000010270 3 -14.7500000000
1 20 13 159744.000000 0.00000000002398 3 -15.7500000000
1 20 14 172032.000000 0.00000000000681 3 -16.7500000000
1 20 15 184320.000000 0.00000000000210 3 -17.7500000000
1 20 16 196608.000000 0.00000000000096 3 -18.7500000000
1 21 0 0.000000 0.00264926278032 0 -5.0000000000
1 21 1 12288.000000 0.00142869155388 5 -3.7500000000
1 21 2 24576.000000 0.00044164367137 3 -4.7500000000
1 21 3 36864.000000 0.00015719364455 5 -5.2500000000
1 21 4 49152.000000 0.00006375371595 4 -6.0000000000
1 21 5 61440.000000 0.00001990620331 4 -6.7500000000
1 21 6 73728.000000 0.00000523793096 4 -7.5000000000
1 21 7 86016.000000 0.00000147975493 3 -8.5000000000
1 21 8 98304.000000 0.00000043481771 3 -9.5000000000
1 21 9 110592.000000 0.00000010845545 4 -10.2500000000
1 21 10 122880.000000 0.00000002950232 3 -11.2500000000
1 21 11 135168.000000 0.00000000729448 3 -12.2500000000
1 21 12 147456.000000 0.00000000191038 3 -13.2500000000
1 21 13 159744.000000 0.00000000049114 3 -14.2500000000
1 21 14 172032.000000 0.00000000011769 3 -15.2500000000
1 21 15 184320.000000 0.00000000003024 3 -16.2500000000
1 21 16 196608.000000 0.00000000000879 3 -17.2500000000
1 22 0 0.000000 0.02559492364526 0 -4.0000000000
1 22 1 12288.000000 0.01639883220196 2 -3.5000000000
1 22 2 24576.000000 0.00293870340101 4 -4.2500000000
1 22 3 36864.000000 0.00106532394420 6 -4.5000000000
1 22 4 49152.000000 0.00030715085450 4 -5.2500000000
1 22 5 61440.000000 0.00010323180322 4 -6.0000000000
1 22 6 73728.000000 0.00003119223038 4 -6.7500000000
1 22 7 86016.000000 0.00000810347319 3 -7.7500000000
1 22 8 98304.000000 0.00000241666021 3 -8.7500000000
1 22 9 110592.000000 0.00000062500277 4 -9.5000000000
1 22 10 122880.000000 0.00000015187061 3 -10.5000000000
1 22 11 135168.000000 0.00000004031575 3 -11.5000000000
1 22 12 147456.000000 0.00000001211340 3 -12.5000000000
1 22 13 159744.000000 0.00000000283461 3 -13.5000000000
1 22 14 172032.000000 0.00000000066902 3 -14.5000000000
1 22 15 184320.000000 0.00000000015806 3 -15.5000000000
1 22 16 196608.000000 0.00000000004020 3 -16.5000000000
1 23 0 0.000000 0.00288053415716 0 -5.0000000000
1 23 1 12288.000000 0.00208203052171 3 -4.2500000000
1 23 2 24576.000000 0.00040149062988 5 -4.7500000000
1 23 3 36864.000000 0.00011175527470 3 -5.7500000000
1 23 4 49152.000000 0.00003472347453 4 -6.5000000000
1 23 5 61440.000000 0.00001077442630 4 -7.2500000000
1 23 6 73728.000000 0.00000324135067 4 -8.0000000000
1 23 7 86016.000000 0.00000095037274 3 -9.0000000000
1 23 8 98304.000000 0.00000026025020 4 -9.7500000000
1 23 9 110592.000000 0.00000006645138 3 -10.7500000000
1 23 10 122880.000000 0.00000001575253 3 -11.7500000000
1 23 11 135168.000000 0.00000000436372 3 -12.7500000000
1 23 12 147456.000000 0.00000000094506 3 -13.7500000000
1 23 13 159744.000000 0.00000000024921 3 -14.7500000000
1 23 14 172032.000000 0.00000000006827 3 -15.7500000000
1 23 15 184320.000000 0.00000000001638 3 -16.7500000000
1 23 16 196608.000000 0.00000000000488 3 -17.7500000000
1 24 0 0.000000 0.00010417523299 0 -6.0000000000
1 24 1 12288.000000 0.00006262528041 0 -6.0000000000
1 24 2 24576.000000 0.00001765831621 6 -6.2500000000
1 24 3 36864.000000 0.00000590205627 4 -7.0000000000
1 24 4 49152.000000 0.00000196508381 4 -7.7500000000
1 24 5 61440.000000 0.00000066028775 4 -8.5000000000
1 24 6 73728.000000 0.00000022700993 4 -9.2500000000
1 24 7 86016.000000 0.00000006136290 3 -10.2500000000
1 24 8 98304.000000 0.00000001722958 4 -11.0000000000
1 24 9 110592.000000 0.00000000466339 3 -12.0000000000
1 24 10 122880.000000 0.00000000130278 3 -13.0000000000
1 24 11 135168.000000 0.00000000028843 3 -14.0000000000
1 24 12 147456.000000 0.00000000007548 3 -15.0000000000
1 24 13 159744.000000 0.00000000001879 3 -16.0000000000
1 24 14 172032.000000 0.00000000000570 3 -17.0000000000
1 24 15 184320.000000 0.00000000000182 3 -18.0000000000
1 24 16 196608.000000 0.00000000000095 3 -19.0000000000
