4 0 0 0.000000 0.00618560239673 0 -5.0000000000
4 0 1 49152.000000 0.00255065946840 1 -4.7500000000
4 0 2 98304.000000 0.00068283197470 3 -5.7500000000
4 0 3 147456.000000 0.00024704146199 5 -6.2500000000
4 0 4 196608.000000 0.00009928645886 4 -7.0000000000
4 0 5 245760.000000 0.00003723444388 4 -7.7500000000
4 0 6 294912.000000 0.00001476503621 5 -8.2500000000
4 0 7 344064.000000 0.00000414011402 4 -9.0000000000
4 0 8 393216.000000 0.00000100480122 3 -10.0000000000
4 0 9 442368.000000 0.00000031573813 3 -11.0000000000
4 0 10 491520.000000 0.00000008801368 4 -11.7500000000
4 0 11 540672.000000 0.00000002228709 3 -12.7500000000
4 0 12 589824.000000 0.00000000553672 3 -13.7500000000
4 0 13 638976.000000 0.00000000136406 3 -14.7500000000
4 0 14 688128.000000 0.00000000036036 3 -15.7500000000
4 0 15 737280.000000 0.00000000008745 3 -16.7500000000
4 0 16 786432.000000 0.00000000002222 3 -17.7500000000
4 1 0 0.000000 0.17748959362507 0 -4.0000000000
4 1 1 49152.000000 0.08516152203083 2 -3.5000000000
4 1 2 98304.000000 0.01195418927819 2 -4.7500000000
4 1 3 147456.000000 0.00358300749213 3 -5.7500000000
4 1 4 196608.000000 0.00136516510975 4 -6.5000000000
4 1 5 245760.000000 0.00044740035082 5 -7.0000000000
4 1 6 294912.000000 0.00013648574532 3 -8.0000000000
4 1 7 344064.000000 0.00004374457785 4 -8.7500000000
4 1 8 393216.000000 0.00001287529449 4 -9.5000000000
4 1 9 442368.000000 0.00000349700190 3 -10.5000000000
4 1 10 491520.000000 0.00000082850693 3 -11.5000000000
4 1 11 540672.000000 0.00000020528346 3 -12.5000000000
4 1 12 589824.000000 0.00000005247054 3 -13.5000000000
4 1 13 638976.000000 0.00000001582557 3 -14.5000000000
4 1 14 688128.000000 0.00000000476660 4 -15.2500000000
4 1 15 737280.000000 0.00000000114202 3 -16.2500000000
4 1 16 786432.000000 0.00000000025826 3 -17.2500000000
4 2 0 0.000000 0.01069439109415 0 -5.0000000000
4 2 1 49152.000000 0.00766640063375 1 -4.7500000000
4 2 2 98304.000000 0.00150298781227 5 -5.2500000000
4 2 3 147456.000000 0.00048478847020 4 -6.0000000000
4 2 4 196608.000000 0.00016570217849 4 -6.7500000000
4 2 5 245760.000000 0.00006443158782 5 -7.2500000000
4 2 6 294912.000000 0.00002181255149 4 -8.0000000000
4 2 7 344064.000000 0.00000732484887 4 -8.7500000000
4 2 8 393216.000000 0.00000176529170 3 -9.7500000000
4 2 9 442368.000000 0.00000047583771 3 -10.7500000000
4 2 10 491520.000000 0.00000012796647 3 -11.7500000000
4 2 11 540672.000000 0.00000003365436 3 -12.7500000000
4 2 12 589824.000000 0.00000001042053 4 -13.5000000000
4 2 13 638976.000000 0.00000000232838 3 -14.5000000000
4 2 14 688128.000000 0.00000000065718 3 -15.5000000000
4 2 15 737280.000000 0.00000000016003 3 -16.5000000000
4 2 16 786432.000000 0.00000000004023 3 -17.5000000000
4 3 0 0.000000 0.10776931792498 0 -4.0000000000
4 3 1 49152.000000 0.04454119130969 0 -4.0000000000
4 3 2 98304.000000 0.00881339330226 4 -4.7500000000
4 3 3 147456.000000 0.00212110718712 3 -5.7500000000
4 3 4 196608.000000 0.00072046043351 4 -6.5000000000
4 3 5 245760.000000 0.00025798121351 3 -7.5000000000
4 3 6 294912.000000 0.00008791010623 5 -8.0000000000
4 3 7 344064.000000 0.00002664087333 3 -9.0000000000
4 3 8 393216.000000 0.00000674722378 4 -9.7500000000
4 3 9 442368.000000 0.00000176147523 3 -10.7500000000
4 3 10 491520.000000 0.00000044134765 3 -11.7500000000
4 3 11 540672.000000 0.00000010882032 3 -12.7500000000
4 3 12 589824.000000 0.00000002848473 3 -13.7500000000
4 3 13 638976.000000 0.00000000682279 3 -14.7500000000
4 3 14 688128.000000 0.00000000166867 3 -15.7500000000
4 3 15 737280.000000 0.00000000047010 3 -16.7500000000
4 3 16 786432.000000 0.00000000011553 3 -17.7500000000
4 4 0 0.000000 6.31226825714111 0 -3.0000000000
4 4 1 49152.000000 4.19635915756226 0 -3.0000000000
4 4 2 98304.000000 0.61000448465347 3 -4.0000000000
4 4 3 147456.000000 0.19991672039032 5 -4.5000000000
4 4 4 196608.000000 0.08000127971172 3 -5.5000000000
4 4 5 245760.000000 0.03179914131761 5 -6.0000000000
4 4 6 294912.000000 0.01046124100685 5 -6.5000000000
4 4 7 344064.000000 0.00303739262745 4 -7.2500000000
4 4 8 393216.000000 0.00095028901706 4 -8.0000000000
4 4 9 442368.000000 0.00021738634678 3 -9.0000000000
4 4 10 491520.000000 0.00005378895730 3 -10.0000000000
4 4 11 540672.000000 0.00001298458665 3 -11.0000000000
4 4 12 589824.000000 0.00000423617257 3 -12.0000000000
4 4 13 638976.000000 0.00000137016366 3 -13.0000000000
4 4 14 688128.000000 0.00000036041564 4 -13.7500000000
4 4 15 737280.000000 0.00000007915059 3 -14.7500000000
4 4 16 786432.000000 0.00000002182384 3 -15.7500000000
4 5 0 0.000000 0.08131166547537 0 -4.0000000000
4 5 1 49152.000000 0.02339626289904 1 -3.7500000000
4 5 2 98304.000000 0.00379886291921 1 -5.2500000000
4 5 3 147456.000000 0.00138759252150 4 -6.0000000000
4 5 4 196608.000000 0.00051695696311 5 -6.5000000000
4 5 5 245760.000000 0.00015926315973 3 -7.5000000000
4 5 6 294912.000000 0.00004873426951 4 -8.2500000000
4 5 7 344064.000000 0.00001494037861 4 -9.0000000000
4 5 8 393216.000000 0.00000385214298 3 -10.0000000000
4 5 9 442368.000000 0.00000089961634 3 -11.0000000000
4 5 10 491520.000000 0.00000025113297 3 -12.0000000000
4 5 11 540672.000000 0.00000006832249 3 -13.0000000000
4 5 12 589824.000000 0.00000001430109 3 -14.0000000000
4 5 13 638976.000000 0.00000000369446 3 -15.0000000000
4 5 14 688128.000000 0.00000000097768 3 -16.0000000000
4 5 15 737280.000000 0.00000000025148 3 -17.0000000000
4 5 16 786432.000000 0.00000000006519 3 -18.0000000000
4 6 0 0.000000 0.00569848529994 0 -5.0000000000
4 6 1 49152.000000 0.00275626103394 0 -5.0000000000
4 6 2 98304.000000 0.00083078950411 5 -5.5000000000
4 6 3 147456.000000 0.00039744895184 3 -6.5000000000
4 6 4 196608.000000 0.00017662398750 6 -6.7500000000
4 6 5 245760.000000 0.00008745532250 6 -7.0000000000
4 6 6 294912.000000 0.00003406175529 4 -7.7500000000
4 6 7 344064.000000 0.00001091178910 5 -8.2500000000
4 6 8 393216.000000 0.00000278520884 3 -9.2500000000
4 6 9 442368.000000 0.00000089133351 3 -10.2500000000
4 6 10 491520.000000 0.00000021128180 4 -11.0000000000
4 6 11 540672.000000 0.00000006109970 3 -12.0000000000
4 6 12 589824.000000 0.00000001504312 3 -13.0000000000
4 6 13 638976.000000 0.00000000364202 3 -14.0000000000
4 6 14 688128.000000 0.00000000088997 3 -15.0000000000
4 6 15 737280.000000 0.00000000025217 3 -16.0000000000
4 6 16 786432.000000 0.00000000006063 3 -17.0000000000
4 7 0 0.000000 0.11125496774912 0 -4.0000000000
4 7 1 49152.000000 0.03812328726053 1 -3.7500000000
4 7 2 98304.000000 0.00623385142535 2 -5.0000000000
4 7 3 147456.000000 0.00233645178378 4 -5.7500000000
4 7 4 196608.000000 0.00077127985423 4 -6.5000000000
4 7 5 245760.000000 0.00030048415647 4 -7.2500000000
4 7 6 294912.000000 0.00008886939031 4 -8.0000000000
4 7 7 344064.000000 0.00002597827188 4 -8.7500000000
4 7 8 393216.000000 0.00000656762950 3 -9.7500000000
4 7 9 442368.000000 0.00000216732406 3 -10.7500000000
4 7 10 491520.000000 0.00000058839748 4 -11.5000000000
4 7 11 540672.000000 0.00000012959724 3 -12.5000000000
4 7 12 589824.000000 0.00000003434485 3 -13.5000000000
4 7 13 638976.000000 0.00000000934787 3 -14.5000000000
4 7 14 688128.000000 0.00000000239475 3 -15.5000000000
4 7 15 737280.000000 0.00000000053181 3 -16.5000000000
4 7 16 786432.000000 0.00000000013312 3 -17.5000000000
4 8 0 0.000000 0.00820145849138 0 -5.0000000000
4 8 1 49152.000000 0.00525003252551 1 -4.7500000000
4 8 2 98304.000000 0.00112970953342 4 -5.5000000000
4 8 3 147456.000000 0.00043598021148 4 -6.2500000000
4 8 4 196608.000000 0.00016411633987 5 -6.7500000000
4 8 5 245760.000000 0.00006004365059 5 -7.2500000000
4 8 6 294912.000000 0.00001804961721 3 -8.2500000000
4 8 7 344064.000000 0.00000508186622 4 -9.0000000000
4 8 8 393216.000000 0.00000161596176 3 -10.0000000000
4 8 9 442368.000000 0.00000039779701 4 -10.7500000000
4 8 10 491520.000000 0.00000010711580 3 -11.7500000000
4 8 11 540672.000000 0.00000002633625 3 -12.7500000000
4 8 12 589824.000000 0.00000000617570 3 -13.7500000000
4 8 13 638976.000000 0.00000000160056 3 -14.7500000000
4 8 14 688128.000000 0.00000000039015 3 -15.7500000000
4 8 15 737280.000000 0.00000000009529 3 -16.7500000000
4 8 16 786432.000000 0.00000000002475 3 -17.7500000000
