2 0 0 0.000000 0.01107184682041 0 -5.0000000000
2 0 1 98304.000000 0.00412995181978 0 -5.0000000000
2 0 2 196608.000000 0.00062555295881 6 -5.2500000000
2 0 3 294912.000000 0.00020286414656 3 -6.2500000000
2 0 4 393216.000000 0.00007749728684 5 -6.7500000000
2 0 5 491520.000000 0.00002749116720 5 -7.2500000000
2 0 6 589824.000000 0.00000959655154 3 -8.2500000000
2 0 7 688128.000000 0.00000312788984 4 -9.0000000000
2 0 8 786432.000000 0.00000084977319 4 -9.7500000000
2 0 9 884736.000000 0.00000029800390 4 -10.5000000000
2 0 10 983040.000000 0.00000006885960 3 -11.5000000000
2 0 11 1081344.000000 0.00000001676401 3 -12.5000000000
2 0 12 1179648.000000 0.00000000470519 3 -13.5000000000
2 0 13 1277952.000000 0.00000000097126 3 -14.5000000000
2 0 14 1376256.000000 0.00000000027167 3 -15.5000000000
2 0 15 1474560.000000 0.00000000006594 3 -16.5000000000
2 0 16 1572864.000000 0.00000000001728 3 -17.5000000000
2 1 0 0.000000 0.36504110693932 0 -4.0000000000
2 1 1 98304.000000 0.18206003308296 0 -4.0000000000
2 1 2 196608.000000 0.01958876103163 5 -4.5000000000
2 1 3 294912.000000 0.00654950551689 4 -5.2500000000
2 1 4 393216.000000 0.00274102878757 5 -5.7500000000
2 1 5 491520.000000 0.00107709201984 4 -6.5000000000
2 1 6 589824.000000 0.00039568866487 4 -7.2500000000
2 1 7 688128.000000 0.00013067801774 4 -8.0000000000
2 1 8 786432.000000 0.00003777238817 4 -8.7500000000
2 1 9 884736.000000 0.00001075190994 3 -9.7500000000
2 1 10 983040.000000 0.00000296292478 3 -10.7500000000
2 1 11 1081344.000000 0.00000086211054 4 -11.5000000000
2 1 12 1179648.000000 0.00000021404931 3 -12.5000000000
2 1 13 1277952.000000 0.00000005233001 3 -13.5000000000
2 1 14 1376256.000000 0.00000001326139 3 -14.5000000000
2 1 15 1474560.000000 0.00000000358944 3 -15.5000000000
2 1 16 1572864.000000 0.00000000082652 3 -16.5000000000
2 2 0 0.000000 0.01518839690834 0 -5.0000000000
2 2 1 98304.000000 0.00907313916832 0 -5.0000000000
2 2 2 196608.000000 0.00120506645180 5 -5.5000000000
2 2 3 294912.000000 0.00035977581865 5 -6.0000000000
2 2 4 393216.000000 0.00013204976858 3 -7.0000000000
2 2 5 491520.000000 0.00005637497088 5 -7.5000000000
2 2 6 589824.000000 0.00002896584192 5 -8.0000000000
2 2 7 688128.000000 0.00001071384759 5 -8.5000000000
2 2 8 786432.000000 0.00000304883179 4 -9.2500000000
2 2 9 884736.000000 0.00000097540124 3 -10.2500000000
2 2 10 983040.000000 0.00000023168420 4 -11.0000000000
2 2 11 1081344.000000 0.00000005809020 3 -12.0000000000
2 2 12 1179648.000000 0.00000001459069 3 -13.0000000000
2 2 13 1277952.000000 0.00000000396455 3 -14.0000000000
2 2 14 1376256.000000 0.00000000085370 3 -15.0000000000
2 2 15 1474560.000000 0.00000000024579 3 -16.0000000000
2 2 16 1572864.000000 0.00000000005984 3 -17.0000000000
2 3 0 0.000000 0.35390272736549 0 -4.0000000000
2 3 1 98304.000000 0.15923720598221 0 -4.0000000000
2 3 2 196608.000000 0.02753466553986 4 -4.7500000000
2 3 3 294912.000000 0.01021505054086 6 -5.0000000000
2 3 4 393216.000000 0.00366271962412 4 -5.7500000000
2 3 5 491520.000000 0.00145486951806 5 -6.2500000000
2 3 6 589824.000000 0.00057851418387 4 -7.0000000000
2 3 7 688128.000000 0.00022718744003 5 -7.5000000000
2 3 8 786432.000000 0.00006785739242 4 -8.2500000000
2 3 9 884736.000000 0.00001668365076 3 -9.2500000000
2 3 10 983040.000000 0.00000417511092 3 -10.2500000000
2 3 11 1081344.000000 0.00000096205008 3 -11.2500000000
2 3 12 1179648.000000 0.00000025663067 3 -12.2500000000
2 3 13 1277952.000000 0.00000009470456 4 -13.0000000000
2 3 14 1376256.000000 0.00000002131387 3 -14.0000000000
2 3 15 1474560.000000 0.00000000589208 3 -15.0000000000
2 3 16 1572864.000000 0.00000000141591 3 -16.0000000000
2 4 0 0.000000 2.69107151031494 0 -4.0000000000
2 4 1 98304.000000 2.82226061820984 6 -2.5000000000
2 4 2 196608.000000 0.66209483146667 0 -4.2500000000
2 4 3 294912.000000 0.21407149732113 4 -5.0000000000
2 4 4 393216.000000 0.06863243877888 4 -5.7500000000
2 4 5 491520.000000 0.02213519811630 4 -6.5000000000
2 4 6 589824.000000 0.00720664206892 4 -7.2500000000
2 4 7 688128.000000 0.00213491008617 4 -8.0000000000
2 4 8 786432.000000 0.00061307405122 3 -9.0000000000
2 4 9 884736.000000 0.00017771637067 4 -9.7500000000
2 4 10 983040.000000 0.00004112321767 3 -10.7500000000
2 4 11 1081344.000000 0.00001016890928 3 -11.7500000000
2 4 12 1179648.000000 0.00000287536523 3 -12.7500000000
2 4 13 1277952.000000 0.00000092948625 3 -13.7500000000
2 4 14 1376256.000000 0.00000016219556 3 -14.7500000000
2 4 15 1474560.000000 0.00000004439087 3 -15.7500000000
2 4 16 1572864.000000 0.00000001204819 3 -16.7500000000
2 5 0 0.000000 0.24826279282570 0 -4.0000000000
2 5 1 98304.000000 0.06822735071182 0 -4.0000000000
2 5 2 196608.000000 0.01008452288806 4 -4.7500000000
2 5 3 294912.000000 0.00358890416101 4 -5.5000000000
2 5 4 393216.000000 0.00145483703818 6 -5.7500000000
2 5 5 491520.000000 0.00057712197304 4 -6.5000000000
2 5 6 589824.000000 0.00019662982959 4 -7.2500000000
2 5 7 688128.000000 0.00007273904339 4 -8.0000000000
2 5 8 786432.000000 0.00001983605944 4 -8.7500000000
2 5 9 884736.000000 0.00000459674266 3 -9.7500000000
2 5 10 983040.000000 0.00000122361450 3 -10.7500000000
2 5 11 1081344.000000 0.00000030592426 3 -11.7500000000
2 5 12 1179648.000000 0.00000006788142 3 -12.7500000000
2 5 13 1277952.000000 0.00000001803459 3 -13.7500000000
2 5 14 1376256.000000 0.00000000496094 3 -14.7500000000
2 5 15 1474560.000000 0.00000000106749 3 -15.7500000000
2 5 16 1572864.000000 0.00000000028685 3 -16.7500000000
2 6 0 0.000000 0.01065888162702 0 -5.0000000000
2 6 1 98304.000000 0.00486671645194 0 -5.0000000000
2 6 2 196608.000000 0.00072441861266 6 -5.2500000000
2 6 3 294912.000000 0.00023775541922 4 -6.0000000000
2 6 4 393216.000000 0.00008628079377 5 -6.5000000000
2 6 5 491520.000000 0.00003022044621 5 -7.0000000000
2 6 6 589824.000000 0.00001102606075 3 -8.0000000000
2 6 7 688128.000000 0.00000424473046 5 -8.5000000000
2 6 8 786432.000000 0.00000125559848 3 -9.5000000000
2 6 9 884736.000000 0.00000031315346 4 -10.2500000000
2 6 10 983040.000000 0.00000008529259 3 -11.2500000000
2 6 11 1081344.000000 0.00000001923273 3 -12.2500000000
2 6 12 1179648.000000 0.00000000494907 3 -13.2500000000
2 6 13 1277952.000000 0.00000000139092 3 -14.2500000000
2 6 14 1376256.000000 0.00000000031019 3 -15.2500000000
2 6 15 1474560.000000 0.00000000007760 3 -16.2500000000
2 6 16 1572864.000000 0.00000000001919 3 -17.2500000000
2 7 0 0.000000 0.23519116640091 0 -4.0000000000
2 7 1 98304.000000 0.07603686302900 0 -4.0000000000
2 7 2 196608.000000 0.01024176366627 4 -4.7500000000
2 7 3 294912.000000 0.00469821551815 4 -5.5000000000
2 7 4 393216.000000 0.00182531343307 6 -5.7500000000
2 7 5 491520.000000 0.00060778547777 4 -6.5000000000
2 7 6 589824.000000 0.00020870937442 4 -7.2500000000
2 7 7 688128.000000 0.00006613582809 3 -8.2500000000
2 7 8 786432.000000 0.00001866173443 4 -9.0000000000
2 7 9 884736.000000 0.00000503855881 3 -10.0000000000
2 7 10 983040.000000 0.00000135615289 4 -10.7500000000
2 7 11 1081344.000000 0.00000034700599 3 -11.7500000000
2 7 12 1179648.000000 0.00000007983201 3 -12.7500000000
2 7 13 1277952.000000 0.00000002114485 3 -13.7500000000
2 7 14 1376256.000000 0.00000000545392 3 -14.7500000000
2 7 15 1474560.000000 0.00000000133525 3 -15.7500000000
2 7 16 1572864.000000 0.00000000033029 3 -16.7500000000
2 8 0 0.000000 0.01325936056674 0 -5.0000000000
2 8 1 98304.000000 0.00770354922861 0 -5.0000000000
2 8 2 196608.000000 0.00106689869426 5 -5.5000000000
2 8 3 294912.000000 0.00032068026485 5 -6.0000000000
2 8 4 393216.000000 0.00010051362187 4 -6.7500000000
2 8 5 491520.000000 0.00003724472481 4 -7.5000000000
2 8 6 589824.000000 0.00001252180209 4 -8.2500000000
2 8 7 688128.000000 0.00000419759999 4 -9.0000000000
2 8 8 786432.000000 0.00000115963644 4 -9.7500000000
2 8 9 884736.000000 0.00000029536508 3 -10.7500000000
2 8 10 983040.000000 0.00000009003193 3 -11.7500000000
2 8 11 1081344.000000 0.00000002610389 4 -12.5000000000
2 8 12 1179648.000000 0.00000000623668 3 -13.5000000000
2 8 13 1277952.000000 0.00000000149678 3 -14.5000000000
2 8 14 1376256.000000 0.00000000037010 3 -15.5000000000
2 8 15 1474560.000000 0.00000000009485 3 -16.5000000000
2 8 16 1572864.000000 0.00000000002386 3 -17.5000000000
