1 0 0 0.000000 0.00013336910342 0 -6.0000000000
1 0 1 12288.000000 0.00007914379239 2 -5.5000000000
1 0 2 24576.000000 0.00002445312748 4 -6.2500000000
1 0 3 36864.000000 0.00001021931439 5 -6.7500000000
1 0 4 49152.000000 0.00000426885890 4 -7.5000000000
1 0 5 61440.000000 0.00000170298426 5 -8.0000000000
1 0 6 73728.000000 0.00000053989919 4 -8.7500000000
1 0 7 86016.000000 0.00000016637919 4 -9.5000000000
1 0 8 98304.000000 0.00000004286073 3 -10.5000000000
1 0 9 110592.000000 0.00000001072756 3 -11.5000000000
1 0 10 122880.000000 0.00000000367153 4 -12.2500000000
1 0 11 135168.000000 0.00000000091877 3 -13.2500000000
1 0 12 147456.000000 0.00000000022444 3 -14.2500000000
1 0 13 159744.000000 0.00000000005623 3 -15.2500000000
1 0 14 172032.000000 0.00000000001471 3 -16.2500000000
1 0 15 184320.000000 0.00000000000509 3 -17.2500000000
1 0 16 196608.000000 0.00000000000220 3 -18.2500000000
1 1 0 0.000000 0.00252208695747 0 -5.0000000000
1 1 1 12288.000000 0.00178649334703 1 -4.7500000000
1 1 2 24576.000000 0.00044772599358 8 -4.5000000000
1 1 3 36864.000000 0.00013790886442 4 -5.2500000000
1 1 4 49152.000000 0.00005894097922 4 -6.0000000000
1 1 5 61440.000000 0.00001944539872 4 -6.7500000000
1 1 6 73728.000000 0.00000640277676 4 -7.5000000000
1 1 7 86016.000000 0.00000171539534 4 -8.2500000000
1 1 8 98304.000000 0.00000047304772 3 -9.2500000000
1 1 9 110592.000000 0.00000011869479 3 -10.2500000000
1 1 10 122880.000000 0.00000004069426 3 -11.2500000000
1 1 11 135168.000000 0.00000001056442 4 -12.0000000000
1 1 12 147456.000000 0.00000000228095 3 -13.0000000000
1 1 13 159744.000000 0.00000000064552 3 -14.0000000000
1 1 14 172032.000000 0.00000000016879 3 -15.0000000000
1 1 15 184320.000000 0.00000000004381 3 -16.0000000000
1 1 16 196608.000000 0.00000000001193 3 -17.0000000000
1 2 0 0.000000 0.01965081505477 0 -4.0000000000
1 2 1 12288.000000 0.01321547385305 1 -3.7500000000
1 2 2 24576.000000 0.00204640161246 3 -4.7500000000
1 2 3 36864.000000 0.00061573059065 5 -5.2500000000
1 2 4 49152.000000 0.00016966520343 3 -6.2500000000
1 2 5 61440.000000 0.00004894278391 4 -7.0000000000
1 2 6 73728.000000 0.00001632470412 3 -8.0000000000
1 2 7 86016.000000 0.00000469495217 4 -8.7500000000
1 2 8 98304.000000 0.00000127587407 3 -9.7500000000
1 2 9 110592.000000 0.00000037958452 4 -10.5000000000
1 2 10 122880.000000 0.00000009802461 3 -11.5000000000
1 2 11 135168.000000 0.00000002393845 3 -12.5000000000
1 2 12 147456.000000 0.00000000575817 3 -13.5000000000
1 2 13 159744.000000 0.00000000155099 3 -14.5000000000
1 2 14 172032.000000 0.00000000042918 3 -15.5000000000
1 2 15 184320.000000 0.00000000008991 3 -16.5000000000
1 2 16 196608.000000 0.00000000002451 3 -17.5000000000
1 3 0 0.000000 0.00292510585859 0 -5.0000000000
1 3 1 12288.000000 0.00204231333919 2 -4.5000000000
1 3 2 24576.000000 0.00048706054804 6 -4.7500000000
1 3 3 36864.000000 0.00016744183085 5 -5.2500000000
1 3 4 49152.000000 0.00006381046842 4 -6.0000000000
1 3 5 61440.000000 0.00002317621147 5 -6.5000000000
1 3 6 73728.000000 0.00000692862113 3 -7.5000000000
1 3 7 86016.000000 0.00000206926870 4 -8.2500000000
1 3 8 98304.000000 0.00000049423909 3 -9.2500000000
1 3 9 110592.000000 0.00000013147874 3 -10.2500000000
1 3 10 122880.000000 0.00000003085358 3 -11.2500000000
1 3 11 135168.000000 0.00000000819317 3 -12.2500000000
1 3 12 147456.000000 0.00000000203956 3 -13.2500000000
1 3 13 159744.000000 0.00000000047926 3 -14.2500000000
1 3 14 172032.000000 0.00000000011781 3 -15.2500000000
1 3 15 184320.000000 0.00000000003325 3 -16.2500000000
1 3 16 196608.000000 0.00000000000929 3 -17.2500000000
1 4 0 0.000000 0.00014220658340 0 -6.0000000000
1 4 1 12288.000000 0.00009353911446 0 -6.0000000000
1 4 2 24576.000000 0.00002743626828 6 -6.2500000000
1 4 3 36864.000000 0.00001308041374 3 -7.2500000000
1 4 4 49152.000000 0.00000516622777 7 -7.2500000000
1 4 5 61440.000000 0.00000222979520 4 -8.0000000000
1 4 6 73728.000000 0.00000074626274 4 -8.7500000000
1 4 7 86016.000000 0.00000023390118 5 -9.2500000000
1 4 8 98304.000000 0.00000006427505 3 -10.2500000000
1 4 9 110592.000000 0.00000001352729 3 -11.2500000000
1 4 10 122880.000000 0.00000000409607 3 -12.2500000000
1 4 11 135168.000000 0.00000000100208 3 -13.2500000000
1 4 12 147456.000000 0.00000000024549 3 -14.2500000000
1 4 13 159744.000000 0.00000000006386 3 -15.2500000000
1 4 14 172032.000000 0.00000000001680 3 -16.2500000000
1 4 15 184320.000000 0.00000000000498 3 -17.2500000000
1 4 16 196608.000000 0.00000000000192 3 -18.2500000000
1 5 0 0.000000 0.00340713094920 0 -5.0000000000
1 5 1 12288.000000 0.00250485492870 1 -4.7500000000
1 5 2 24576.000000 0.00081971276086 8 -4.5000000000
1 5 3 36864.000000 0.00030004093423 6 -4.7500000000
1 5 4 49152.000000 0.00011964617443 4 -5.5000000000
1 5 5 61440.000000 0.00003428849595 4 -6.2500000000
1 5 6 73728.000000 0.00001026142854 4 -7.0000000000
1 5 7 86016.000000 0.00000284678663 3 -8.0000000000
1 5 8 98304.000000 0.00000067730195 3 -9.0000000000
1 5 9 110592.000000 0.00000016213765 3 -10.0000000000
1 5 10 122880.000000 0.00000004201386 3 -11.0000000000
1 5 11 135168.000000 0.00000001074882 3 -12.0000000000
1 5 12 147456.000000 0.00000000246058 3 -13.0000000000
1 5 13 159744.000000 0.00000000067511 3 -14.0000000000
1 5 14 172032.000000 0.00000000016339 3 -15.0000000000
1 5 15 184320.000000 0.00000000004035 3 -16.0000000000
1 5 16 196608.000000 0.00000000001092 3 -17.0000000000
1 6 0 0.000000 0.04928848147392 0 -4.0000000000
1 6 1 12288.000000 0.02151069417596 2 -3.5000000000
1 6 2 24576.000000 0.00430529331788 6 -3.7500000000
1 6 3 36864.000000 0.00146020541433 4 -4.5000000000
1 6 4 49152.000000 0.00043118625763 4 -5.2500000000
1 6 5 61440.000000 0.00012252188753 4 -6.0000000000
1 6 6 73728.000000 0.00003328549792 3 -7.0000000000
1 6 7 86016.000000 0.00000976512183 3 -8.0000000000
1 6 8 98304.000000 0.00000266315601 4 -8.7500000000
1 6 9 110592.000000 0.00000082495973 3 -9.7500000000
1 6 10 122880.000000 0.00000024186531 4 -10.5000000000
1 6 11 135168.000000 0.00000006351915 3 -11.5000000000
1 6 12 147456.000000 0.00000001640373 3 -12.5000000000
1 6 13 159744.000000 0.00000000409840 3 -13.5000000000
1 6 14 172032.000000 0.00000000100480 3 -14.5000000000
1 6 15 184320.000000 0.00000000026214 3 -15.5000000000
1 6 16 196608.000000 0.00000000005615 3 -16.5000000000
1 7 0 0.000000 0.21948833763599 0 -3.0000000000
1 7 1 12288.000000 0.16825801134109 4 -2.0000000000
1 7 2 24576.000000 0.02389797382057 0 -3.7500000000
1 7 3 36864.000000 0.00686042197049 4 -4.5000000000
1 7 4 49152.000000 0.00206329161301 5 -5.0000000000
1 7 5 61440.000000 0.00070628320100 3 -6.0000000000
1 7 6 73728.000000 0.00027753575705 4 -6.7500000000
1 7 7 86016.000000 0.00008616333798 5 -7.2500000000
1 7 8 98304.000000 0.00002711884736 4 -8.0000000000
1 7 9 110592.000000 0.00000675728506 3 -9.0000000000
1 7 10 122880.000000 0.00000165970539 3 -10.0000000000
1 7 11 135168.000000 0.00000049107456 3 -11.0000000000
1 7 12 147456.000000 0.00000010712697 3 -12.0000000000
1 7 13 159744.000000 0.00000002460240 3 -13.0000000000
1 7 14 172032.000000 0.00000000630255 3 -14.0000000000
1 7 15 184320.000000 0.00000000183962 3 -15.0000000000
1 7 16 196608.000000 0.00000000047715 3 -16.0000000000
1 8 0 0.000000 0.04815186560154 0 -4.0000000000
1 8 1 12288.000000 0.02739815600216 0 -4.0000000000
1 8 2 24576.000000 0.00560038955882 8 -3.7500000000
1 8 3 36864.000000 0.00148906721734 3 -4.7500000000
1 8 4 49152.000000 0.00046249202569 4 -5.5000000000
1 8 5 61440.000000 0.00015311515017 4 -6.2500000000
1 8 6 73728.000000 0.00003658927017 4 -7.0000000000
1 8 7 86016.000000 0.00001125064045 3 -8.0000000000
1 8 8 98304.000000 0.00000314833528 4 -8.7500000000
1 8 9 110592.000000 0.00000086096225 3 -9.7500000000
1 8 10 122880.000000 0.00000022623830 3 -10.7500000000
1 8 11 135168.000000 0.00000005540445 3 -11.7500000000
1 8 12 147456.000000 0.00000001476456 3 -12.7500000000
1 8 13 159744.000000 0.00000000336533 3 -13.7500000000
1 8 14 172032.000000 0.00000000085084 3 -14.7500000000
1 8 15 184320.000000 0.00000000019448 3 -15.7500000000
1 8 16 196608.000000 0.00000000005197 3 -16.7500000000
1 9 0 0.000000 0.00456863408908 0 -5.0000000000
1 9 1 12288.000000 0.00284276390448 5 -3.7500000000
1 9 2 24576.000000 0.00077234487981 4 -4.5000000000
1 9 3 36864.000000 0.00025744561572 5 -5.0000000000
1 9 4 49152.000000 0.00007991749590 4 -5.7500000000
1 9 5 61440.000000 0.00002677670636 3 -6.7500000000
1 9 6 73728.000000 0.00000838699816 4 -7.5000000000
1 9 7 86016.000000 0.00000273017167 4 -8.2500000000
1 9 8 98304.000000 0.00000084068176 4 -9.0000000000
1 9 9 110592.000000 0.00000018600458 3 -10.0000000000
1 9 10 122880.000000 0.00000004392003 3 -11.0000000000
1 9 11 135168.000000 0.00000001193049 3 -12.0000000000
1 9 12 147456.000000 0.00000000305481 3 -13.0000000000
1 9 13 159744.000000 0.00000000070293 3 -14.0000000000
1 9 14 172032.000000 0.00000000017208 3 -15.0000000000
1 9 15 184320.000000 0.00000000004723 3 -16.0000000000
1 9 16 196608.000000 0.00000000001187 3 -17.0000000000
1 10 0 0.000000 0.03021837212145 0 -4.0000000000
1 10 1 12288.000000 0.01589437574148 1 -3.7500000000
1 10 2 24576.000000 0.00260366848670 5 -4.2500000000
1 10 3 36864.000000 0.00080223742407 3 -5.2500000000
1 10 4 49152.000000 0.00030977386632 5 -5.7500000000
1 10 5 61440.000000 0.00011530511256 4 -6.5000000000
1 10 6 73728.000000 0.00003319879397 4 -7.2500000000
1 10 7 86016.000000 0.00000990127592 4 -8.0000000000
1 10 8 98304.000000 0.00000267883775 3 -9.0000000000
1 10 9 110592.000000 0.00000059709578 3 -10.0000000000
1 10 10 122880.000000 0.00000017501119 3 -11.0000000000
1 10 11 135168.000000 0.00000003991056 3 -12.0000000000
1 10 12 147456.000000 0.00000001009495 3 -13.0000000000
1 10 13 159744.000000 0.00000000267016 3 -14.0000000000
1 10 14 172032.000000 0.00000000062743 3 -15.0000000000
1 10 15 184320.000000 0.00000000015430 3 -16.0000000000
1 10 16 196608.000000 0.00000000004459 3 -17.0000000000
1 11 0 0.000000 0.30932676792145 0 -3.0000000000
1 11 1 12288.000000 0.17698800563812 0 -3.0000000000
1 11 2 24576.000000 0.02291476354003 5 -3.5000000000
1 11 3 36864.000000 0.00862574856728 5 -4.0000000000
1 11 4 49152.000000 0.00294277118519 4 -4.7500000000
1 11 5 61440.000000 0.00106784561649 4 -5.5000000000
1 11 6 73728.000000 0.00025473893038 4 -6.2500000000
1 11 7 86016.000000 0.00006887486234 3 -7.2500000000
1 11 8 98304.000000 0.00001562205216 3 -8.2500000000
1 11 9 110592.000000 0.00000451472124 3 -9.2500000000
1 11 10 122880.000000 0.00000101428373 3 -10.2500000000
1 11 11 135168.000000 0.00000026097717 3 -11.2500000000
1 11 12 147456.000000 0.00000006593110 3 -12.2500000000
1 11 13 159744.000000 0.00000001614864 3 -13.2500000000
1 11 14 172032.000000 0.00000000384139 3 -14.2500000000
1 11 15 184320.000000 0.00000000099902 3 -15.2500000000
1 11 16 196608.000000 0.00000000028676 3 -16.2500000000
1 12 0 0.000000 2.48513722419739 0 -3.0000000000
1 12 1 12288.000000 3.13469886779785 0 -3.0000000000
1 12 2 24576.000000 0.75634515285492 3 -4.0000000000
1 12 3 36864.000000 0.11706308275461 6 -4.2500000000
1 12 4 49152.000000 0.03158460557461 3 -5.2500000000
1 12 5 61440.000000 0.01283274125308 4 -6.0000000000
1 12 6 73728.000000 0.00377468974330 5 -6.5000000000
1 12 7 86016.000000 0.00112071132753 3 -7.5000000000
1 12 8 98304.000000 0.00028261725674 4 -8.2500000000
1 12 9 110592.000000 0.00007432818529 2 -9.5000000000
1 12 10 122880.000000 0.00001716514635 4 -10.2500000000
1 12 11 135168.000000 0.00000444478792 3 -11.2500000000
1 12 12 147456.000000 0.00000112360635 3 -12.2500000000
1 12 13 159744.000000 0.00000031841117 3 -13.2500000000
1 12 14 172032.000000 0.00000007297191 3 -14.2500000000
1 12 15 184320.000000 0.00000001646003 3 -15.2500000000
1 12 16 196608.000000 0.00000000480235 3 -16.2500000000
1 13 0 0.000000 0.42056214809418 0 -3.0000000000
1 13 1 12288.000000 0.26750546693802 0 -3.0000000000
1 13 2 24576.000000 0.02967998571694 5 -3.5000000000
1 13 3 36864.000000 0.01055859588087 5 -4.0000000000
1 13 4 49152.000000 0.00349439238198 3 -5.0000000000
1 13 5 61440.000000 0.00115791778080 5 -5.5000000000
1 13 6 73728.000000 0.00043883890612 4 -6.2500000000
1 13 7 86016.000000 0.00012671409058 4 -7.0000000000
1 13 8 98304.000000 0.00002805393888 3 -8.0000000000
1 13 9 110592.000000 0.00000783905671 3 -9.0000000000
1 13 10 122880.000000 0.00000190125752 3 -10.0000000000
1 13 11 135168.000000 0.00000042729215 3 -11.0000000000
1 13 12 147456.000000 0.00000011255892 3 -12.0000000000
1 13 13 159744.000000 0.00000002862946 3 -13.0000000000
1 13 14 172032.000000 0.00000000728062 3 -14.0000000000
1 13 15 184320.000000 0.00000000183949 3 -15.0000000000
1 13 16 196608.000000 0.00000000049344 3 -16.0000000000
1 14 0 0.000000 0.02294006384909 0 -4.0000000000
1 14 1 12288.000000 0.01267211511731 4 -3.0000000000
1 14 2 24576.000000 0.00285145849921 5 -3.5000000000
1 14 3 36864.000000 0.00103742291685 4 -4.2500000000
1 14 4 49152.000000 0.00033727896516 4 -5.0000000000
1 14 5 61440.000000 0.00009326958389 3 -6.0000000000
1 14 6 73728.000000 0.00002447562292 4 -6.7500000000
1 14 7 86016.000000 0.00000686754174 3 -7.7500000000
1 14 8 98304.000000 0.00000163009565 3 -8.7500000000
1 14 9 110592.000000 0.00000044645543 3 -9.7500000000
1 14 10 122880.000000 0.00000009384786 3 -10.7500000000
1 14 11 135168.000000 0.00000002567761 3 -11.7500000000
1 14 12 147456.000000 0.00000000627727 3 -12.7500000000
1 14 13 159744.000000 0.00000000156502 3 -13.7500000000
1 14 14 172032.000000 0.00000000040843 3 -14.7500000000
1 14 15 184320.000000 0.00000000009885 3 -15.7500000000
1 14 16 196608.000000 0.00000000002317 3 -16.7500000000
1 15 0 0.000000 0.00369168235920 0 -5.0000000000
1 15 1 12288.000000 0.00179456954356 5 -3.7500000000
1 15 2 24576.000000 0.00048924330622 5 -4.2500000000
1 15 3 36864.000000 0.00022814005206 5 -4.7500000000
1 15 4 49152.000000 0.00009187221440 3 -5.7500000000
1 15 5 61440.000000 0.00003118559107 4 -6.5000000000
1 15 6 73728.000000 0.00001175481157 5 -7.0000000000
1 15 7 86016.000000 0.00000396519317 4 -7.7500000000
1 15 8 98304.000000 0.00000094152711 3 -8.7500000000
1 15 9 110592.000000 0.00000023281052 3 -9.7500000000
1 15 10 122880.000000 0.00000006277293 3 -10.7500000000
1 15 11 135168.000000 0.00000001537048 3 -11.7500000000
1 15 12 147456.000000 0.00000000383962 3 -12.7500000000
1 15 13 159744.000000 0.00000000097118 3 -13.7500000000
1 15 14 172032.000000 0.00000000023296 3 -14.7500000000
1 15 15 184320.000000 0.00000000006031 3 -15.7500000000
1 15 16 196608.000000 0.00000000001655 3 -16.7500000000
1 16 0 0.000000 0.07239554822445 0 -4.0000000000
1 16 1 12288.000000 0.03379898518324 3 -3.2500000000
1 16 2 24576.000000 0.00622681900859 6 -3.5000000000
1 16 3 36864.000000 0.00154192035552 4 -4.2500000000
1 16 4 49152.000000 0.00053288141498 3 -5.2500000000
1 16 5 61440.000000 0.00013097889314 4 -6.0000000000
1 16 6 73728.000000 0.00003445579205 3 -7.0000000000
1 16 7 86016.000000 0.00001222352421 3 -8.0000000000
1 16 8 98304.000000 0.00000281294774 4 -8.7500000000
1 16 9 110592.000000 0.00000071565739 3 -9.7500000000
1 16 10 122880.000000 0.00000017926348 3 -10.7500000000
1 16 11 135168.000000 0.00000004801349 3 -11.7500000000
1 16 12 147456.000000 0.00000001360321 3 -12.7500000000
1 16 13 159744.000000 0.00000000313580 3 -13.7500000000
1 16 14 172032.000000 0.00000000074105 3 -14.7500000000
1 16 15 184320.000000 0.00000000015930 3 -15.7500000000
1 16 16 196608.000000 0.00000000004425 3 -16.7500000000
1 17 0 0.000000 0.33876875042915 0 -3.0000000000
1 17 1 12288.000000 0.23330427706242 4 -2.0000000000
1 17 2 24576.000000 0.02872939221561 1 -3.5000000000
1 17 3 36864.000000 0.00902569852769 4 -4.2500000000
1 17 4 49152.000000 0.00380527414382 4 -5.0000000000
1 17 5 61440.000000 0.00131322070956 5 -5.5000000000
1 17 6 73728.000000 0.00048565509496 4 -6.2500000000
1 17 7 86016.000000 0.00015538081061 4 -7.0000000000
1 17 8 98304.000000 0.00004778747098 3 -8.0000000000
1 17 9 110592.000000 0.00001081318260 4 -8.7500000000
1 17 10 122880.000000 0.00000282890892 3 -9.7500000000
1 17 11 135168.000000 0.00000076353928 3 -10.7500000000
1 17 12 147456.000000 0.00000017627430 3 -11.7500000000
1 17 13 159744.000000 0.00000004576474 3 -12.7500000000
1 17 14 172032.000000 0.00000001162677 3 -13.7500000000
1 17 15 184320.000000 0.00000000281996 3 -14.7500000000
1 17 16 196608.000000 0.00000000073674 3 -15.7500000000
1 18 0 0.000000 0.07592722773552 0 -4.0000000000
1 18 1 12288.000000 0.03852167353034 2 -3.5000000000
1 18 2 24576.000000 0.00802106410265 7 -3.5000000000
1 18 3 36864.000000 0.00195316411555 4 -4.2500000000
1 18 4 49152.000000 0.00059740914730 4 -5.0000000000
1 18 5 61440.000000 0.00013805818162 3 -6.0000000000
1 18 6 73728.000000 0.00003843502782 3 -7.0000000000
1 18 7 86016.000000 0.00001134259310 4 -7.7500000000
1 18 8 98304.000000 0.00000319360265 3 -8.7500000000
1 18 9 110592.000000 0.00000074308963 3 -9.7500000000
1 18 10 122880.000000 0.00000018206201 3 -10.7500000000
1 18 11 135168.000000 0.00000005326834 3 -11.7500000000
1 18 12 147456.000000 0.00000001243191 3 -12.7500000000
1 18 13 159744.000000 0.00000000323049 3 -13.7500000000
1 18 14 172032.000000 0.00000000082445 3 -14.7500000000
1 18 15 184320.000000 0.00000000020177 3 -15.7500000000
1 18 16 196608.000000 0.00000000004760 3 -16.7500000000
1 19 0 0.000000 0.00432599196211 0 -5.0000000000
1 19 1 12288.000000 0.00274291285314 6 -3.5000000000
1 19 2 24576.000000 0.00072826270480 4 -4.2500000000
1 19 3 36864.000000 0.00023803510703 5 -4.7500000000
1 19 4 49152.000000 0.00007264413580 3 -5.7500000000
1 19 5 61440.000000 0.00002044129542 3 -6.7500000000
1 19 6 73728.000000 0.00000574927208 4 -7.5000000000
1 19 7 86016.000000 0.00000146459865 3 -8.5000000000
1 19 8 98304.000000 0.00000042015796 3 -9.5000000000
1 19 9 110592.000000 0.00000009985570 3 -10.5000000000
1 19 10 122880.000000 0.00000002510233 3 -11.5000000000
1 19 11 135168.000000 0.00000000612124 3 -12.5000000000
1 19 12 147456.000000 0.00000000150652 3 -13.5000000000
1 19 13 159744.000000 0.00000000042028 3 -14.5000000000
1 19 14 172032.000000 0.00000000009611 3 -15.5000000000
1 19 15 184320.000000 0.00000000002410 3 -16.5000000000
1 19 16 196608.000000 0.00000000000731 3 -17.5000000000
1 20 0 0.000000 0.00008557942056 0 -6.0000000000
1 20 1 12288.000000 0.00005650925959 0 -6.0000000000
1 20 2 24576.000000 0.00001613141103 5 -6.5000000000
1 20 3 36864.000000 0.00000594784342 5 -7.0000000000
1 20 4 49152.000000 0.00000217496199 4 -7.7500000000
1 20 5 61440.000000 0.00000088680036 5 -8.2500000000
1 20 6 73728.000000 0.00000028205397 3 -9.2500000000
1 20 7 86016.000000 0.00000008807871 4 -10.0000000000
1 20 8 98304.000000 0.00000002512158 4 -10.7500000000
1 20 9 110592.000000 0.00000000637811 3 -11.7500000000
1 20 10 122880.000000 0.00000000151681 3 -12.7500000000
1 20 11 135168.000000 0.00000000039966 3 -13.7500000000
1 20 12 147456.000000 0.00000000010344 3 -14.7500000000
1 20 13 159744.000000 0.00000000002544 3 -15.7500000000
1 20 14 172032.000000 0.00000000000707 3 -16.7500000000
1 20 15 184320.000000 0.00000000000242 3 -17.7500000000
1 20 16 196608.000000 0.00000000000139 3 -18.7500000000
1 21 0 0.000000 0.00264121359214 0 -5.0000000000
1 21 1 12288.000000 0.00142470689025 5 -3.7500000000
1 21 2 24576.000000 0.00043890255620 3 -4.7500000000
1 21 3 36864.000000 0.00015651696594 5 -5.2500000000
1 21 4 49152.000000 0.00006366307935 4 -6.0000000000
1 21 5 61440.000000 0.00001991395220 4 -6.7500000000
1 21 6 73728.000000 0.00000521883476 4 -7.5000000000
1 21 7 86016.000000 0.00000147681783 3 -8.5000000000
1 21 8 98304.000000 0.00000043448057 3 -9.5000000000
1 21 9 110592.000000 0.00000010820778 4 -10.2500000000
1 21 10 122880.000000 0.00000002945361 3 -11.2500000000
1 21 11 135168.000000 0.00000000727210 3 -12.2500000000
1 21 12 147456.000000 0.00000000191530 3 -13.2500000000
1 21 13 159744.000000 0.00000000049035 3 -14.2500000000
1 21 14 172032.000000 0.00000000011793 3 -15.2500000000
1 21 15 184320.000000 0.00000000002998 3 -16.2500000000
1 21 16 196608.000000 0.00000000000915 3 -17.2500000000
1 22 0 0.000000 0.01730487868190 0 -4.0000000000
1 22 1 12288.000000 0.00899019278586 3 -3.2500000000
1 22 2 24576.000000 0.00237082829699 3 -4.2500000000
1 22 3 36864.000000 0.00089620432118 6 -4.5000000000
1 22 4 49152.000000 0.00027266793768 4 -5.2500000000
1 22 5 61440.000000 0.00009029857756 4 -6.0000000000
1 22 6 73728.000000 0.00002758471965 4 -6.7500000000
1 22 7 86016.000000 0.00000738941662 3 -7.7500000000
1 22 8 98304.000000 0.00000211338511 4 -8.5000000000
1 22 9 110592.000000 0.00000054302933 3 -9.5000000000
1 22 10 122880.000000 0.00000013880810 3 -10.5000000000
1 22 11 135168.000000 0.00000003385706 3 -11.5000000000
1 22 12 147456.000000 0.00000000963603 3 -12.5000000000
1 22 13 159744.000000 0.00000000248955 3 -13.5000000000
1 22 14 172032.000000 0.00000000059584 3 -14.5000000000
1 22 15 184320.000000 0.00000000014133 3 -15.5000000000
1 22 16 196608.000000 0.00000000003627 3 -16.5000000000
1 23 0 0.000000 0.00288618984632 0 -5.0000000000
1 23 1 12288.000000 0.00208211620338 3 -4.2500000000
1 23 2 24576.000000 0.00040070209070 5 -4.7500000000
1 23 3 36864.000000 0.00011196738342 3 -5.7500000000
1 23 4 49152.000000 0.00003464370093 4 -6.5000000000
1 23 5 61440.000000 0.00001076176977 4 -7.2500000000
1 23 6 73728.000000 0.00000324094231 4 -8.0000000000
1 23 7 86016.000000 0.00000094841602 3 -9.0000000000
1 23 8 98304.000000 0.00000026111994 4 -9.7500000000
1 23 9 110592.000000 0.00000006657617 3 -10.7500000000
1 23 10 122880.000000 0.00000001568652 3 -11.7500000000
1 23 11 135168.000000 0.00000000434773 3 -12.7500000000
1 23 12 147456.000000 0.00000000094437 3 -13.7500000000
1 23 13 159744.000000 0.00000000024768 3 -14.7500000000
1 23 14 172032.000000 0.00000000006979 3 -15.7500000000
1 23 15 184320.000000 0.00000000001661 3 -16.7500000000
1 23 16 196608.000000 0.00000000000538 3 -17.7500000000
1 24 0 0.000000 0.00010364044283 0 -6.0000000000
1 24 1 12288.000000 0.00006246061093 0 -6.0000000000
1 24 2 24576.000000 0.00001761387648 6 -6.2500000000
1 24 3 36864.000000 0.00000588955891 4 -7.0000000000
1 24 4 49152.000000 0.00000196094811 4 -7.7500000000
1 24 5 61440.000000 0.00000065902196 4 -8.5000000000
1 24 6 73728.000000 0.00000022724326 4 -9.2500000000
1 24 7 86016.000000 0.00000006139730 3 -10.2500000000
1 24 8 98304.000000 0.00000001724030 4 -11.0000000000
1 24 9 110592.000000 0.00000000466683 3 -12.0000000000
1 24 10 122880.000000 0.00000000129988 3 -13.0000000000
1 24 11 135168.000000 0.00000000028720 3 -14.0000000000
1 24 12 147456.000000 0.00000000007592 3 -15.0000000000
1 24 13 159744.000000 0.00000000001907 3 -16.0000000000
1 24 14 172032.000000 0.00000000000573 3 -17.0000000000
1 24 15 184320.000000 0.00000000000211 3 -18.0000000000
1 24 16 196608.000000 0.00000000000118 3 -19.0000000000
