3 0 0 0.000000 0.01065255329013 0 -5.0000000000
3 0 1 73728.000000 0.00407057162374 0 -5.0000000000
3 0 2 147456.000000 0.00073276076000 5 -5.5000000000
3 0 3 221184.000000 0.00026792855351 5 -6.0000000000
3 0 4 294912.000000 0.00010471241694 4 -6.7500000000
3 0 5 368640.000000 0.00003715548155 5 -7.2500000000
3 0 6 442368.000000 0.00001150521257 3 -8.2500000000
3 0 7 516096.000000 0.00000313400801 4 -9.0000000000
3 0 8 589824.000000 0.00000084914262 3 -10.0000000000
3 0 9 663552.000000 0.00000023799595 4 -10.7500000000
3 0 10 737280.000000 0.00000006626954 3 -11.7500000000
3 0 11 811008.000000 0.00000001678132 3 -12.7500000000
3 0 12 884736.000000 0.00000000428646 3 -13.7500000000
3 0 13 958464.000000 0.00000000101122 3 -14.7500000000
3 0 14 1032192.000000 0.00000000025984 3 -15.7500000000
3 0 15 1105920.000000 0.00000000006316 3 -16.7500000000
3 0 16 1179648.000000 0.00000000001690 3 -17.7500000000
3 1 0 0.000000 0.34794715046883 0 -4.0000000000
3 1 1 73728.000000 0.15703129768372 0 -4.0000000000
3 1 2 147456.000000 0.02244528755546 5 -4.5000000000
3 1 3 221184.000000 0.00780016183853 3 -5.5000000000
3 1 4 294912.000000 0.00297824665904 4 -6.2500000000
3 1 5 368640.000000 0.00118246697821 5 -6.7500000000
3 1 6 442368.000000 0.00042705322267 5 -7.2500000000
3 1 7 516096.000000 0.00011985002493 4 -8.0000000000
3 1 8 589824.000000 0.00003406631367 3 -9.0000000000
3 1 9 663552.000000 0.00001112730297 3 -10.0000000000
3 1 10 737280.000000 0.00000283708096 4 -10.7500000000
3 1 11 811008.000000 0.00000070331720 3 -11.7500000000
3 1 12 884736.000000 0.00000017711801 3 -12.7500000000
3 1 13 958464.000000 0.00000004582880 3 -13.7500000000
3 1 14 1032192.000000 0.00000001110585 3 -14.7500000000
3 1 15 1105920.000000 0.00000000247312 3 -15.7500000000
3 1 16 1179648.000000 0.00000000069557 3 -16.7500000000
3 2 0 0.000000 0.01361111551523 0 -5.0000000000
3 2 1 73728.000000 0.00814836937934 0 -5.0000000000
3 2 2 147456.000000 0.00150691648014 6 -5.2500000000
3 2 3 221184.000000 0.00054253608687 4 -6.0000000000
3 2 4 294912.000000 0.00020876874623 5 -6.5000000000
3 2 5 368640.000000 0.00007617280789 4 -7.2500000000
3 2 6 442368.000000 0.00002609829244 4 -8.0000000000
3 2 7 516096.000000 0.00000845727300 4 -8.7500000000
3 2 8 589824.000000 0.00000231485296 3 -9.7500000000
3 2 9 663552.000000 0.00000053010916 4 -10.5000000000
3 2 10 737280.000000 0.00000014147930 3 -11.5000000000
3 2 11 811008.000000 0.00000003476377 3 -12.5000000000
3 2 12 884736.000000 0.00000000901701 3 -13.5000000000
3 2 13 958464.000000 0.00000000227361 3 -14.5000000000
3 2 14 1032192.000000 0.00000000053351 3 -15.5000000000
3 2 15 1105920.000000 0.00000000014216 3 -16.5000000000
3 2 16 1179648.000000 0.00000000003466 3 -17.5000000000
3 3 0 0.000000 0.26626071333885 0 -4.0000000000
3 3 1 73728.000000 0.11172560602427 0 -4.0000000000
3 3 2 147456.000000 0.01771938055754 5 -4.5000000000
3 3 3 221184.000000 0.00588278332725 3 -5.5000000000
3 3 4 294912.000000 0.00195599556901 5 -6.0000000000
3 3 5 368640.000000 0.00069819175405 4 -6.7500000000
3 3 6 442368.000000 0.00022927729879 4 -7.5000000000
3 3 7 516096.000000 0.00006572090933 3 -8.5000000000
3 3 8 589824.000000 0.00001860395787 4 -9.2500000000
3 3 9 663552.000000 0.00000433447576 3 -10.2500000000
3 3 10 737280.000000 0.00000131716797 3 -11.2500000000
3 3 11 811008.000000 0.00000038704630 4 -12.0000000000
3 3 12 884736.000000 0.00000009563228 3 -13.0000000000
3 3 13 958464.000000 0.00000002483985 3 -14.0000000000
3 3 14 1032192.000000 0.00000000613854 3 -15.0000000000
3 3 15 1105920.000000 0.00000000164496 3 -16.0000000000
3 3 16 1179648.000000 0.00000000042581 3 -17.0000000000
3 4 0 0.000000 2.53025507926941 0 -4.0000000000
3 4 1 73728.000000 1.04712522029877 0 -4.0000000000
3 4 2 147456.000000 0.14086857438087 5 -4.5000000000
3 4 3 221184.000000 0.04227998107672 3 -5.5000000000
3 4 4 294912.000000 0.01513016875833 4 -6.2500000000
3 4 5 368640.000000 0.00628559151664 4 -7.0000000000
3 4 6 442368.000000 0.00202436605468 5 -7.5000000000
3 4 7 516096.000000 0.00081674882676 3 -8.5000000000
3 4 8 589824.000000 0.00026876537595 5 -9.0000000000
3 4 9 663552.000000 0.00009591795970 4 -9.7500000000
3 4 10 737280.000000 0.00002621461317 4 -10.5000000000
3 4 11 811008.000000 0.00000608599612 3 -11.5000000000
3 4 12 884736.000000 0.00000168185090 3 -12.5000000000
3 4 13 958464.000000 0.00000041728273 3 -13.5000000000
3 4 14 1032192.000000 0.00000009353725 3 -14.5000000000
3 4 15 1105920.000000 0.00000002367956 3 -15.5000000000
3 4 16 1179648.000000 0.00000000576204 3 -16.5000000000
3 5 0 0.000000 0.19596554338932 0 -4.0000000000
3 5 1 73728.000000 0.06965504586697 0 -4.0000000000
3 5 2 147456.000000 0.00941666215658 4 -4.7500000000
3 5 3 221184.000000 0.00355930929072 5 -5.2500000000
3 5 4 294912.000000 0.00141470809467 3 -6.2500000000
3 5 5 368640.000000 0.00050298089627 5 -6.7500000000
3 5 6 442368.000000 0.00019731395878 5 -7.2500000000
3 5 7 516096.000000 0.00006341232802 3 -8.2500000000
3 5 8 589824.000000 0.00001500548024 4 -9.0000000000
3 5 9 663552.000000 0.00000421691129 3 -10.0000000000
3 5 10 737280.000000 0.00000120460015 3 -11.0000000000
3 5 11 811008.000000 0.00000031838414 4 -11.7500000000
3 5 12 884736.000000 0.00000008092478 3 -12.7500000000
3 5 13 958464.000000 0.00000001928387 3 -13.7500000000
3 5 14 1032192.000000 0.00000000505603 3 -14.7500000000
3 5 15 1105920.000000 0.00000000122320 3 -15.7500000000
3 5 16 1179648.000000 0.00000000031316 3 -16.7500000000
3 6 0 0.000000 0.00936168804765 0 -5.0000000000
3 6 1 73728.000000 0.00436086254194 0 -5.0000000000
3 6 2 147456.000000 0.00087247055490 7 -5.0000000000
3 6 3 221184.000000 0.00029404932866 3 -6.0000000000
3 6 4 294912.000000 0.00016121496446 5 -6.5000000000
3 6 5 368640.000000 0.00009350501205 4 -7.2500000000
3 6 6 442368.000000 0.00003443649985 7 -7.2500000000
3 6 7 516096.000000 0.00000940640166 4 -8.0000000000
3 6 8 589824.000000 0.00000238950452 3 -9.0000000000
3 6 9 663552.000000 0.00000062757778 3 -10.0000000000
3 6 10 737280.000000 0.00000017846972 3 -11.0000000000
3 6 11 811008.000000 0.00000005171261 3 -12.0000000000
3 6 12 884736.000000 0.00000001311199 4 -12.7500000000
3 6 13 958464.000000 0.00000000315589 3 -13.7500000000
3 6 14 1032192.000000 0.00000000078966 3 -14.7500000000
3 6 15 1105920.000000 0.00000000020876 3 -15.7500000000
3 6 16 1179648.000000 0.00000000005256 3 -16.7500000000
3 7 0 0.000000 0.19340550899506 0 -4.0000000000
3 7 1 73728.000000 0.05648523941636 0 -4.0000000000
3 7 2 147456.000000 0.00832192506641 3 -5.0000000000
3 7 3 221184.000000 0.00296459114179 4 -5.7500000000
3 7 4 294912.000000 0.00128449010663 5 -6.2500000000
3 7 5 368640.000000 0.00049273640616 5 -6.7500000000
3 7 6 442368.000000 0.00019136547053 4 -7.5000000000
3 7 7 516096.000000 0.00006364960427 4 -8.2500000000
3 7 8 589824.000000 0.00001693119702 4 -9.0000000000
3 7 9 663552.000000 0.00000465527501 3 -10.0000000000
3 7 10 737280.000000 0.00000109357347 3 -11.0000000000
3 7 11 811008.000000 0.00000026044674 3 -12.0000000000
3 7 12 884736.000000 0.00000006532739 3 -13.0000000000
3 7 13 958464.000000 0.00000001753420 3 -14.0000000000
3 7 14 1032192.000000 0.00000000434485 3 -15.0000000000
3 7 15 1105920.000000 0.00000000105497 3 -16.0000000000
3 7 16 1179648.000000 0.00000000025422 3 -17.0000000000
3 8 0 0.000000 0.01117609255016 0 -5.0000000000
3 8 1 73728.000000 0.00578621076420 0 -5.0000000000
3 8 2 147456.000000 0.00108291732613 5 -5.5000000000
3 8 3 221184.000000 0.00033929623896 5 -6.0000000000
3 8 4 294912.000000 0.00013718222908 4 -6.7500000000
3 8 5 368640.000000 0.00004819784226 4 -7.5000000000
3 8 6 442368.000000 0.00001680668902 5 -8.0000000000
3 8 7 516096.000000 0.00000566001518 3 -9.0000000000
3 8 8 589824.000000 0.00000143809871 4 -9.7500000000
3 8 9 663552.000000 0.00000042277000 3 -10.7500000000
3 8 10 737280.000000 0.00000011792273 4 -11.5000000000
3 8 11 811008.000000 0.00000003115424 3 -12.5000000000
3 8 12 884736.000000 0.00000000771736 3 -13.5000000000
3 8 13 958464.000000 0.00000000179185 3 -14.5000000000
3 8 14 1032192.000000 0.00000000047816 3 -15.5000000000
3 8 15 1105920.000000 0.00000000012126 3 -16.5000000000
3 8 16 1179648.000000 0.00000000003039 3 -17.5000000000
