4 0 0 0.000000 0.00601591868326 0 -5.0000000000
4 0 1 49152.000000 0.00253729079850 1 -4.7500000000
4 0 2 98304.000000 0.00067719403887 3 -5.7500000000
4 0 3 147456.000000 0.00024567902437 5 -6.2500000000
4 0 4 196608.000000 0.00009892164235 4 -7.0000000000
4 0 5 245760.000000 0.00003695409032 4 -7.7500000000
4 0 6 294912.000000 0.00001472953591 5 -8.2500000000
4 0 7 344064.000000 0.00000412172176 4 -9.0000000000
4 0 8 393216.000000 0.00000100190539 3 -10.0000000000
4 0 9 442368.000000 0.00000031514068 3 -11.0000000000
4 0 10 491520.000000 0.00000008703324 4 -11.7500000000
4 0 11 540672.000000 0.00000002222164 3 -12.7500000000
4 0 12 589824.000000 0.00000000551844 3 -13.7500000000
4 0 13 638976.000000 0.00000000135869 3 -14.7500000000
4 0 14 688128.000000 0.00000000035961 3 -15.7500000000
4 0 15 737280.000000 0.00000000008693 3 -16.7500000000
4 0 16 786432.000000 0.00000000002215 3 -17.7500000000
4 1 0 0.000000 0.17646294832230 0 -4.0000000000
4 1 1 49152.000000 0.06794229149818 0 -4.0000000000
4 1 2 98304.000000 0.01169209834188 4 -4.7500000000
4 1 3 147456.000000 0.00345434760675 3 -5.7500000000
4 1 4 196608.000000 0.00129122100770 4 -6.5000000000
4 1 5 245760.000000 0.00043489097152 5 -7.0000000000
4 1 6 294912.000000 0.00013128593855 3 -8.0000000000
4 1 7 344064.000000 0.00004180157703 4 -8.7500000000
4 1 8 393216.000000 0.00001212329244 4 -9.5000000000
4 1 9 442368.000000 0.00000337792335 3 -10.5000000000
4 1 10 491520.000000 0.00000081002122 3 -11.5000000000
4 1 11 540672.000000 0.00000019966025 3 -12.5000000000
4 1 12 589824.000000 0.00000004959767 3 -13.5000000000
4 1 13 638976.000000 0.00000001501814 3 -14.5000000000
4 1 14 688128.000000 0.00000000469292 4 -15.2500000000
4 1 15 737280.000000 0.00000000110724 3 -16.2500000000
4 1 16 786432.000000 0.00000000024849 3 -17.2500000000
4 2 0 0.000000 0.01045257039368 0 -5.0000000000
4 2 1 49152.000000 0.00721484143287 1 -4.7500000000
4 2 2 98304.000000 0.00149010389578 5 -5.2500000000
4 2 3 147456.000000 0.00048170326045 4 -6.0000000000
4 2 4 196608.000000 0.00016521697398 4 -6.7500000000
4 2 5 245760.000000 0.00006427962944 5 -7.2500000000
4 2 6 294912.000000 0.00002163545832 4 -8.0000000000
4 2 7 344064.000000 0.00000725809377 4 -8.7500000000
4 2 8 393216.000000 0.00000175271805 3 -9.7500000000
4 2 9 442368.000000 0.00000047471255 3 -10.7500000000
4 2 10 491520.000000 0.00000012726318 3 -11.7500000000
4 2 11 540672.000000 0.00000003351898 3 -12.7500000000
4 2 12 589824.000000 0.00000001041384 4 -13.5000000000
4 2 13 638976.000000 0.00000000232311 3 -14.5000000000
4 2 14 688128.000000 0.00000000065284 3 -15.5000000000
4 2 15 737280.000000 0.00000000015983 3 -16.5000000000
4 2 16 786432.000000 0.00000000004016 3 -17.5000000000
4 3 0 0.000000 0.10131634771824 0 -4.0000000000
4 3 1 49152.000000 0.03958910331130 0 -4.0000000000
4 3 2 98304.000000 0.00830751750618 3 -5.0000000000
4 3 3 147456.000000 0.00203030882403 4 -5.7500000000
4 3 4 196608.000000 0.00069473875919 3 -6.7500000000
4 3 5 245760.000000 0.00025051966077 4 -7.5000000000
4 3 6 294912.000000 0.00008560085553 5 -8.0000000000
4 3 7 344064.000000 0.00002637345096 3 -9.0000000000
4 3 8 393216.000000 0.00000659461739 4 -9.7500000000
4 3 9 442368.000000 0.00000168304575 3 -10.7500000000
4 3 10 491520.000000 0.00000042875305 3 -11.7500000000
4 3 11 540672.000000 0.00000010591273 3 -12.7500000000
4 3 12 589824.000000 0.00000002797938 3 -13.7500000000
4 3 13 638976.000000 0.00000000667778 3 -14.7500000000
4 3 14 688128.000000 0.00000000162581 3 -15.7500000000
4 3 15 737280.000000 0.00000000044989 3 -16.7500000000
4 3 16 786432.000000 0.00000000011224 3 -17.7500000000
4 4 0 0.000000 4.09126853942871 0 -3.0000000000
4 4 1 49152.000000 3.61082911491394 0 -3.0000000000
4 4 2 98304.000000 0.40317687392235 3 -4.0000000000
4 4 3 147456.000000 0.10718213766813 5 -4.5000000000
4 4 4 196608.000000 0.04152682051063 5 -5.0000000000
4 4 5 245760.000000 0.01790014095604 5 -5.5000000000
4 4 6 294912.000000 0.00555924745277 3 -6.5000000000
4 4 7 344064.000000 0.00169011158869 4 -7.2500000000
4 4 8 393216.000000 0.00046685326379 4 -8.0000000000
4 4 9 442368.000000 0.00011033205374 3 -9.0000000000
4 4 10 491520.000000 0.00002949000555 3 -10.0000000000
4 4 11 540672.000000 0.00000740999303 3 -11.0000000000
4 4 12 589824.000000 0.00000224699670 4 -11.7500000000
4 4 13 638976.000000 0.00000059894467 3 -12.7500000000
4 4 14 688128.000000 0.00000015801098 3 -13.7500000000
4 4 15 737280.000000 0.00000004491037 3 -14.7500000000
4 4 16 786432.000000 0.00000000912253 3 -15.7500000000
4 5 0 0.000000 0.07905086874962 0 -4.0000000000
4 5 1 49152.000000 0.02146199159324 0 -4.0000000000
4 5 2 98304.000000 0.00363785959780 2 -5.2500000000
4 5 3 147456.000000 0.00133875105530 4 -6.0000000000
4 5 4 196608.000000 0.00049240980297 5 -6.5000000000
4 5 5 245760.000000 0.00014614155225 3 -7.5000000000
4 5 6 294912.000000 0.00004560898742 4 -8.2500000000
4 5 7 344064.000000 0.00001409360084 4 -9.0000000000
4 5 8 393216.000000 0.00000364319658 3 -10.0000000000
4 5 9 442368.000000 0.00000083264194 3 -11.0000000000
4 5 10 491520.000000 0.00000022600243 3 -12.0000000000
4 5 11 540672.000000 0.00000006135349 3 -13.0000000000
4 5 12 589824.000000 0.00000001345184 3 -14.0000000000
4 5 13 638976.000000 0.00000000338385 3 -15.0000000000
4 5 14 688128.000000 0.00000000088796 3 -16.0000000000
4 5 15 737280.000000 0.00000000022871 3 -17.0000000000
4 5 16 786432.000000 0.00000000005927 3 -18.0000000000
4 6 0 0.000000 0.00557076372206 0 -5.0000000000
4 6 1 49152.000000 0.00271632499062 0 -5.0000000000
4 6 2 98304.000000 0.00082696793834 5 -5.5000000000
4 6 3 147456.000000 0.00039536875556 3 -6.5000000000
4 6 4 196608.000000 0.00017511434271 6 -6.7500000000
4 6 5 245760.000000 0.00008650773088 6 -7.0000000000
4 6 6 294912.000000 0.00003372059655 4 -7.7500000000
4 6 7 344064.000000 0.00001079746562 5 -8.2500000000
4 6 8 393216.000000 0.00000275488287 3 -9.2500000000
4 6 9 442368.000000 0.00000088654542 3 -10.2500000000
4 6 10 491520.000000 0.00000020927232 4 -11.0000000000
4 6 11 540672.000000 0.00000006046506 3 -12.0000000000
4 6 12 589824.000000 0.00000001498379 3 -13.0000000000
4 6 13 638976.000000 0.00000000361698 3 -14.0000000000
4 6 14 688128.000000 0.00000000088063 3 -15.0000000000
4 6 15 737280.000000 0.00000000024984 3 -16.0000000000
4 6 16 786432.000000 0.00000000006021 3 -17.0000000000
4 7 0 0.000000 0.11058306694031 0 -4.0000000000
4 7 1 49152.000000 0.03011563420296 0 -4.0000000000
4 7 2 98304.000000 0.00632668938488 2 -5.2500000000
4 7 3 147456.000000 0.00221233139746 5 -5.7500000000
4 7 4 196608.000000 0.00072082458064 4 -6.5000000000
4 7 5 245760.000000 0.00027857109671 4 -7.2500000000
4 7 6 294912.000000 0.00008086184243 4 -8.0000000000
4 7 7 344064.000000 0.00002453856177 4 -8.7500000000
4 7 8 393216.000000 0.00000626787732 3 -9.7500000000
4 7 9 442368.000000 0.00000206009668 3 -10.7500000000
4 7 10 491520.000000 0.00000054110336 4 -11.5000000000
4 7 11 540672.000000 0.00000011880658 3 -12.5000000000
4 7 12 589824.000000 0.00000003143162 3 -13.5000000000
4 7 13 638976.000000 0.00000000884822 3 -14.5000000000
4 7 14 688128.000000 0.00000000227538 3 -15.5000000000
4 7 15 737280.000000 0.00000000048248 3 -16.5000000000
4 7 16 786432.000000 0.00000000012388 3 -17.5000000000
4 8 0 0.000000 0.00796949118376 0 -5.0000000000
4 8 1 49152.000000 0.00499310530722 1 -4.7500000000
4 8 2 98304.000000 0.00111988722347 3 -5.7500000000
4 8 3 147456.000000 0.00043438328430 5 -6.2500000000
4 8 4 196608.000000 0.00016389280790 5 -6.7500000000
4 8 5 245760.000000 0.00005996279651 5 -7.2500000000
4 8 6 294912.000000 0.00001797325058 3 -8.2500000000
4 8 7 344064.000000 0.00000507563254 4 -9.0000000000
4 8 8 393216.000000 0.00000160947320 3 -10.0000000000
4 8 9 442368.000000 0.00000039618448 4 -10.7500000000
4 8 10 491520.000000 0.00000010701643 3 -11.7500000000
4 8 11 540672.000000 0.00000002614802 3 -12.7500000000
4 8 12 589824.000000 0.00000000616534 3 -13.7500000000
4 8 13 638976.000000 0.00000000159019 3 -14.7500000000
4 8 14 688128.000000 0.00000000039066 3 -15.7500000000
4 8 15 737280.000000 0.00000000009458 3 -16.7500000000
4 8 16 786432.000000 0.00000000002484 3 -17.7500000000
