2 0 0 0.000000 0.01080044824630 0 -5.0000000000
2 0 1 98304.000000 0.00409563444555 0 -5.0000000000
2 0 2 196608.000000 0.00061479548458 6 -5.2500000000
2 0 3 294912.000000 0.00020216134726 3 -6.2500000000
2 0 4 393216.000000 0.00007715355605 5 -6.7500000000
2 0 5 491520.000000 0.00002734412010 5 -7.2500000000
2 0 6 589824.000000 0.00000952468963 3 -8.2500000000
2 0 7 688128.000000 0.00000312417160 4 -9.0000000000
2 0 8 786432.000000 0.00000084915382 4 -9.7500000000
2 0 9 884736.000000 0.00000029636107 4 -10.5000000000
2 0 10 983040.000000 0.00000006858929 3 -11.5000000000
2 0 11 1081344.000000 0.00000001668280 3 -12.5000000000
2 0 12 1179648.000000 0.00000000468021 3 -13.5000000000
2 0 13 1277952.000000 0.00000000096831 3 -14.5000000000
2 0 14 1376256.000000 0.00000000027337 3 -15.5000000000
2 0 15 1474560.000000 0.00000000006549 3 -16.5000000000
2 0 16 1572864.000000 0.00000000001741 3 -17.5000000000
2 1 0 0.000000 0.31891646981239 0 -4.0000000000
2 1 1 98304.000000 0.14273151755333 0 -4.0000000000
2 1 2 196608.000000 0.01880878210068 5 -4.5000000000
2 1 3 294912.000000 0.00630613649264 4 -5.2500000000
2 1 4 393216.000000 0.00262629566714 5 -5.7500000000
2 1 5 491520.000000 0.00102410640102 4 -6.5000000000
2 1 6 589824.000000 0.00036102780723 4 -7.2500000000
2 1 7 688128.000000 0.00012560680625 4 -8.0000000000
2 1 8 786432.000000 0.00003572356582 4 -8.7500000000
2 1 9 884736.000000 0.00000992256355 3 -9.7500000000
2 1 10 983040.000000 0.00000281300777 3 -10.7500000000
2 1 11 1081344.000000 0.00000084578960 4 -11.5000000000
2 1 12 1179648.000000 0.00000020305870 3 -12.5000000000
2 1 13 1277952.000000 0.00000005150831 3 -13.5000000000
2 1 14 1376256.000000 0.00000001255331 3 -14.5000000000
2 1 15 1474560.000000 0.00000000348373 3 -15.5000000000
2 1 16 1572864.000000 0.00000000079744 3 -16.5000000000
2 2 0 0.000000 0.01495264377445 0 -5.0000000000
2 2 1 98304.000000 0.00862252525985 0 -5.0000000000
2 2 2 196608.000000 0.00118110841140 6 -5.2500000000
2 2 3 294912.000000 0.00035805880907 4 -6.0000000000
2 2 4 393216.000000 0.00013135789777 3 -7.0000000000
2 2 5 491520.000000 0.00005630309170 5 -7.5000000000
2 2 6 589824.000000 0.00002880000102 5 -8.0000000000
2 2 7 688128.000000 0.00001071534552 5 -8.5000000000
2 2 8 786432.000000 0.00000304965920 4 -9.2500000000
2 2 9 884736.000000 0.00000097196744 3 -10.2500000000
2 2 10 983040.000000 0.00000023130072 4 -11.0000000000
2 2 11 1081344.000000 0.00000005814321 3 -12.0000000000
2 2 12 1179648.000000 0.00000001463334 3 -13.0000000000
2 2 13 1277952.000000 0.00000000394442 3 -14.0000000000
2 2 14 1376256.000000 0.00000000085470 3 -15.0000000000
2 2 15 1474560.000000 0.00000000024545 3 -16.0000000000
2 2 16 1572864.000000 0.00000000006029 3 -17.0000000000
2 3 0 0.000000 0.32186606526375 0 -4.0000000000
2 3 1 98304.000000 0.13920341432095 0 -4.0000000000
2 3 2 196608.000000 0.02539314143360 6 -4.2500000000
2 3 3 294912.000000 0.00964379217476 4 -5.0000000000
2 3 4 393216.000000 0.00342150428332 4 -5.7500000000
2 3 5 491520.000000 0.00139836105518 5 -6.2500000000
2 3 6 589824.000000 0.00054145010654 4 -7.0000000000
2 3 7 688128.000000 0.00021861554706 5 -7.5000000000
2 3 8 786432.000000 0.00006538280286 4 -8.2500000000
2 3 9 884736.000000 0.00001600007090 3 -9.2500000000
2 3 10 983040.000000 0.00000403626427 3 -10.2500000000
2 3 11 1081344.000000 0.00000091247352 3 -11.2500000000
2 3 12 1179648.000000 0.00000024068362 3 -12.2500000000
2 3 13 1277952.000000 0.00000008980177 4 -13.0000000000
2 3 14 1376256.000000 0.00000002059459 3 -14.0000000000
2 3 15 1474560.000000 0.00000000583727 3 -15.0000000000
2 3 16 1572864.000000 0.00000000134200 3 -16.0000000000
2 4 0 0.000000 3.32748699188232 0 -4.0000000000
2 4 1 98304.000000 2.34355020523071 0 -4.0000000000
2 4 2 196608.000000 0.25915554165840 5 -4.5000000000
2 4 3 294912.000000 0.09707205742598 6 -4.7500000000
2 4 4 393216.000000 0.02964810840786 4 -5.5000000000
2 4 5 491520.000000 0.00979078933597 4 -6.2500000000
2 4 6 589824.000000 0.00276689021848 3 -7.2500000000
2 4 7 688128.000000 0.00083359738346 4 -8.0000000000
2 4 8 786432.000000 0.00026713160332 3 -9.0000000000
2 4 9 884736.000000 0.00007557457138 4 -9.7500000000
2 4 10 983040.000000 0.00001640066330 3 -10.7500000000
2 4 11 1081344.000000 0.00000398026214 3 -11.7500000000
2 4 12 1179648.000000 0.00000117990032 3 -12.7500000000
2 4 13 1277952.000000 0.00000029567570 3 -13.7500000000
2 4 14 1376256.000000 0.00000006898237 3 -14.7500000000
2 4 15 1474560.000000 0.00000001796952 3 -15.7500000000
2 4 16 1572864.000000 0.00000000476850 3 -16.7500000000
2 5 0 0.000000 0.21000966429710 0 -4.0000000000
2 5 1 98304.000000 0.06239478662610 0 -4.0000000000
2 5 2 196608.000000 0.00919591169804 4 -4.7500000000
2 5 3 294912.000000 0.00330167426728 4 -5.5000000000
2 5 4 393216.000000 0.00133068743162 6 -5.7500000000
2 5 5 491520.000000 0.00051104504382 4 -6.5000000000
2 5 6 589824.000000 0.00018518937577 4 -7.2500000000
2 5 7 688128.000000 0.00006588538963 4 -8.0000000000
2 5 8 786432.000000 0.00001847267231 4 -8.7500000000
2 5 9 884736.000000 0.00000426864017 3 -9.7500000000
2 5 10 983040.000000 0.00000112994542 3 -10.7500000000
2 5 11 1081344.000000 0.00000027797051 3 -11.7500000000
2 5 12 1179648.000000 0.00000006514054 3 -12.7500000000
2 5 13 1277952.000000 0.00000001663753 3 -13.7500000000
2 5 14 1376256.000000 0.00000000438354 3 -14.7500000000
2 5 15 1474560.000000 0.00000000097252 3 -15.7500000000
2 5 16 1572864.000000 0.00000000025792 3 -16.7500000000
2 6 0 0.000000 0.01042032800615 0 -5.0000000000
2 6 1 98304.000000 0.00469901179895 0 -5.0000000000
2 6 2 196608.000000 0.00070578500163 6 -5.2500000000
2 6 3 294912.000000 0.00023564968433 4 -6.0000000000
2 6 4 393216.000000 0.00008579180576 5 -6.5000000000
2 6 5 491520.000000 0.00003008080239 5 -7.0000000000
2 6 6 589824.000000 0.00001101288763 3 -8.0000000000
2 6 7 688128.000000 0.00000423082338 5 -8.5000000000
2 6 8 786432.000000 0.00000124727705 3 -9.5000000000
2 6 9 884736.000000 0.00000031290296 4 -10.2500000000
2 6 10 983040.000000 0.00000008471169 3 -11.2500000000
2 6 11 1081344.000000 0.00000001916132 3 -12.2500000000
2 6 12 1179648.000000 0.00000000490927 3 -13.2500000000
2 6 13 1277952.000000 0.00000000137877 3 -14.2500000000
2 6 14 1376256.000000 0.00000000030837 3 -15.2500000000
2 6 15 1474560.000000 0.00000000007745 3 -16.2500000000
2 6 16 1572864.000000 0.00000000001918 3 -17.2500000000
2 7 0 0.000000 0.19798874855042 0 -4.0000000000
2 7 1 98304.000000 0.06262008100748 0 -4.0000000000
2 7 2 196608.000000 0.00914508849382 4 -4.7500000000
2 7 3 294912.000000 0.00414937827736 4 -5.5000000000
2 7 4 393216.000000 0.00164866063278 6 -5.7500000000
2 7 5 491520.000000 0.00052306341240 4 -6.5000000000
2 7 6 589824.000000 0.00019040505867 4 -7.2500000000
2 7 7 688128.000000 0.00005790278374 4 -8.0000000000
2 7 8 786432.000000 0.00001529140172 3 -9.0000000000
2 7 9 884736.000000 0.00000433881587 3 -10.0000000000
2 7 10 983040.000000 0.00000124785458 4 -10.7500000000
2 7 11 1081344.000000 0.00000030624005 3 -11.7500000000
2 7 12 1179648.000000 0.00000007529295 3 -12.7500000000
2 7 13 1277952.000000 0.00000001934926 3 -13.7500000000
2 7 14 1376256.000000 0.00000000489301 3 -14.7500000000
2 7 15 1474560.000000 0.00000000117199 3 -15.7500000000
2 7 16 1572864.000000 0.00000000028866 3 -16.7500000000
2 8 0 0.000000 0.01292923372239 0 -5.0000000000
2 8 1 98304.000000 0.00736388470978 0 -5.0000000000
2 8 2 196608.000000 0.00105032243300 5 -5.5000000000
2 8 3 294912.000000 0.00031885519275 5 -6.0000000000
2 8 4 393216.000000 0.00010031038983 4 -6.7500000000
2 8 5 491520.000000 0.00003714213381 4 -7.5000000000
2 8 6 589824.000000 0.00001247845194 4 -8.2500000000
2 8 7 688128.000000 0.00000419277558 4 -9.0000000000
2 8 8 786432.000000 0.00000114318402 4 -9.7500000000
2 8 9 884736.000000 0.00000029382730 3 -10.7500000000
2 8 10 983040.000000 0.00000008945175 3 -11.7500000000
2 8 11 1081344.000000 0.00000002599562 4 -12.5000000000
2 8 12 1179648.000000 0.00000000622816 3 -13.5000000000
2 8 13 1277952.000000 0.00000000149299 3 -14.5000000000
2 8 14 1376256.000000 0.00000000036753 3 -15.5000000000
2 8 15 1474560.000000 0.00000000009520 3 -16.5000000000
2 8 16 1572864.000000 0.00000000002362 3 -17.5000000000
