3 0 0 0.000000 0.00068872858537 0 4.0000000000
3 0 1 73728.000000 0.00019481829077 0 4.0000000000
3 0 2 147456.000000 0.00008584184980 3 3.0000000000
3 0 3 221184.000000 0.00004990562593 5 2.5000000000
3 0 4 294912.000000 0.00002655818389 6 2.2500000000
3 0 5 368640.000000 0.00001172018165 4 1.5000000000
3 0 6 442368.000000 0.00000486299859 5 1.0000000000
3 0 7 516096.000000 0.00000197609120 5 0.5000000000
3 0 8 589824.000000 0.00000078722633 4 -0.2500000000
3 0 9 663552.000000 0.00000024679505 4 -1.0000000000
3 0 10 737280.000000 0.00000006599228 4 -1.7500000000
3 1 0 0.000000 0.00364476279356 0 5.0000000000
3 1 1 73728.000000 0.00086181954248 0 5.0000000000
3 1 2 147456.000000 0.00033756133053 3 4.0000000000
3 1 3 221184.000000 0.00017515369109 3 3.0000000000
3 1 4 294912.000000 0.00008124772285 6 2.7500000000
3 1 5 368640.000000 0.00003924065095 6 2.5000000000
3 1 6 442368.000000 0.00001619344766 4 1.7500000000
3 1 7 516096.000000 0.00000689818762 4 1.0000000000
3 1 8 589824.000000 0.00000227023406 5 0.5000000000
3 1 9 663552.000000 0.00000065140563 3 -0.5000000000
3 1 10 737280.000000 0.00000019596702 4 -1.2500000000
3 2 0 0.000000 0.00365933706053 0 5.0000000000
3 2 1 73728.000000 0.00088551919907 0 5.0000000000
3 2 2 147456.000000 0.00034646765562 2 3.7500000000
3 2 3 221184.000000 0.00018717430066 5 3.2500000000
3 2 4 294912.000000 0.00010017801105 5 2.7500000000
3 2 5 368640.000000 0.00006167181709 5 2.2500000000
3 2 6 442368.000000 0.00003393086445 6 2.0000000000
3 2 7 516096.000000 0.00001378840443 5 1.5000000000
3 2 8 589824.000000 0.00000430975388 4 0.7500000000
3 2 9 663552.000000 0.00000107275548 4 0.0000000000
3 2 10 737280.000000 0.00000025835033 3 -1.0000000000
3 3 0 0.000000 0.03025575354695 0 6.0000000000
3 3 1 73728.000000 0.00577115826309 0 6.0000000000
3 3 2 147456.000000 0.00216034683399 2 4.7500000000
3 3 3 221184.000000 0.00095345749287 5 4.2500000000
3 3 4 294912.000000 0.00042159418808 4 3.5000000000
3 3 5 368640.000000 0.00017597946862 5 3.0000000000
3 3 6 442368.000000 0.00006344005669 4 2.2500000000
3 3 7 516096.000000 0.00002122830301 5 1.7500000000
3 3 8 589824.000000 0.00000612976237 3 0.7500000000
3 3 9 663552.000000 0.00000189670743 3 -0.2500000000
3 3 10 737280.000000 0.00000054595438 4 -1.0000000000
3 4 0 0.000000 0.12050659954548 0 6.0000000000
3 4 1 73728.000000 0.01571663282812 0 6.0000000000
3 4 2 147456.000000 0.00502301473171 3 5.0000000000
3 4 3 221184.000000 0.00193383055739 5 4.5000000000
3 4 4 294912.000000 0.00096171040786 5 4.0000000000
3 4 5 368640.000000 0.00048164490727 6 3.7500000000
3 4 6 442368.000000 0.00020504144777 4 3.0000000000
3 4 7 516096.000000 0.00007797151920 5 2.5000000000
3 4 8 589824.000000 0.00002647016481 4 1.7500000000
3 4 9 663552.000000 0.00000821420963 4 1.0000000000
3 4 10 737280.000000 0.00000237464110 3 0.0000000000
3 5 0 0.000000 0.09362059831619 0 6.0000000000
3 5 1 73728.000000 0.01422249898314 0 6.0000000000
3 5 2 147456.000000 0.00541497627273 4 5.2500000000
3 5 3 221184.000000 0.00261490163393 5 4.7500000000
3 5 4 294912.000000 0.00138815946411 6 4.5000000000
3 5 5 368640.000000 0.00059397856239 3 3.5000000000
3 5 6 442368.000000 0.00022800451552 5 3.0000000000
3 5 7 516096.000000 0.00008312611317 5 2.5000000000
3 5 8 589824.000000 0.00002370170660 4 1.7500000000
3 5 9 663552.000000 0.00000764852393 4 1.0000000000
3 5 10 737280.000000 0.00000198744647 3 0.0000000000
3 6 0 0.000000 0.35880529880524 0 7.0000000000
3 6 1 73728.000000 0.06200674921274 0 7.0000000000
3 6 2 147456.000000 0.02241108193994 3 6.0000000000
3 6 3 221184.000000 0.01103662699461 5 5.5000000000
3 6 4 294912.000000 0.00596166728064 5 5.0000000000
3 6 5 368640.000000 0.00355230248533 5 4.5000000000
3 6 6 442368.000000 0.00197177147493 4 3.7500000000
3 6 7 516096.000000 0.00076695642201 7 3.7500000000
3 6 8 589824.000000 0.00024915314862 4 3.0000000000
3 6 9 663552.000000 0.00006770439359 4 2.2500000000
3 6 10 737280.000000 0.00001667270590 3 1.2500000000
3 7 0 0.000000 0.37431576848030 0 7.0000000000
3 7 1 73728.000000 0.05971947312355 0 7.0000000000
3 7 2 147456.000000 0.02331374026835 2 5.7500000000
3 7 3 221184.000000 0.01092851068825 7 5.7500000000
3 7 4 294912.000000 0.00543521111831 4 5.0000000000
3 7 5 368640.000000 0.00199755397625 4 4.2500000000
3 7 6 442368.000000 0.00078618287807 5 3.7500000000
3 7 7 516096.000000 0.00026126674493 5 3.2500000000
3 7 8 589824.000000 0.00006955675781 3 2.2500000000
3 7 9 663552.000000 0.00002083206164 3 1.2500000000
3 7 10 737280.000000 0.00000540788778 4 0.5000000000
3 8 0 0.000000 3.60925841331482 0 8.0000000000
3 8 1 73728.000000 1.06365644931793 0 8.0000000000
3 8 2 147456.000000 0.20800781250000 2 6.7500000000
3 8 3 221184.000000 0.11678145825863 5 6.2500000000
3 8 4 294912.000000 0.04660960286856 4 5.5000000000
3 8 5 368640.000000 0.02104102075100 5 5.0000000000
3 8 6 442368.000000 0.00970182847232 5 4.5000000000
3 8 7 516096.000000 0.00397227983922 5 4.0000000000
3 8 8 589824.000000 0.00129644491244 4 3.2500000000
3 8 9 663552.000000 0.00042448166641 4 2.5000000000
3 8 10 737280.000000 0.00014986803581 4 1.7500000000
