4 0 0 0.000000 0.00189729337581 0 3.0000000000
4 0 1 49152.000000 0.00043238289072 0 3.0000000000
4 0 2 98304.000000 0.00019954142044 3 2.0000000000
4 0 3 147456.000000 0.00008002779214 4 1.2500000000
4 0 4 196608.000000 0.00004203433855 5 0.7500000000
4 0 5 245760.000000 0.00001857774441 5 0.2500000000
4 0 6 294912.000000 0.00000840438224 5 -0.2500000000
4 0 7 344064.000000 0.00000315287821 4 -1.0000000000
4 0 8 393216.000000 0.00000094703046 4 -1.7500000000
4 0 9 442368.000000 0.00000028974253 4 -2.5000000000
4 0 10 491520.000000 0.00000008090906 3 -3.5000000000
4 1 0 0.000000 0.00291873724200 0 3.0000000000
4 1 1 49152.000000 0.00064507639036 0 3.0000000000
4 1 2 98304.000000 0.00032156499219 3 2.0000000000
4 1 3 147456.000000 0.00015474751126 6 1.7500000000
4 1 4 196608.000000 0.00006674979522 5 1.2500000000
4 1 5 245760.000000 0.00002432366455 4 0.5000000000
4 1 6 294912.000000 0.00000834195180 4 -0.2500000000
4 1 7 344064.000000 0.00000294191750 4 -1.0000000000
4 1 8 393216.000000 0.00000088677831 4 -1.7500000000
4 1 9 442368.000000 0.00000024314440 3 -2.7500000000
4 1 10 491520.000000 0.00000008011180 4 -3.5000000000
4 2 0 0.000000 0.00268748588860 0 3.0000000000
4 2 1 49152.000000 0.00062315369723 0 3.0000000000
4 2 2 98304.000000 0.00030037766555 2 1.7500000000
4 2 3 147456.000000 0.00015569012612 6 1.5000000000
4 2 4 196608.000000 0.00008641522436 6 1.2500000000
4 2 5 245760.000000 0.00004494224413 4 0.5000000000
4 2 6 294912.000000 0.00002239889182 6 0.2500000000
4 2 7 344064.000000 0.00001049852835 5 -0.2500000000
4 2 8 393216.000000 0.00000364495850 5 -0.7500000000
4 2 9 442368.000000 0.00000090677401 3 -1.7500000000
4 2 10 491520.000000 0.00000026273301 3 -2.7500000000
4 3 0 0.000000 0.01574778929353 0 4.0000000000
4 3 1 49152.000000 0.00300562358461 0 4.0000000000
4 3 2 98304.000000 0.00131336622871 4 3.2500000000
4 3 3 147456.000000 0.00060035742354 4 2.5000000000
4 3 4 196608.000000 0.00023891837918 4 1.7500000000
4 3 5 245760.000000 0.00009567198867 6 1.5000000000
4 3 6 294912.000000 0.00003412017759 3 0.5000000000
4 3 7 344064.000000 0.00000951236962 4 -0.2500000000
4 3 8 393216.000000 0.00000320982008 4 -1.0000000000
4 3 9 442368.000000 0.00000075804024 3 -2.0000000000
4 3 10 491520.000000 0.00000017648505 3 -3.0000000000
4 4 0 0.000000 0.07722201198339 0 4.0000000000
4 4 1 49152.000000 0.00887004286051 2 4.5000000000
4 4 2 98304.000000 0.00405273446813 4 3.7500000000
4 4 3 147456.000000 0.00163631665055 4 3.0000000000
4 4 4 196608.000000 0.00078876281623 5 2.5000000000
4 4 5 245760.000000 0.00037477654405 3 1.5000000000
4 4 6 294912.000000 0.00022940846975 4 0.7500000000
4 4 7 344064.000000 0.00008992656512 7 0.7500000000
4 4 8 393216.000000 0.00002582635352 5 0.2500000000
4 4 9 442368.000000 0.00000746922206 4 -0.5000000000
4 4 10 491520.000000 0.00000191912864 3 -1.5000000000
4 5 0 0.000000 0.05878603458405 0 4.0000000000
4 5 1 49152.000000 0.00602365238592 0 4.0000000000
4 5 2 98304.000000 0.00275790924206 5 3.5000000000
4 5 3 147456.000000 0.00110249442514 5 3.0000000000
4 5 4 196608.000000 0.00044380367035 4 2.2500000000
4 5 5 245760.000000 0.00016578273789 4 1.5000000000
4 5 6 294912.000000 0.00005100700218 4 0.7500000000
4 5 7 344064.000000 0.00001660582166 4 0.0000000000
4 5 8 393216.000000 0.00000494881078 3 -1.0000000000
4 5 9 442368.000000 0.00000144582805 4 -1.7500000000
4 5 10 491520.000000 0.00000040710177 3 -2.7500000000
4 6 0 0.000000 0.18049746751785 0 5.0000000000
4 6 1 49152.000000 0.01897191070020 0 5.0000000000
4 6 2 98304.000000 0.00888323131949 5 4.5000000000
4 6 3 147456.000000 0.00395627459511 4 3.7500000000
4 6 4 196608.000000 0.00165780202951 5 3.2500000000
4 6 5 245760.000000 0.00059348525247 4 2.5000000000
4 6 6 294912.000000 0.00019268636242 4 1.7500000000
4 6 7 344064.000000 0.00006878081331 4 1.0000000000
4 6 8 393216.000000 0.00002101233440 3 0.0000000000
4 6 9 442368.000000 0.00000547869604 4 -0.7500000000
4 6 10 491520.000000 0.00000131282479 3 -1.7500000000
4 7 0 0.000000 0.14716948568821 0 5.0000000000
4 7 1 49152.000000 0.01736763119698 0 5.0000000000
4 7 2 98304.000000 0.00884316861629 3 4.0000000000
4 7 3 147456.000000 0.00384187931195 6 3.7500000000
4 7 4 196608.000000 0.00189376296476 4 3.0000000000
4 7 5 245760.000000 0.00084572302876 5 2.5000000000
4 7 6 294912.000000 0.00034918999881 5 2.0000000000
4 7 7 344064.000000 0.00011834085308 5 1.5000000000
4 7 8 393216.000000 0.00003108148667 3 0.5000000000
4 7 9 442368.000000 0.00000967880806 3 -0.5000000000
4 7 10 491520.000000 0.00000243828617 4 -1.2500000000
4 8 0 0.000000 6.31735897064209 0 7.0000000000
4 8 1 49152.000000 2.79284381866455 0 7.0000000000
4 8 2 98304.000000 0.31287014484406 2 5.7500000000
4 8 3 147456.000000 0.15239049494267 6 5.5000000000
4 8 4 196608.000000 0.06837592273951 5 5.0000000000
4 8 5 245760.000000 0.03221092000604 4 4.2500000000
4 8 6 294912.000000 0.01459864526987 5 3.7500000000
4 8 7 344064.000000 0.00782674644142 4 3.0000000000
4 8 8 393216.000000 0.00288853049278 6 2.7500000000
4 8 9 442368.000000 0.00097461970290 3 1.7500000000
4 8 10 491520.000000 0.00023990262707 4 1.0000000000
