2 0 0 0.000000 0.00028157862835 0 4.0000000000
2 0 1 98304.000000 0.00005842641986 0 4.0000000000
2 0 2 196608.000000 0.00002440185744 3 3.0000000000
2 0 3 294912.000000 0.00001236550088 5 2.5000000000
2 0 4 393216.000000 0.00000526768554 4 1.7500000000
2 0 5 491520.000000 0.00000251559140 5 1.2500000000
2 0 6 589824.000000 0.00000109709913 5 0.7500000000
2 0 7 688128.000000 0.00000047419402 4 0.0000000000
2 0 8 786432.000000 0.00000017329037 5 -0.5000000000
2 0 9 884736.000000 0.00000006348526 4 -1.2500000000
2 0 10 983040.000000 0.00000001733935 4 -2.0000000000
2 1 0 0.000000 0.00264779664576 0 5.0000000000
2 1 1 98304.000000 0.00049690675223 0 5.0000000000
2 1 2 196608.000000 0.00025240742252 6 4.7500000000
2 1 3 294912.000000 0.00011631486996 4 4.0000000000
2 1 4 393216.000000 0.00005666180004 5 3.5000000000
2 1 5 491520.000000 0.00002400332050 4 2.7500000000
2 1 6 589824.000000 0.00000987999283 5 2.2500000000
2 1 7 688128.000000 0.00000344051023 3 1.2500000000
2 1 8 786432.000000 0.00000116037324 5 0.7500000000
2 1 9 884736.000000 0.00000037326825 4 0.0000000000
2 1 10 983040.000000 0.00000009553580 3 -1.0000000000
2 2 0 0.000000 0.00390129862353 0 5.0000000000
2 2 1 98304.000000 0.00060123903677 1 5.2500000000
2 2 2 196608.000000 0.00028117219335 5 4.7500000000
2 2 3 294912.000000 0.00012742156105 5 4.2500000000
2 2 4 393216.000000 0.00005760169006 4 3.5000000000
2 2 5 491520.000000 0.00002417004180 5 3.0000000000
2 2 6 589824.000000 0.00000928905047 3 2.0000000000
2 2 7 688128.000000 0.00000339752842 4 1.2500000000
2 2 8 786432.000000 0.00000131787374 5 0.7500000000
2 2 9 884736.000000 0.00000040881264 4 0.0000000000
2 2 10 983040.000000 0.00000011094020 3 -1.0000000000
2 3 0 0.000000 0.02185006625950 0 6.0000000000
2 3 1 98304.000000 0.00371896615252 0 6.0000000000
2 3 2 196608.000000 0.00204777228646 4 5.2500000000
2 3 3 294912.000000 0.00090643164003 6 5.0000000000
2 3 4 393216.000000 0.00044969623559 4 4.2500000000
2 3 5 491520.000000 0.00022098631598 5 3.7500000000
2 3 6 589824.000000 0.00009901281010 5 3.2500000000
2 3 7 688128.000000 0.00003569111504 4 2.5000000000
2 3 8 786432.000000 0.00001160188913 5 2.0000000000
2 3 9 884736.000000 0.00000364968628 3 1.0000000000
2 3 10 983040.000000 0.00000102910042 4 0.2500000000
2 4 0 0.000000 0.09702616930008 0 7.0000000000
2 4 1 98304.000000 0.02035371772945 0 7.0000000000
2 4 2 196608.000000 0.00562070542946 2 5.7500000000
2 4 3 294912.000000 0.00282451254316 6 5.5000000000
2 4 4 393216.000000 0.00130257953424 5 5.0000000000
2 4 5 491520.000000 0.00060858298093 4 4.2500000000
2 4 6 589824.000000 0.00031439249869 5 3.7500000000
2 4 7 688128.000000 0.00013328781642 6 3.5000000000
2 4 8 786432.000000 0.00005171199155 5 3.0000000000
2 4 9 884736.000000 0.00001595938556 3 2.0000000000
2 4 10 983040.000000 0.00000471066051 4 1.2500000000
2 5 0 0.000000 0.08637923747301 0 7.0000000000
2 5 1 98304.000000 0.01977486908436 0 7.0000000000
2 5 2 196608.000000 0.00583225954324 1 5.5000000000
2 5 3 294912.000000 0.00226662470959 7 5.5000000000
2 5 4 393216.000000 0.00102775800042 4 4.7500000000
2 5 5 491520.000000 0.00046178573393 5 4.2500000000
2 5 6 589824.000000 0.00016799928562 5 3.7500000000
2 5 7 688128.000000 0.00007245521556 4 3.0000000000
2 5 8 786432.000000 0.00002779772331 5 2.5000000000
2 5 9 884736.000000 0.00000712435894 3 1.5000000000
2 5 10 983040.000000 0.00000209970995 4 0.7500000000
2 6 0 0.000000 0.45065492391586 0 8.0000000000
2 6 1 98304.000000 0.08670835942030 0 8.0000000000
2 6 2 196608.000000 0.02622071094811 2 6.7500000000
2 6 3 294912.000000 0.01146442629397 6 6.5000000000
2 6 4 393216.000000 0.00510456785560 5 6.0000000000
2 6 5 491520.000000 0.00210794131272 4 5.2500000000
2 6 6 589824.000000 0.00071274553193 4 4.5000000000
2 6 7 688128.000000 0.00023062810942 4 3.7500000000
2 6 8 786432.000000 0.00007120800728 4 3.0000000000
2 6 9 884736.000000 0.00002127581683 3 2.0000000000
2 6 10 983040.000000 0.00000594186804 4 1.2500000000
2 7 0 0.000000 0.45223996043205 0 8.0000000000
2 7 1 98304.000000 0.10254994779825 0 8.0000000000
2 7 2 196608.000000 0.03076021745801 3 7.0000000000
2 7 3 294912.000000 0.01586412452161 5 6.5000000000
2 7 4 393216.000000 0.00702987657860 5 6.0000000000
2 7 5 491520.000000 0.00305512291379 5 5.5000000000
2 7 6 589824.000000 0.00100346142426 5 5.0000000000
2 7 7 688128.000000 0.00032508582808 3 4.0000000000
2 7 8 786432.000000 0.00009777725063 4 3.2500000000
2 7 9 884736.000000 0.00002904180110 3 2.2500000000
2 7 10 983040.000000 0.00000909475875 4 1.5000000000
2 8 0 0.000000 3.86434149742126 0 9.0000000000
2 8 1 98304.000000 1.94081950187683 0 9.0000000000
2 8 2 196608.000000 0.52045279741287 2 7.7500000000
2 8 3 294912.000000 0.23206871747971 6 7.5000000000
2 8 4 393216.000000 0.11602523177862 5 7.0000000000
2 8 5 491520.000000 0.05566043034196 5 6.5000000000
2 8 6 589824.000000 0.02253345772624 4 5.7500000000
2 8 7 688128.000000 0.00856000557542 5 5.2500000000
2 8 8 786432.000000 0.00274010095745 4 4.5000000000
2 8 9 884736.000000 0.00089391472284 3 3.5000000000
2 8 10 983040.000000 0.00020879806834 4 2.7500000000
