0 0 0 0.000000 0.00000180275765 0 0.0000000000
0 0 1 288.000000 0.00000021845970 0 0.0000000000
0 0 2 576.000000 0.00000007484648 3 -1.0000000000
0 0 3 864.000000 0.00000002077688 3 -2.0000000000
0 0 4 1152.000000 0.00000000612558 4 -2.7500000000
0 0 5 1440.000000 0.00000000137731 3 -3.7500000000
0 0 6 1728.000000 0.00000000042481 4 -4.5000000000
0 0 7 2016.000000 0.00000000016463 3 -5.5000000000
0 0 8 2304.000000 0.00000000003655 3 -6.5000000000
0 0 9 2592.000000 0.00000000000795 3 -7.5000000000
0 0 10 2880.000000 0.00000000000415 3 -8.5000000000
0 1 0 0.000000 0.00000227460350 0 1.0000000000
0 1 1 288.000000 0.00000084627396 0 1.0000000000
0 1 2 576.000000 0.00000040719266 3 0.0000000000
0 1 3 864.000000 0.00000019394294 6 -0.2500000000
0 1 4 1152.000000 0.00000008807828 5 -0.7500000000
0 1 5 1440.000000 0.00000002577008 5 -1.2500000000
0 1 6 1728.000000 0.00000000603141 3 -2.2500000000
0 1 7 2016.000000 0.00000000189504 3 -3.2500000000
0 1 8 2304.000000 0.00000000044878 4 -4.0000000000
0 1 9 2592.000000 0.00000000010156 2 -5.2500000000
0 1 10 2880.000000 0.00000000002870 3 -6.2500000000
0 2 0 0.000000 0.00000262898925 0 1.0000000000
0 2 1 288.000000 0.00000113175270 0 1.0000000000
0 2 2 576.000000 0.00000074019277 4 0.2500000000
0 2 3 864.000000 0.00000026349468 7 0.2500000000
0 2 4 1152.000000 0.00000006935714 4 -0.5000000000
0 2 5 1440.000000 0.00000002172028 3 -1.5000000000
0 2 6 1728.000000 0.00000000651275 4 -2.2500000000
0 2 7 2016.000000 0.00000000138485 3 -3.2500000000
0 2 8 2304.000000 0.00000000045976 3 -4.2500000000
0 2 9 2592.000000 0.00000000011917 3 -5.2500000000
0 2 10 2880.000000 0.00000000002968 3 -6.2500000000
0 3 0 0.000000 0.00000278804328 0 2.0000000000
0 3 1 288.000000 0.00000156515239 0 2.0000000000
0 3 2 576.000000 0.00000039208211 1 0.5000000000
0 3 3 864.000000 0.00000013914610 6 0.2500000000
0 3 4 1152.000000 0.00000005109068 3 -0.7500000000
0 3 5 1440.000000 0.00000001358400 4 -1.5000000000
0 3 6 1728.000000 0.00000000401529 3 -2.5000000000
0 3 7 2016.000000 0.00000000100648 3 -3.5000000000
0 3 8 2304.000000 0.00000000039430 4 -4.2500000000
0 3 9 2592.000000 0.00000000008087 3 -5.2500000000
0 3 10 2880.000000 0.00000000002683 3 -6.2500000000
0 4 0 0.000000 0.00000375487275 0 2.0000000000
0 4 1 288.000000 0.00000123042423 0 2.0000000000
0 4 2 576.000000 0.00000046248047 2 0.7500000000
0 4 3 864.000000 0.00000020799231 5 0.2500000000
0 4 4 1152.000000 0.00000006840646 4 -0.5000000000
0 4 5 1440.000000 0.00000001617656 3 -1.5000000000
0 4 6 1728.000000 0.00000000545795 4 -2.2500000000
0 4 7 2016.000000 0.00000000138545 3 -3.2500000000
0 4 8 2304.000000 0.00000000025335 3 -4.2500000000
0 4 9 2592.000000 0.00000000006352 3 -5.2500000000
0 4 10 2880.000000 0.00000000002730 3 -6.2500000000
0 5 0 0.000000 0.00000450194239 0 2.0000000000
0 5 1 288.000000 0.00000146094919 1 2.2500000000
0 5 2 576.000000 0.00000105852143 2 1.0000000000
0 5 3 864.000000 0.00000045501267 5 0.5000000000
0 5 4 1152.000000 0.00000019320495 7 0.5000000000
0 5 5 1440.000000 0.00000005324312 3 -0.5000000000
0 5 6 1728.000000 0.00000001472393 3 -1.5000000000
0 5 7 2016.000000 0.00000000481349 4 -2.2500000000
0 5 8 2304.000000 0.00000000163429 3 -3.2500000000
0 5 9 2592.000000 0.00000000029743 3 -4.2500000000
0 5 10 2880.000000 0.00000000008813 3 -5.2500000000
0 6 0 0.000000 0.00000758758733 0 2.0000000000
0 6 1 288.000000 0.00000186197963 6 3.5000000000
0 6 2 576.000000 0.00000147489845 4 2.7500000000
0 6 3 864.000000 0.00000078990462 2 1.5000000000
0 6 4 1152.000000 0.00000030421120 4 0.7500000000
0 6 5 1440.000000 0.00000008500527 3 -0.2500000000
0 6 6 1728.000000 0.00000002748922 4 -1.0000000000
0 6 7 2016.000000 0.00000000651790 3 -2.0000000000
0 6 8 2304.000000 0.00000000183876 3 -3.0000000000
0 6 9 2592.000000 0.00000000059621 3 -4.0000000000
0 6 10 2880.000000 0.00000000011374 3 -5.0000000000
0 7 0 0.000000 0.00000776003526 0 2.0000000000
0 7 1 288.000000 0.00000281901112 0 2.0000000000
0 7 2 576.000000 0.00000097765280 4 1.2500000000
0 7 3 864.000000 0.00000031061870 5 0.7500000000
0 7 4 1152.000000 0.00000011896863 4 0.0000000000
0 7 5 1440.000000 0.00000003152163 3 -1.0000000000
0 7 6 1728.000000 0.00000001154820 3 -2.0000000000
0 7 7 2016.000000 0.00000000246461 4 -2.7500000000
0 7 8 2304.000000 0.00000000053346 3 -3.7500000000
0 7 9 2592.000000 0.00000000013938 3 -4.7500000000
0 7 10 2880.000000 0.00000000003362 3 -5.7500000000
0 8 0 0.000000 0.00001760237319 0 2.0000000000
0 8 1 288.000000 0.00000352445682 2 2.5000000000
0 8 2 576.000000 0.00000179330857 5 2.0000000000
0 8 3 864.000000 0.00000055986817 4 1.2500000000
0 8 4 1152.000000 0.00000016937115 3 0.2500000000
0 8 5 1440.000000 0.00000004051075 4 -0.5000000000
0 8 6 1728.000000 0.00000001317004 3 -1.5000000000
0 8 7 2016.000000 0.00000000368132 4 -2.2500000000
0 8 8 2304.000000 0.00000000091355 3 -3.2500000000
0 8 9 2592.000000 0.00000000030578 3 -4.2500000000
0 8 10 2880.000000 0.00000000007253 3 -5.2500000000
0 9 0 0.000000 0.00002437114017 0 3.0000000000
0 9 1 288.000000 0.00000501800878 0 3.0000000000
0 9 2 576.000000 0.00000224494033 4 2.2500000000
0 9 3 864.000000 0.00000085371988 4 1.5000000000
0 9 4 1152.000000 0.00000027384345 3 0.5000000000
0 9 5 1440.000000 0.00000006846948 4 -0.2500000000
0 9 6 1728.000000 0.00000003275526 4 -1.0000000000
0 9 7 2016.000000 0.00000000802901 3 -2.0000000000
0 9 8 2304.000000 0.00000000132640 3 -3.0000000000
0 9 9 2592.000000 0.00000000036240 3 -4.0000000000
0 9 10 2880.000000 0.00000000009625 3 -5.0000000000
0 10 0 0.000000 0.00000575150852 0 2.0000000000
0 10 1 288.000000 0.00000138115468 0 2.0000000000
0 10 2 576.000000 0.00000039289833 4 1.2500000000
0 10 3 864.000000 0.00000014409075 4 0.5000000000
0 10 4 1152.000000 0.00000005734361 3 -0.5000000000
0 10 5 1440.000000 0.00000001231780 4 -1.2500000000
0 10 6 1728.000000 0.00000000326157 3 -2.2500000000
0 10 7 2016.000000 0.00000000107116 3 -3.2500000000
0 10 8 2304.000000 0.00000000027667 4 -4.0000000000
0 10 9 2592.000000 0.00000000007011 3 -5.0000000000
0 10 10 2880.000000 0.00000000001797 3 -6.0000000000
0 11 0 0.000000 0.00001002141471 0 2.0000000000
0 11 1 288.000000 0.00000334729589 0 2.0000000000
0 11 2 576.000000 0.00000230301089 4 1.2500000000
0 11 3 864.000000 0.00000047383406 7 1.2500000000
0 11 4 1152.000000 0.00000015884038 4 0.5000000000
0 11 5 1440.000000 0.00000004420658 4 -0.2500000000
0 11 6 1728.000000 0.00000001346789 3 -1.2500000000
0 11 7 2016.000000 0.00000000249612 3 -2.2500000000
0 11 8 2304.000000 0.00000000074723 3 -3.2500000000
0 11 9 2592.000000 0.00000000024559 3 -4.2500000000
0 11 10 2880.000000 0.00000000005016 3 -5.2500000000
0 12 0 0.000000 0.00000702287116 0 3.0000000000
0 12 1 288.000000 0.00000221615915 0 3.0000000000
0 12 2 576.000000 0.00000080954311 2 1.7500000000
0 12 3 864.000000 0.00000025861121 3 0.7500000000
0 12 4 1152.000000 0.00000009129239 4 0.0000000000
0 12 5 1440.000000 0.00000002260760 4 -0.7500000000
0 12 6 1728.000000 0.00000000858606 4 -1.5000000000
0 12 7 2016.000000 0.00000000256701 3 -2.5000000000
0 12 8 2304.000000 0.00000000057550 3 -3.5000000000
0 12 9 2592.000000 0.00000000013274 3 -4.5000000000
0 12 10 2880.000000 0.00000000004073 3 -5.5000000000
0 13 0 0.000000 0.00001070255894 0 3.0000000000
0 13 1 288.000000 0.00000227923306 0 3.0000000000
0 13 2 576.000000 0.00000088961406 2 1.7500000000
0 13 3 864.000000 0.00000035000204 4 1.0000000000
0 13 4 1152.000000 0.00000011030318 4 0.2500000000
0 13 5 1440.000000 0.00000003441258 3 -0.7500000000
0 13 6 1728.000000 0.00000001040056 4 -1.5000000000
0 13 7 2016.000000 0.00000000280789 3 -2.5000000000
0 13 8 2304.000000 0.00000000060071 3 -3.5000000000
0 13 9 2592.000000 0.00000000013702 3 -4.5000000000
0 13 10 2880.000000 0.00000000004004 3 -5.5000000000
0 14 0 0.000000 0.00002572345693 0 3.0000000000
0 14 1 288.000000 0.00000402424939 2 3.5000000000
0 14 2 576.000000 0.00000201342323 3 2.5000000000
0 14 3 864.000000 0.00000060083897 4 1.7500000000
0 14 4 1152.000000 0.00000023009079 4 1.0000000000
0 14 5 1440.000000 0.00000006652967 3 0.0000000000
0 14 6 1728.000000 0.00000001601881 3 -1.0000000000
0 14 7 2016.000000 0.00000000421642 4 -1.7500000000
0 14 8 2304.000000 0.00000000122561 3 -2.7500000000
0 14 9 2592.000000 0.00000000042384 4 -3.5000000000
0 14 10 2880.000000 0.00000000006395 2 -4.7500000000
0 15 0 0.000000 0.00004910554344 0 4.0000000000
0 15 1 288.000000 0.00000888314116 1 4.2500000000
0 15 2 576.000000 0.00000559356022 3 3.2500000000
0 15 3 864.000000 0.00000165869176 5 2.7500000000
0 15 4 1152.000000 0.00000040535551 3 1.7500000000
0 15 5 1440.000000 0.00000014457680 4 1.0000000000
0 15 6 1728.000000 0.00000004731680 3 0.0000000000
0 15 7 2016.000000 0.00000000874920 3 -1.0000000000
0 15 8 2304.000000 0.00000000300146 3 -2.0000000000
0 15 9 2592.000000 0.00000000056641 3 -3.0000000000
0 15 10 2880.000000 0.00000000019045 3 -4.0000000000
0 16 0 0.000000 0.00005626793791 0 4.0000000000
0 16 1 288.000000 0.00000767989241 2 4.5000000000
0 16 2 576.000000 0.00000551160292 3 3.5000000000
0 16 3 864.000000 0.00000208089091 5 3.0000000000
0 16 4 1152.000000 0.00000078809592 3 2.0000000000
0 16 5 1440.000000 0.00000020437939 4 1.2500000000
0 16 6 1728.000000 0.00000004322147 2 0.0000000000
0 16 7 2016.000000 0.00000001622813 4 -0.7500000000
0 16 8 2304.000000 0.00000000476558 3 -1.7500000000
0 16 9 2592.000000 0.00000000092735 3 -2.7500000000
0 16 10 2880.000000 0.00000000026197 3 -3.7500000000
0 17 0 0.000000 0.00000754942539 0 2.0000000000
0 17 1 288.000000 0.00000196785322 1 2.2500000000
0 17 2 576.000000 0.00000086469504 4 1.5000000000
0 17 3 864.000000 0.00000032205875 4 0.7500000000
0 17 4 1152.000000 0.00000008458811 5 0.2500000000
0 17 5 1440.000000 0.00000003331049 3 -0.7500000000
0 17 6 1728.000000 0.00000000532101 3 -1.7500000000
0 17 7 2016.000000 0.00000000211094 3 -2.7500000000
0 17 8 2304.000000 0.00000000059293 4 -3.5000000000
0 17 9 2592.000000 0.00000000014308 3 -4.5000000000
0 17 10 2880.000000 0.00000000004197 3 -5.5000000000
0 18 0 0.000000 0.00007879745681 0 4.0000000000
0 18 1 288.000000 0.00000794993139 3 4.7500000000
0 18 2 576.000000 0.00000403241120 3 3.7500000000
0 18 3 864.000000 0.00000276287915 4 3.0000000000
0 18 4 1152.000000 0.00000107639755 3 2.0000000000
0 18 5 1440.000000 0.00000032553623 3 1.0000000000
0 18 6 1728.000000 0.00000007491226 3 0.0000000000
0 18 7 2016.000000 0.00000002277616 3 -1.0000000000
0 18 8 2304.000000 0.00000000571511 4 -1.7500000000
0 18 9 2592.000000 0.00000000134863 2 -3.0000000000
0 18 10 2880.000000 0.00000000035745 3 -4.0000000000
0 19 0 0.000000 0.00004113654722 0 4.0000000000
0 19 1 288.000000 0.00000816503325 1 4.2500000000
0 19 2 576.000000 0.00000375865807 5 3.7500000000
0 19 3 864.000000 0.00000227270357 5 3.2500000000
0 19 4 1152.000000 0.00000081143293 2 2.0000000000
0 19 5 1440.000000 0.00000028743847 3 1.0000000000
0 19 6 1728.000000 0.00000008860174 4 0.2500000000
0 19 7 2016.000000 0.00000002741909 3 -0.7500000000
0 19 8 2304.000000 0.00000000704293 3 -1.7500000000
0 19 9 2592.000000 0.00000000163694 3 -2.7500000000
0 19 10 2880.000000 0.00000000038672 3 -3.7500000000
0 20 0 0.000000 0.00007861304039 0 4.0000000000
0 20 1 288.000000 0.00002113683513 6 5.5000000000
0 20 2 576.000000 0.00000830382942 4 4.7500000000
0 20 3 864.000000 0.00000502891726 3 3.7500000000
0 20 4 1152.000000 0.00000247690741 4 3.0000000000
0 20 5 1440.000000 0.00000103560126 3 2.0000000000
0 20 6 1728.000000 0.00000027402083 3 1.0000000000
0 20 7 2016.000000 0.00000005823240 3 0.0000000000
0 20 8 2304.000000 0.00000001419729 3 -1.0000000000
0 20 9 2592.000000 0.00000000447754 3 -2.0000000000
0 20 10 2880.000000 0.00000000105501 3 -3.0000000000
0 21 0 0.000000 0.00002993663293 0 4.0000000000
0 21 1 288.000000 0.00000488133355 1 4.2500000000
0 21 2 576.000000 0.00000283127792 4 3.5000000000
0 21 3 864.000000 0.00000176963988 4 2.7500000000
0 21 4 1152.000000 0.00000073754831 3 1.7500000000
0 21 5 1440.000000 0.00000021523869 3 0.7500000000
0 21 6 1728.000000 0.00000005727842 4 0.0000000000
0 21 7 2016.000000 0.00000001783098 3 -1.0000000000
0 21 8 2304.000000 0.00000000338132 3 -2.0000000000
0 21 9 2592.000000 0.00000000090567 3 -3.0000000000
0 21 10 2880.000000 0.00000000026314 3 -4.0000000000
0 22 0 0.000000 0.00005223114931 0 4.0000000000
0 22 1 288.000000 0.00001713121674 5 5.2500000000
0 22 2 576.000000 0.00000844048282 4 4.5000000000
0 22 3 864.000000 0.00000329550585 5 4.0000000000
0 22 4 1152.000000 0.00000172878777 3 3.0000000000
0 22 5 1440.000000 0.00000076236950 3 2.0000000000
0 22 6 1728.000000 0.00000021648988 3 1.0000000000
0 22 7 2016.000000 0.00000006404718 3 0.0000000000
0 22 8 2304.000000 0.00000001558152 3 -1.0000000000
0 22 9 2592.000000 0.00000000361508 3 -2.0000000000
0 22 10 2880.000000 0.00000000131787 3 -3.0000000000
0 23 0 0.000000 0.00002998670061 0 4.0000000000
0 23 1 288.000000 0.00000675592855 4 5.0000000000
0 23 2 576.000000 0.00000402471824 3 4.0000000000
0 23 3 864.000000 0.00000210895951 4 3.2500000000
0 23 4 1152.000000 0.00000090079953 3 2.2500000000
0 23 5 1440.000000 0.00000027186758 4 1.5000000000
0 23 6 1728.000000 0.00000006803810 3 0.5000000000
0 23 7 2016.000000 0.00000002143443 3 -0.5000000000
0 23 8 2304.000000 0.00000000407569 3 -1.5000000000
0 23 9 2592.000000 0.00000000125944 3 -2.5000000000
0 23 10 2880.000000 0.00000000031342 3 -3.5000000000
0 24 0 0.000000 0.00001543315011 0 4.0000000000
0 24 1 288.000000 0.00000493761172 2 4.5000000000
0 24 2 576.000000 0.00000299867042 3 3.7500000000
0 24 3 864.000000 0.00000147213461 3 2.7500000000
0 24 4 1152.000000 0.00000065766460 3 1.7500000000
0 24 5 1440.000000 0.00000019247931 3 1.0000000000
0 24 6 1728.000000 0.00000005090089 4 0.2500000000
0 24 7 2016.000000 0.00000001236571 3 -0.7500000000
0 24 8 2304.000000 0.00000000363674 3 -1.7500000000
0 24 9 2592.000000 0.00000000077286 3 -2.7500000000
0 24 10 2880.000000 0.00000000018972 3 -3.7500000000
0 25 0 0.000000 0.00004027713294 0 4.0000000000
0 25 1 288.000000 0.00000746537989 3 4.7500000000
0 25 2 576.000000 0.00000512846827 2 3.5000000000
0 25 3 864.000000 0.00000219665981 5 3.0000000000
0 25 4 1152.000000 0.00000075287431 3 2.0000000000
0 25 5 1440.000000 0.00000020218236 4 1.2500000000
0 25 6 1728.000000 0.00000005100119 3 0.2500000000
0 25 7 2016.000000 0.00000001599022 4 -0.5000000000
0 25 8 2304.000000 0.00000000446306 3 -1.5000000000
0 25 9 2592.000000 0.00000000104016 3 -2.5000000000
0 25 10 2880.000000 0.00000000028361 3 -3.5000000000
0 26 0 0.000000 0.00003488070797 0 4.0000000000
0 26 1 288.000000 0.00000695218569 3 4.7500000000
0 26 2 576.000000 0.00000435708807 3 3.7500000000
0 26 3 864.000000 0.00000192863308 4 3.0000000000
0 26 4 1152.000000 0.00000081508733 3 2.0000000000
0 26 5 1440.000000 0.00000019211848 4 1.2500000000
0 26 6 1728.000000 0.00000005175297 3 0.2500000000
0 26 7 2016.000000 0.00000001316544 3 -0.7500000000
0 26 8 2304.000000 0.00000000326621 3 -1.7500000000
0 26 9 2592.000000 0.00000000096298 3 -2.7500000000
0 26 10 2880.000000 0.00000000023233 3 -3.7500000000
0 27 0 0.000000 0.00009004527965 0 4.0000000000
0 27 1 288.000000 0.00001273953785 5 5.2500000000
0 27 2 576.000000 0.00000816351167 4 4.5000000000
0 27 3 864.000000 0.00000406378786 3 3.5000000000
0 27 4 1152.000000 0.00000210720486 4 2.7500000000
0 27 5 1440.000000 0.00000061818366 3 1.7500000000
0 27 6 1728.000000 0.00000019773678 4 1.0000000000
0 27 7 2016.000000 0.00000005096965 4 0.2500000000
0 27 8 2304.000000 0.00000001285716 2 -1.0000000000
0 27 9 2592.000000 0.00000000355294 3 -2.0000000000
0 27 10 2880.000000 0.00000000076983 3 -3.0000000000
0 28 0 0.000000 0.00005003834667 0 4.0000000000
0 28 1 288.000000 0.00000773928787 3 4.7500000000
0 28 2 576.000000 0.00000480285235 4 4.0000000000
0 28 3 864.000000 0.00000233291144 3 3.0000000000
0 28 4 1152.000000 0.00000087581486 4 2.2500000000
0 28 5 1440.000000 0.00000029550310 4 1.5000000000
0 28 6 1728.000000 0.00000008909639 3 0.5000000000
0 28 7 2016.000000 0.00000002153815 3 -0.5000000000
0 28 8 2304.000000 0.00000000631741 3 -1.5000000000
0 28 9 2592.000000 0.00000000120756 3 -2.5000000000
0 28 10 2880.000000 0.00000000046303 4 -3.2500000000
0 29 0 0.000000 0.00004759163858 0 5.0000000000
0 29 1 288.000000 0.00001812623668 1 5.2500000000
0 29 2 576.000000 0.00001514969335 2 4.0000000000
0 29 3 864.000000 0.00000591812977 7 4.0000000000
0 29 4 1152.000000 0.00000242226292 4 3.2500000000
0 29 5 1440.000000 0.00000091521059 4 2.5000000000
0 29 6 1728.000000 0.00000029031176 4 1.7500000000
0 29 7 2016.000000 0.00000007547806 2 0.5000000000
0 29 8 2304.000000 0.00000001631483 3 -0.5000000000
0 29 9 2592.000000 0.00000000521893 4 -1.2500000000
0 29 10 2880.000000 0.00000000127380 3 -2.2500000000
0 30 0 0.000000 0.00005008912194 0 5.0000000000
0 30 1 288.000000 0.00001849978980 0 5.0000000000
0 30 2 576.000000 0.00000943297528 6 4.7500000000
0 30 3 864.000000 0.00000475197430 5 4.2500000000
0 30 4 1152.000000 0.00000270790406 4 3.5000000000
0 30 5 1440.000000 0.00000088034585 3 2.5000000000
0 30 6 1728.000000 0.00000024095735 3 1.5000000000
0 30 7 2016.000000 0.00000006207931 3 0.5000000000
0 30 8 2304.000000 0.00000001567536 3 -0.5000000000
0 30 9 2592.000000 0.00000000467119 3 -1.5000000000
0 30 10 2880.000000 0.00000000112977 4 -2.2500000000
0 31 0 0.000000 0.00003225729597 0 5.0000000000
0 31 1 288.000000 0.00001195273671 2 5.5000000000
0 31 2 576.000000 0.00000818020635 2 4.2500000000
0 31 3 864.000000 0.00000399304281 6 4.0000000000
0 31 4 1152.000000 0.00000192401239 3 3.0000000000
0 31 5 1440.000000 0.00000068821976 4 2.2500000000
0 31 6 1728.000000 0.00000023082498 3 1.2500000000
0 31 7 2016.000000 0.00000006864200 3 0.2500000000
0 31 8 2304.000000 0.00000001762255 3 -0.7500000000
0 31 9 2592.000000 0.00000000518631 4 -1.5000000000
0 31 10 2880.000000 0.00000000118235 3 -2.5000000000
0 32 0 0.000000 0.00007012763672 0 5.0000000000
0 32 1 288.000000 0.00002031429358 3 5.7500000000
0 32 2 576.000000 0.00000954180541 5 5.2500000000
0 32 3 864.000000 0.00000412417330 3 4.2500000000
0 32 4 1152.000000 0.00000185651913 3 3.2500000000
0 32 5 1440.000000 0.00000074326454 4 2.5000000000
0 32 6 1728.000000 0.00000019156897 3 1.5000000000
0 32 7 2016.000000 0.00000004337177 3 0.5000000000
0 32 8 2304.000000 0.00000001130246 3 -0.5000000000
0 32 9 2592.000000 0.00000000241319 3 -1.5000000000
0 32 10 2880.000000 0.00000000078280 3 -2.5000000000
0 33 0 0.000000 0.00004705984247 0 5.0000000000
0 33 1 288.000000 0.00001682975744 3 5.7500000000
0 33 2 576.000000 0.00001188863007 1 4.2500000000
0 33 3 864.000000 0.00000533113371 5 3.7500000000
0 33 4 1152.000000 0.00000208848292 6 3.5000000000
0 33 5 1440.000000 0.00000082663638 3 2.5000000000
0 33 6 1728.000000 0.00000029014737 3 1.5000000000
0 33 7 2016.000000 0.00000006443385 3 0.5000000000
0 33 8 2304.000000 0.00000001721892 3 -0.5000000000
0 33 9 2592.000000 0.00000000568071 4 -1.2500000000
0 33 10 2880.000000 0.00000000171446 3 -2.2500000000
0 34 0 0.000000 0.00014564521553 0 5.0000000000
0 34 1 288.000000 0.00002387698623 5 6.2500000000
0 34 2 576.000000 0.00001579002492 3 5.2500000000
0 34 3 864.000000 0.00000573721809 4 4.5000000000
0 34 4 1152.000000 0.00000339655367 3 3.5000000000
0 34 5 1440.000000 0.00000144763987 4 2.7500000000
0 34 6 1728.000000 0.00000041553588 3 1.7500000000
0 34 7 2016.000000 0.00000010189563 3 0.7500000000
0 34 8 2304.000000 0.00000002366095 3 -0.2500000000
0 34 9 2592.000000 0.00000000662336 3 -1.2500000000
0 34 10 2880.000000 0.00000000166695 3 -2.2500000000
0 35 0 0.000000 0.00003047843711 0 4.0000000000
0 35 1 288.000000 0.00000994984202 1 4.2500000000
0 35 2 576.000000 0.00000724688425 4 3.5000000000
0 35 3 864.000000 0.00000406978870 5 3.0000000000
0 35 4 1152.000000 0.00000160009165 6 2.7500000000
0 35 5 1440.000000 0.00000060607942 3 1.7500000000
0 35 6 1728.000000 0.00000018022074 4 1.0000000000
0 35 7 2016.000000 0.00000004405089 3 0.0000000000
0 35 8 2304.000000 0.00000001037560 3 -1.0000000000
0 35 9 2592.000000 0.00000000292107 3 -2.0000000000
0 35 10 2880.000000 0.00000000070946 3 -3.0000000000
0 36 0 0.000000 0.00005099155533 0 5.0000000000
0 36 1 288.000000 0.00001523118226 0 5.0000000000
0 36 2 576.000000 0.00000836994968 4 4.2500000000
0 36 3 864.000000 0.00000410442999 5 3.7500000000
0 36 4 1152.000000 0.00000164775986 4 3.0000000000
0 36 5 1440.000000 0.00000062181715 3 2.0000000000
0 36 6 1728.000000 0.00000018547006 4 1.2500000000
0 36 7 2016.000000 0.00000007013141 3 0.2500000000
0 36 8 2304.000000 0.00000001254679 3 -0.7500000000
0 36 9 2592.000000 0.00000000279888 3 -1.7500000000
0 36 10 2880.000000 0.00000000076130 3 -2.7500000000
0 37 0 0.000000 0.00017374381423 0 5.0000000000
0 37 1 288.000000 0.00002932300595 7 6.7500000000
0 37 2 576.000000 0.00001595731374 1 5.2500000000
0 37 3 864.000000 0.00000734944115 4 4.5000000000
0 37 4 1152.000000 0.00000320707591 3 3.5000000000
0 37 5 1440.000000 0.00000125588792 4 2.7500000000
0 37 6 1728.000000 0.00000038931984 3 1.7500000000
0 37 7 2016.000000 0.00000009808776 3 0.7500000000
0 37 8 2304.000000 0.00000002554445 3 -0.2500000000
0 37 9 2592.000000 0.00000000656148 3 -1.2500000000
0 37 10 2880.000000 0.00000000128821 3 -2.2500000000
0 38 0 0.000000 0.00007097735943 0 5.0000000000
0 38 1 288.000000 0.00001569876258 1 5.2500000000
0 38 2 576.000000 0.00000722067671 3 4.2500000000
0 38 3 864.000000 0.00000343677698 5 3.7500000000
0 38 4 1152.000000 0.00000170634212 3 2.7500000000
0 38 5 1440.000000 0.00000051526570 3 1.7500000000
0 38 6 1728.000000 0.00000011488339 3 0.7500000000
0 38 7 2016.000000 0.00000004109301 3 -0.2500000000
0 38 8 2304.000000 0.00000000979725 4 -1.0000000000
0 38 9 2592.000000 0.00000000244388 3 -2.0000000000
0 38 10 2880.000000 0.00000000072782 3 -3.0000000000
0 39 0 0.000000 0.00020191060321 0 5.0000000000
0 39 1 288.000000 0.00004460838318 4 6.0000000000
0 39 2 576.000000 0.00001578509728 4 5.5000000000
0 39 3 864.000000 0.00000810740585 4 4.7500000000
0 39 4 1152.000000 0.00000330373973 3 3.7500000000
0 39 5 1440.000000 0.00000125045995 3 2.7500000000
0 39 6 1728.000000 0.00000040732590 3 1.7500000000
0 39 7 2016.000000 0.00000012525265 4 1.0000000000
0 39 8 2304.000000 0.00000003019878 3 0.0000000000
0 39 9 2592.000000 0.00000000863003 3 -1.0000000000
0 39 10 2880.000000 0.00000000236051 3 -2.0000000000
0 40 0 0.000000 0.00012944288028 0 5.0000000000
0 40 1 288.000000 0.00002471475636 3 5.7500000000
0 40 2 576.000000 0.00001494769094 3 4.7500000000
0 40 3 864.000000 0.00000640348208 5 4.2500000000
0 40 4 1152.000000 0.00000318204934 4 3.5000000000
0 40 5 1440.000000 0.00000120328878 3 2.5000000000
0 40 6 1728.000000 0.00000035558384 3 1.5000000000
0 40 7 2016.000000 0.00000007316815 3 0.5000000000
0 40 8 2304.000000 0.00000001908997 3 -0.5000000000
0 40 9 2592.000000 0.00000000473026 3 -1.5000000000
0 40 10 2880.000000 0.00000000124621 3 -2.5000000000
0 41 0 0.000000 0.00031715174555 0 5.0000000000
0 41 1 288.000000 0.00005561800936 6 6.5000000000
0 41 2 576.000000 0.00002795944238 4 5.7500000000
0 41 3 864.000000 0.00001211831477 4 5.0000000000
0 41 4 1152.000000 0.00000460174442 3 4.0000000000
0 41 5 1440.000000 0.00000194406471 3 3.0000000000
0 41 6 1728.000000 0.00000046692014 3 2.0000000000
0 41 7 2016.000000 0.00000014462549 3 1.0000000000
0 41 8 2304.000000 0.00000003619454 3 0.0000000000
0 41 9 2592.000000 0.00000000737907 3 -1.0000000000
0 41 10 2880.000000 0.00000000224417 3 -2.0000000000
0 42 0 0.000000 0.00026187690673 0 5.0000000000
0 42 1 288.000000 0.00003035941518 4 6.0000000000
0 42 2 576.000000 0.00001514938231 5 5.5000000000
0 42 3 864.000000 0.00000836539130 4 4.7500000000
0 42 4 1152.000000 0.00000397019585 3 3.7500000000
0 42 5 1440.000000 0.00000177462312 4 3.0000000000
0 42 6 1728.000000 0.00000059754723 3 2.0000000000
0 42 7 2016.000000 0.00000013110369 3 1.0000000000
0 42 8 2304.000000 0.00000004390323 3 0.0000000000
0 42 9 2592.000000 0.00000000934254 3 -1.0000000000
0 42 10 2880.000000 0.00000000248557 3 -2.0000000000
0 43 0 0.000000 0.00022711572819 0 5.0000000000
0 43 1 288.000000 0.00003508503869 6 6.5000000000
0 43 2 576.000000 0.00001687398799 4 5.7500000000
0 43 3 864.000000 0.00000842467398 4 5.0000000000
0 43 4 1152.000000 0.00000444629950 3 4.0000000000
0 43 5 1440.000000 0.00000182026918 3 3.0000000000
0 43 6 1728.000000 0.00000059446791 4 2.2500000000
0 43 7 2016.000000 0.00000013872335 3 1.2500000000
0 43 8 2304.000000 0.00000003586909 3 0.2500000000
0 43 9 2592.000000 0.00000001099219 3 -0.7500000000
0 43 10 2880.000000 0.00000000239771 3 -1.7500000000
0 44 0 0.000000 0.00021800641844 0 5.0000000000
0 44 1 288.000000 0.00003033820576 6 6.5000000000
0 44 2 576.000000 0.00001469922154 4 5.7500000000
0 44 3 864.000000 0.00000732038916 3 4.7500000000
0 44 4 1152.000000 0.00000368980500 3 3.7500000000
0 44 5 1440.000000 0.00000169088617 4 3.0000000000
0 44 6 1728.000000 0.00000043085839 3 2.0000000000
0 44 7 2016.000000 0.00000011688270 3 1.0000000000
0 44 8 2304.000000 0.00000002819431 3 0.0000000000
0 44 9 2592.000000 0.00000000750490 3 -1.0000000000
0 44 10 2880.000000 0.00000000158043 3 -2.0000000000
0 45 0 0.000000 0.00003981311966 0 5.0000000000
0 45 1 288.000000 0.00001004506976 1 5.2500000000
0 45 2 576.000000 0.00000571415012 4 4.5000000000
0 45 3 864.000000 0.00000220427614 3 3.5000000000
0 45 4 1152.000000 0.00000072967106 4 2.7500000000
0 45 5 1440.000000 0.00000018884009 3 1.7500000000
0 45 6 1728.000000 0.00000006527227 4 1.0000000000
0 45 7 2016.000000 0.00000001879849 3 0.0000000000
0 45 8 2304.000000 0.00000000509495 3 -1.0000000000
0 45 9 2592.000000 0.00000000118005 3 -2.0000000000
0 45 10 2880.000000 0.00000000022856 3 -3.0000000000
0 46 0 0.000000 0.00003901161472 0 5.0000000000
0 46 1 288.000000 0.00001310340303 0 5.0000000000
0 46 2 576.000000 0.00000629064516 5 4.5000000000
0 46 3 864.000000 0.00000230222781 4 3.7500000000
0 46 4 1152.000000 0.00000094204910 4 3.0000000000
0 46 5 1440.000000 0.00000026987658 3 2.0000000000
0 46 6 1728.000000 0.00000008672961 3 1.0000000000
0 46 7 2016.000000 0.00000002435817 4 0.2500000000
0 46 8 2304.000000 0.00000000576578 3 -0.7500000000
0 46 9 2592.000000 0.00000000140638 3 -1.7500000000
0 46 10 2880.000000 0.00000000031018 3 -2.7500000000
0 47 0 0.000000 0.00009318422235 0 5.0000000000
0 47 1 288.000000 0.00002423449223 3 5.7500000000
0 47 2 576.000000 0.00001211405379 6 5.5000000000
0 47 3 864.000000 0.00000688458067 3 4.5000000000
0 47 4 1152.000000 0.00000301148407 3 3.5000000000
0 47 5 1440.000000 0.00000121347819 3 2.5000000000
0 47 6 1728.000000 0.00000030653305 4 1.7500000000
0 47 7 2016.000000 0.00000008714185 3 0.7500000000
0 47 8 2304.000000 0.00000002103620 3 -0.2500000000
0 47 9 2592.000000 0.00000000491615 3 -1.2500000000
0 47 10 2880.000000 0.00000000113338 3 -2.2500000000
0 48 0 0.000000 0.00020279228920 0 5.0000000000
0 48 1 288.000000 0.00003795146404 8 7.0000000000
0 48 2 576.000000 0.00001745622103 3 6.0000000000
0 48 3 864.000000 0.00000813619954 4 5.2500000000
0 48 4 1152.000000 0.00000502084094 3 4.2500000000
0 48 5 1440.000000 0.00000203964646 3 3.2500000000
0 48 6 1728.000000 0.00000043892541 3 2.2500000000
0 48 7 2016.000000 0.00000011476824 3 1.2500000000
0 48 8 2304.000000 0.00000002869300 3 0.2500000000
0 48 9 2592.000000 0.00000000761002 3 -0.7500000000
0 48 10 2880.000000 0.00000000174518 3 -1.7500000000
0 49 0 0.000000 0.00004413239367 0 5.0000000000
0 49 1 288.000000 0.00001368417543 1 5.2500000000
0 49 2 576.000000 0.00000729821068 2 4.0000000000
0 49 3 864.000000 0.00000290189087 6 3.7500000000
0 49 4 1152.000000 0.00000116806677 3 2.7500000000
0 49 5 1440.000000 0.00000033168450 4 2.0000000000
0 49 6 1728.000000 0.00000007214854 3 1.0000000000
0 49 7 2016.000000 0.00000001883980 3 0.0000000000
0 49 8 2304.000000 0.00000000436220 3 -1.0000000000
0 49 9 2592.000000 0.00000000113791 3 -2.0000000000
0 49 10 2880.000000 0.00000000034298 3 -3.0000000000
0 50 0 0.000000 0.00023762114870 0 6.0000000000
0 50 1 288.000000 0.00006182455400 3 6.7500000000
0 50 2 576.000000 0.00002508676516 2 5.5000000000
0 50 3 864.000000 0.00001386875829 4 4.7500000000
0 50 4 1152.000000 0.00000460116553 4 4.0000000000
0 50 5 1440.000000 0.00000112622240 3 3.0000000000
0 50 6 1728.000000 0.00000029104004 3 2.0000000000
0 50 7 2016.000000 0.00000006738870 3 1.0000000000
0 50 8 2304.000000 0.00000001772238 3 0.0000000000
0 50 9 2592.000000 0.00000000388821 3 -1.0000000000
0 50 10 2880.000000 0.00000000120427 3 -2.0000000000
0 51 0 0.000000 0.00035925128032 0 6.0000000000
0 51 1 288.000000 0.00007739746070 1 6.2500000000
0 51 2 576.000000 0.00003380592170 5 5.7500000000
0 51 3 864.000000 0.00001250536934 4 5.0000000000
0 51 4 1152.000000 0.00000374076512 3 4.0000000000
0 51 5 1440.000000 0.00000134593790 3 3.0000000000
0 51 6 1728.000000 0.00000037840684 4 2.2500000000
0 51 7 2016.000000 0.00000009231960 3 1.2500000000
0 51 8 2304.000000 0.00000002560358 3 0.2500000000
0 51 9 2592.000000 0.00000000570446 3 -0.7500000000
0 51 10 2880.000000 0.00000000116854 3 -1.7500000000
0 52 0 0.000000 0.00008298753528 0 6.0000000000
0 52 1 288.000000 0.00002913479329 1 6.2500000000
0 52 2 576.000000 0.00001336536661 2 5.0000000000
0 52 3 864.000000 0.00000610604502 5 4.5000000000
0 52 4 1152.000000 0.00000252915083 3 3.5000000000
0 52 5 1440.000000 0.00000072645815 4 2.7500000000
0 52 6 1728.000000 0.00000016209484 3 1.7500000000
0 52 7 2016.000000 0.00000004179768 3 0.7500000000
0 52 8 2304.000000 0.00000001244577 3 -0.2500000000
0 52 9 2592.000000 0.00000000251830 3 -1.2500000000
0 52 10 2880.000000 0.00000000061583 3 -2.2500000000
0 53 0 0.000000 0.00009970230167 0 6.0000000000
0 53 1 288.000000 0.00002895868602 1 6.2500000000
0 53 2 576.000000 0.00001570667337 4 5.5000000000
0 53 3 864.000000 0.00000683135931 4 4.7500000000
0 53 4 1152.000000 0.00000250336939 3 3.7500000000
0 53 5 1440.000000 0.00000083290911 4 3.0000000000
0 53 6 1728.000000 0.00000022670083 3 2.0000000000
0 53 7 2016.000000 0.00000006433685 3 1.0000000000
0 53 8 2304.000000 0.00000001294465 3 0.0000000000
0 53 9 2592.000000 0.00000000447053 3 -1.0000000000
0 53 10 2880.000000 0.00000000073084 3 -2.0000000000
0 54 0 0.000000 0.00050051894505 0 6.0000000000
0 54 1 288.000000 0.00008487448940 4 7.0000000000
0 54 2 576.000000 0.00009305906133 2 5.7500000000
0 54 3 864.000000 0.00002269397737 6 5.5000000000
0 54 4 1152.000000 0.00000941586768 4 4.7500000000
0 54 5 1440.000000 0.00000295952577 3 3.7500000000
0 54 6 1728.000000 0.00000081694060 3 2.7500000000
0 54 7 2016.000000 0.00000024704582 3 1.7500000000
0 54 8 2304.000000 0.00000005451258 3 0.7500000000
0 54 9 2592.000000 0.00000001659553 3 -0.2500000000
0 54 10 2880.000000 0.00000000356268 3 -1.2500000000
0 55 0 0.000000 0.00031169241993 0 6.0000000000
0 55 1 288.000000 0.00006103153646 3 6.7500000000
0 55 2 576.000000 0.00004173128764 2 5.5000000000
0 55 3 864.000000 0.00001712808080 6 5.2500000000
0 55 4 1152.000000 0.00000569859458 3 4.2500000000
0 55 5 1440.000000 0.00000222985204 3 3.2500000000
0 55 6 1728.000000 0.00000055996730 3 2.2500000000
0 55 7 2016.000000 0.00000016613942 4 1.5000000000
0 55 8 2304.000000 0.00000004049805 3 0.5000000000
0 55 9 2592.000000 0.00000000927937 3 -0.5000000000
0 55 10 2880.000000 0.00000000320583 3 -1.5000000000
0 56 0 0.000000 0.00045150375809 0 6.0000000000
0 56 1 288.000000 0.00008250090468 3 6.7500000000
0 56 2 576.000000 0.00004342407192 4 6.0000000000
0 56 3 864.000000 0.00001821908882 4 5.2500000000
0 56 4 1152.000000 0.00000676072250 3 4.2500000000
0 56 5 1440.000000 0.00000217863476 4 3.5000000000
0 56 6 1728.000000 0.00000064126715 3 2.5000000000
0 56 7 2016.000000 0.00000016060646 3 1.5000000000
0 56 8 2304.000000 0.00000003531901 3 0.5000000000
0 56 9 2592.000000 0.00000000975064 3 -0.5000000000
0 56 10 2880.000000 0.00000000224616 3 -1.5000000000
0 57 0 0.000000 0.00113929517101 0 6.0000000000
0 57 1 288.000000 0.00013179655070 8 8.0000000000
0 57 2 576.000000 0.00007162091060 2 6.7500000000
0 57 3 864.000000 0.00003036417911 3 5.7500000000
0 57 4 1152.000000 0.00001674396299 3 4.7500000000
0 57 5 1440.000000 0.00000404848970 4 4.0000000000
0 57 6 1728.000000 0.00000097433838 3 3.0000000000
0 57 7 2016.000000 0.00000032443776 3 2.0000000000
0 57 8 2304.000000 0.00000007751942 3 1.0000000000
0 57 9 2592.000000 0.00000002267625 3 0.0000000000
0 57 10 2880.000000 0.00000000440385 3 -1.0000000000
0 58 0 0.000000 0.00024440401467 0 7.0000000000
0 58 1 288.000000 0.00012745193089 0 7.0000000000
0 58 2 576.000000 0.00004664350490 1 5.5000000000
0 58 3 864.000000 0.00002348634916 6 5.2500000000
0 58 4 1152.000000 0.00000907905360 5 4.7500000000
0 58 5 1440.000000 0.00000324652751 3 3.7500000000
0 58 6 1728.000000 0.00000093369471 4 3.0000000000
0 58 7 2016.000000 0.00000019965826 3 2.0000000000
0 58 8 2304.000000 0.00000005192013 3 1.0000000000
0 58 9 2592.000000 0.00000001303727 3 0.0000000000
0 58 10 2880.000000 0.00000000355790 3 -1.0000000000
0 59 0 0.000000 0.00021063759050 0 6.0000000000
0 59 1 288.000000 0.00005354620589 0 6.0000000000
0 59 2 576.000000 0.00002581933768 5 5.5000000000
0 59 3 864.000000 0.00001269669065 4 4.7500000000
0 59 4 1152.000000 0.00000499157522 5 4.2500000000
0 59 5 1440.000000 0.00000134243191 4 3.5000000000
0 59 6 1728.000000 0.00000045612353 4 2.7500000000
0 59 7 2016.000000 0.00000009875298 2 1.5000000000
0 59 8 2304.000000 0.00000003319981 3 0.5000000000
0 59 9 2592.000000 0.00000000766934 3 -0.5000000000
0 59 10 2880.000000 0.00000000148395 3 -1.5000000000
0 60 0 0.000000 0.00011063517741 0 6.0000000000
0 60 1 288.000000 0.00003922686301 1 6.2500000000
0 60 2 576.000000 0.00002000645145 4 5.5000000000
0 60 3 864.000000 0.00000948245452 4 4.7500000000
0 60 4 1152.000000 0.00000380180541 4 4.0000000000
0 60 5 1440.000000 0.00000133539970 3 3.0000000000
0 60 6 1728.000000 0.00000035751791 4 2.2500000000
0 60 7 2016.000000 0.00000008259732 3 1.2500000000
0 60 8 2304.000000 0.00000002115386 3 0.2500000000
0 60 9 2592.000000 0.00000000515807 3 -0.7500000000
0 60 10 2880.000000 0.00000000113107 3 -1.7500000000
0 61 0 0.000000 0.00025124277454 0 6.0000000000
0 61 1 288.000000 0.00009579877224 0 6.0000000000
0 61 2 576.000000 0.00005021643665 7 6.0000000000
0 61 3 864.000000 0.00002342946573 4 5.2500000000
0 61 4 1152.000000 0.00000768379869 4 4.5000000000
0 61 5 1440.000000 0.00000226104521 3 3.5000000000
0 61 6 1728.000000 0.00000067260800 4 2.7500000000
0 61 7 2016.000000 0.00000014200148 3 1.7500000000
0 61 8 2304.000000 0.00000004043884 3 0.7500000000
0 61 9 2592.000000 0.00000001016877 3 -0.2500000000
0 61 10 2880.000000 0.00000000297728 3 -1.2500000000
0 62 0 0.000000 0.00126368843485 0 7.0000000000
0 62 1 288.000000 0.00013930830755 0 7.0000000000
0 62 2 576.000000 0.00003595140151 5 6.5000000000
0 62 3 864.000000 0.00002513597246 4 5.7500000000
0 62 4 1152.000000 0.00000817243108 3 4.7500000000
0 62 5 1440.000000 0.00000284465841 3 3.7500000000
0 62 6 1728.000000 0.00000074440345 3 2.7500000000
0 62 7 2016.000000 0.00000022320607 3 1.7500000000
0 62 8 2304.000000 0.00000006004878 3 0.7500000000
0 62 9 2592.000000 0.00000001250817 3 -0.2500000000
0 62 10 2880.000000 0.00000000286244 3 -1.2500000000
0 63 0 0.000000 0.00128354050685 0 7.0000000000
0 63 1 288.000000 0.00014842573728 1 7.2500000000
0 63 2 576.000000 0.00004953831376 4 6.5000000000
0 63 3 864.000000 0.00002233933265 4 5.7500000000
0 63 4 1152.000000 0.00000702997795 3 4.7500000000
0 63 5 1440.000000 0.00000253747157 3 3.7500000000
0 63 6 1728.000000 0.00000081249567 3 2.7500000000
0 63 7 2016.000000 0.00000016574073 3 1.7500000000
0 63 8 2304.000000 0.00000006297047 3 0.7500000000
0 63 9 2592.000000 0.00000001256068 3 -0.2500000000
0 63 10 2880.000000 0.00000000324773 3 -1.2500000000
0 64 0 0.000000 0.00079492013901 0 7.0000000000
0 64 1 288.000000 0.00007500775973 0 7.0000000000
0 64 2 576.000000 0.00003405944881 5 6.5000000000
0 64 3 864.000000 0.00001941171104 3 5.5000000000
0 64 4 1152.000000 0.00000786942201 3 4.5000000000
0 64 5 1440.000000 0.00000328125338 5 4.0000000000
0 64 6 1728.000000 0.00000075034154 2 2.7500000000
0 64 7 2016.000000 0.00000017139155 3 1.7500000000
0 64 8 2304.000000 0.00000004920880 3 0.7500000000
0 64 9 2592.000000 0.00000001000879 3 -0.2500000000
0 64 10 2880.000000 0.00000000328303 3 -1.2500000000
0 65 0 0.000000 0.00096572074108 0 7.0000000000
0 65 1 288.000000 0.00010092696903 1 7.2500000000
0 65 2 576.000000 0.00002744518315 4 6.5000000000
0 65 3 864.000000 0.00001674906343 4 5.7500000000
0 65 4 1152.000000 0.00000815408021 4 5.0000000000
0 65 5 1440.000000 0.00000354968370 2 3.7500000000
0 65 6 1728.000000 0.00000112591658 4 3.0000000000
0 65 7 2016.000000 0.00000023303492 3 2.0000000000
0 65 8 2304.000000 0.00000005938655 3 1.0000000000
0 65 9 2592.000000 0.00000001544804 3 0.0000000000
0 65 10 2880.000000 0.00000000403682 3 -1.0000000000
0 66 0 0.000000 0.00155870441813 0 7.0000000000
0 66 1 288.000000 0.00017013480829 2 7.5000000000
0 66 2 576.000000 0.00010383423796 3 6.5000000000
0 66 3 864.000000 0.00004215477020 5 6.0000000000
0 66 4 1152.000000 0.00001007048468 3 5.0000000000
0 66 5 1440.000000 0.00000360973536 3 4.0000000000
0 66 6 1728.000000 0.00000107529240 4 3.2500000000
0 66 7 2016.000000 0.00000023244201 3 2.2500000000
0 66 8 2304.000000 0.00000007084569 3 1.2500000000
0 66 9 2592.000000 0.00000001569256 3 0.2500000000
0 66 10 2880.000000 0.00000000359278 3 -0.7500000000
0 67 0 0.000000 0.00074883963680 0 7.0000000000
0 67 1 288.000000 0.00009611279529 1 7.2500000000
0 67 2 576.000000 0.00004987182183 4 6.5000000000
0 67 3 864.000000 0.00002613567631 4 5.7500000000
0 67 4 1152.000000 0.00001039025028 3 4.7500000000
0 67 5 1440.000000 0.00000281365533 4 4.0000000000
0 67 6 1728.000000 0.00000074551014 3 3.0000000000
0 67 7 2016.000000 0.00000019937690 3 2.0000000000
0 67 8 2304.000000 0.00000005359603 3 1.0000000000
0 67 9 2592.000000 0.00000000994622 3 0.0000000000
0 67 10 2880.000000 0.00000000314207 3 -1.0000000000
0 68 0 0.000000 0.00081814668374 0 7.0000000000
0 68 1 288.000000 0.00011117568647 2 7.5000000000
0 68 2 576.000000 0.00007900131459 3 6.5000000000
0 68 3 864.000000 0.00002343539563 4 5.7500000000
0 68 4 1152.000000 0.00001097934819 4 5.0000000000
0 68 5 1440.000000 0.00000355437487 4 4.2500000000
0 68 6 1728.000000 0.00000107662936 3 3.2500000000
0 68 7 2016.000000 0.00000028498604 3 2.2500000000
0 68 8 2304.000000 0.00000007910840 4 1.5000000000
0 68 9 2592.000000 0.00000001887829 2 0.2500000000
0 68 10 2880.000000 0.00000000348443 3 -0.7500000000
0 69 0 0.000000 0.00097242754418 0 7.0000000000
0 69 1 288.000000 0.00011877360521 1 7.2500000000
0 69 2 576.000000 0.00005442824477 5 6.7500000000
0 69 3 864.000000 0.00002069738184 4 6.0000000000
0 69 4 1152.000000 0.00000956158783 3 5.0000000000
0 69 5 1440.000000 0.00000330914258 4 4.2500000000
0 69 6 1728.000000 0.00000089262710 3 3.2500000000
0 69 7 2016.000000 0.00000024877082 3 2.2500000000
0 69 8 2304.000000 0.00000005541259 3 1.2500000000
0 69 9 2592.000000 0.00000001408735 3 0.2500000000
0 69 10 2880.000000 0.00000000378914 3 -0.7500000000
0 70 0 0.000000 0.00101716781501 0 7.0000000000
0 70 1 288.000000 0.00011851949967 1 7.2500000000
0 70 2 576.000000 0.00004739875658 5 6.7500000000
0 70 3 864.000000 0.00002439595301 4 6.0000000000
0 70 4 1152.000000 0.00001094879644 4 5.2500000000
0 70 5 1440.000000 0.00000359856608 3 4.2500000000
0 70 6 1728.000000 0.00000085683706 3 3.2500000000
0 70 7 2016.000000 0.00000031778768 3 2.2500000000
0 70 8 2304.000000 0.00000008120303 4 1.5000000000
0 70 9 2592.000000 0.00000002334599 3 0.5000000000
0 70 10 2880.000000 0.00000000635013 3 -0.5000000000
0 71 0 0.000000 0.00147963094059 0 7.0000000000
0 71 1 288.000000 0.00011490852194 3 7.7500000000
0 71 2 576.000000 0.00008401235391 3 6.7500000000
0 71 3 864.000000 0.00003072312393 4 6.0000000000
0 71 4 1152.000000 0.00001317795977 4 5.2500000000
0 71 5 1440.000000 0.00000431503076 3 4.2500000000
0 71 6 1728.000000 0.00000129239550 4 3.5000000000
0 71 7 2016.000000 0.00000035786451 3 2.5000000000
0 71 8 2304.000000 0.00000009501458 3 1.5000000000
0 71 9 2592.000000 0.00000001882850 3 0.5000000000
0 71 10 2880.000000 0.00000000522385 3 -0.5000000000
0 72 0 0.000000 0.00160043849610 0 7.0000000000
0 72 1 288.000000 0.00014176494733 3 7.7500000000
0 72 2 576.000000 0.00009508110816 3 6.7500000000
0 72 3 864.000000 0.00003841299622 5 6.2500000000
0 72 4 1152.000000 0.00001773844633 4 5.5000000000
0 72 5 1440.000000 0.00000562842024 3 4.5000000000
0 72 6 1728.000000 0.00000126988937 3 3.5000000000
0 72 7 2016.000000 0.00000045785916 3 2.5000000000
0 72 8 2304.000000 0.00000012007804 4 1.7500000000
0 72 9 2592.000000 0.00000002810325 3 0.7500000000
0 72 10 2880.000000 0.00000000764744 3 -0.2500000000
0 73 0 0.000000 0.00223670713603 0 7.0000000000
0 73 1 288.000000 0.00024288937857 3 7.7500000000
0 73 2 576.000000 0.00017997741816 2 6.5000000000
0 73 3 864.000000 0.00006400592974 6 6.2500000000
0 73 4 1152.000000 0.00001421758770 3 5.2500000000
0 73 5 1440.000000 0.00000350395499 3 4.2500000000
0 73 6 1728.000000 0.00000089133135 3 3.2500000000
0 73 7 2016.000000 0.00000021317176 3 2.2500000000
0 73 8 2304.000000 0.00000005354476 3 1.2500000000
0 73 9 2592.000000 0.00000001530523 3 0.2500000000
0 73 10 2880.000000 0.00000000332388 3 -0.7500000000
0 74 0 0.000000 0.00188714428805 0 7.0000000000
0 74 1 288.000000 0.00018123806512 3 7.7500000000
0 74 2 576.000000 0.00008606389747 4 7.0000000000
0 74 3 864.000000 0.00004101603554 3 6.0000000000
0 74 4 1152.000000 0.00001320135925 4 5.2500000000
0 74 5 1440.000000 0.00000289742570 2 4.0000000000
0 74 6 1728.000000 0.00000105410015 4 3.2500000000
0 74 7 2016.000000 0.00000019426767 3 2.2500000000
0 74 8 2304.000000 0.00000006641234 3 1.2500000000
0 74 9 2592.000000 0.00000001342050 3 0.2500000000
0 74 10 2880.000000 0.00000000387277 3 -0.7500000000
0 75 0 0.000000 0.00028905371437 0 7.0000000000
0 75 1 288.000000 0.00009486352792 0 7.0000000000
0 75 2 576.000000 0.00004041898137 5 6.5000000000
0 75 3 864.000000 0.00001650361446 4 5.7500000000
0 75 4 1152.000000 0.00000492704976 3 4.7500000000
0 75 5 1440.000000 0.00000144097373 4 4.0000000000
0 75 6 1728.000000 0.00000031890687 3 3.0000000000
0 75 7 2016.000000 0.00000008149279 3 2.0000000000
0 75 8 2304.000000 0.00000002735469 3 1.0000000000
0 75 9 2592.000000 0.00000000682939 4 0.2500000000
0 75 10 2880.000000 0.00000000202978 3 -0.7500000000
0 76 0 0.000000 0.00030547752976 0 7.0000000000
0 76 1 288.000000 0.00009525346832 0 7.0000000000
0 76 2 576.000000 0.00003893783287 5 6.5000000000
0 76 3 864.000000 0.00001736127342 4 5.7500000000
0 76 4 1152.000000 0.00000512110955 4 5.0000000000
0 76 5 1440.000000 0.00000128627096 3 4.0000000000
0 76 6 1728.000000 0.00000045857078 4 3.2500000000
0 76 7 2016.000000 0.00000011677598 3 2.2500000000
0 76 8 2304.000000 0.00000002952503 3 1.2500000000
0 76 9 2592.000000 0.00000000772840 3 0.2500000000
0 76 10 2880.000000 0.00000000173535 3 -0.7500000000
0 77 0 0.000000 0.00209838268347 0 8.0000000000
0 77 1 288.000000 0.00033390824683 0 8.0000000000
0 77 2 576.000000 0.00012398927356 2 6.7500000000
0 77 3 864.000000 0.00004094304677 4 6.0000000000
0 77 4 1152.000000 0.00001398000677 4 5.2500000000
0 77 5 1440.000000 0.00000448926039 4 4.5000000000
0 77 6 1728.000000 0.00000097334305 3 3.5000000000
0 77 7 2016.000000 0.00000025700533 3 2.5000000000
0 77 8 2304.000000 0.00000006110815 3 1.5000000000
0 77 9 2592.000000 0.00000001776258 3 0.5000000000
0 77 10 2880.000000 0.00000000535785 3 -0.5000000000
0 78 0 0.000000 0.00287294131704 0 8.0000000000
0 78 1 288.000000 0.00025728769833 0 8.0000000000
0 78 2 576.000000 0.00013901377679 4 7.2500000000
0 78 3 864.000000 0.00005572141163 3 6.2500000000
0 78 4 1152.000000 0.00001481887830 4 5.5000000000
0 78 5 1440.000000 0.00000461627951 3 4.5000000000
0 78 6 1728.000000 0.00000119142067 3 3.5000000000
0 78 7 2016.000000 0.00000025408784 3 2.5000000000
0 78 8 2304.000000 0.00000006994672 3 1.5000000000
0 78 9 2592.000000 0.00000001727737 3 0.5000000000
0 78 10 2880.000000 0.00000000470503 3 -0.5000000000
0 79 0 0.000000 0.00203394587152 0 7.0000000000
0 79 1 288.000000 0.00037831944064 3 7.7500000000
0 79 2 576.000000 0.00013935852621 5 7.2500000000
0 79 3 864.000000 0.00008597725537 4 6.5000000000
0 79 4 1152.000000 0.00002643563494 4 5.7500000000
0 79 5 1440.000000 0.00000671799944 3 4.7500000000
0 79 6 1728.000000 0.00000226759175 3 3.7500000000
0 79 7 2016.000000 0.00000067493602 4 3.0000000000
0 79 8 2304.000000 0.00000016536754 3 2.0000000000
0 79 9 2592.000000 0.00000003922674 3 1.0000000000
0 79 10 2880.000000 0.00000001033098 3 0.0000000000
0 80 0 0.000000 0.00343715818599 0 8.0000000000
0 80 1 288.000000 0.00045622221660 1 8.2500000000
0 80 2 576.000000 0.00020041198877 5 7.7500000000
0 80 3 864.000000 0.00008926635928 4 7.0000000000
0 80 4 1152.000000 0.00003236413613 3 6.0000000000
0 80 5 1440.000000 0.00000886092857 3 5.0000000000
0 80 6 1728.000000 0.00000226905445 3 4.0000000000
0 80 7 2016.000000 0.00000075226524 3 3.0000000000
0 80 8 2304.000000 0.00000014671961 3 2.0000000000
0 80 9 2592.000000 0.00000004953247 4 1.2500000000
0 80 10 2880.000000 0.00000001473224 3 0.2500000000
0 81 0 0.000000 0.00010357784049 0 8.0000000000
0 81 1 288.000000 0.00003247420318 2 8.5000000000
0 81 2 576.000000 0.00001491506009 4 7.7500000000
0 81 3 864.000000 0.00000782697498 3 6.7500000000
0 81 4 1152.000000 0.00000338112682 4 6.0000000000
0 81 5 1440.000000 0.00000114131717 4 5.2500000000
0 81 6 1728.000000 0.00000034612489 2 4.0000000000
0 81 7 2016.000000 0.00000007461258 4 3.2500000000
0 81 8 2304.000000 0.00000002165024 3 2.2500000000
0 81 9 2592.000000 0.00000000477270 3 1.2500000000
0 81 10 2880.000000 0.00000000119788 3 0.2500000000
0 82 0 0.000000 0.00009764522838 0 8.0000000000
0 82 1 288.000000 0.00003103774725 3 8.7500000000
0 82 2 576.000000 0.00002012166806 3 7.7500000000
0 82 3 864.000000 0.00000916687350 4 7.0000000000
0 82 4 1152.000000 0.00000293561402 3 6.0000000000
0 82 5 1440.000000 0.00000093882659 3 5.0000000000
0 82 6 1728.000000 0.00000029005162 4 4.2500000000
0 82 7 2016.000000 0.00000007957629 3 3.2500000000
0 82 8 2304.000000 0.00000002016008 3 2.2500000000
0 82 9 2592.000000 0.00000000508771 3 1.2500000000
0 82 10 2880.000000 0.00000000129302 3 0.2500000000
0 83 0 0.000000 0.00712826149538 0 8.0000000000
0 83 1 288.000000 0.00073526526103 1 8.2500000000
0 83 2 576.000000 0.00028346668114 5 7.7500000000
0 83 3 864.000000 0.00009968504310 4 7.0000000000
0 83 4 1152.000000 0.00003445523907 3 6.0000000000
0 83 5 1440.000000 0.00000875855494 3 5.0000000000
0 83 6 1728.000000 0.00000322317055 3 4.0000000000
0 83 7 2016.000000 0.00000070938489 4 3.2500000000
0 83 8 2304.000000 0.00000021463508 3 2.2500000000
0 83 9 2592.000000 0.00000005271517 3 1.2500000000
0 83 10 2880.000000 0.00000001233052 3 0.2500000000
0 84 0 0.000000 0.00458964379504 0 8.0000000000
0 84 1 288.000000 0.00052692624740 2 8.5000000000
0 84 2 576.000000 0.00024014354858 4 7.7500000000
0 84 3 864.000000 0.00010351890523 4 7.0000000000
0 84 4 1152.000000 0.00003986704178 4 6.2500000000
0 84 5 1440.000000 0.00001249683646 2 5.0000000000
0 84 6 1728.000000 0.00000287894045 4 4.2500000000
0 84 7 2016.000000 0.00000078653221 3 3.2500000000
0 84 8 2304.000000 0.00000015637180 3 2.2500000000
0 84 9 2592.000000 0.00000004733009 3 1.2500000000
0 84 10 2880.000000 0.00000001155391 3 0.2500000000
0 85 0 0.000000 0.00166604365222 0 8.0000000000
0 85 1 288.000000 0.00027944121393 0 8.0000000000
0 85 2 576.000000 0.00008920587425 3 7.0000000000
0 85 3 864.000000 0.00002844636037 4 6.2500000000
0 85 4 1152.000000 0.00000971729423 3 5.2500000000
0 85 5 1440.000000 0.00000256991302 4 4.5000000000
0 85 6 1728.000000 0.00000075838727 3 3.5000000000
0 85 7 2016.000000 0.00000016364659 3 2.5000000000
0 85 8 2304.000000 0.00000005816168 3 1.5000000000
0 85 9 2592.000000 0.00000000932838 3 0.5000000000
0 85 10 2880.000000 0.00000000220429 3 -0.5000000000
0 86 0 0.000000 0.00169607927091 0 8.0000000000
0 86 1 288.000000 0.00017443043180 0 8.0000000000
0 86 2 576.000000 0.00008141881699 3 7.0000000000
0 86 3 864.000000 0.00002883003253 4 6.2500000000
0 86 4 1152.000000 0.00000916977206 4 5.5000000000
0 86 5 1440.000000 0.00000274917443 3 4.5000000000
0 86 6 1728.000000 0.00000072496033 3 3.5000000000
0 86 7 2016.000000 0.00000013238062 3 2.5000000000
0 86 8 2304.000000 0.00000004488225 3 1.5000000000
0 86 9 2592.000000 0.00000000938637 3 0.5000000000
0 86 10 2880.000000 0.00000000262861 3 -0.5000000000
0 87 0 0.000000 0.00948929786682 0 8.0000000000
0 87 1 288.000000 0.00072186917532 2 8.5000000000
0 87 2 576.000000 0.00020208668138 6 8.2500000000
0 87 3 864.000000 0.00011650817760 3 7.2500000000
0 87 4 1152.000000 0.00004185553553 3 6.2500000000
0 87 5 1440.000000 0.00001754177538 3 5.2500000000
0 87 6 1728.000000 0.00000596037853 4 4.5000000000
0 87 7 2016.000000 0.00000132384662 4 3.7500000000
0 87 8 2304.000000 0.00000031902496 2 2.5000000000
0 87 9 2592.000000 0.00000007511028 3 1.5000000000
0 87 10 2880.000000 0.00000001333961 3 0.5000000000
0 88 0 0.000000 0.00092439330183 0 8.0000000000
0 88 1 288.000000 0.00015334198542 2 8.5000000000
0 88 2 576.000000 0.00008437578072 1 7.0000000000
0 88 3 864.000000 0.00003555522926 5 6.5000000000
0 88 4 1152.000000 0.00001411710491 4 5.7500000000
0 88 5 1440.000000 0.00000329065824 3 4.7500000000
0 88 6 1728.000000 0.00000106383811 3 3.7500000000
0 88 7 2016.000000 0.00000035624325 4 3.0000000000
0 88 8 2304.000000 0.00000007106462 3 2.0000000000
0 88 9 2592.000000 0.00000002147522 3 1.0000000000
0 88 10 2880.000000 0.00000000400112 3 0.0000000000
0 89 0 0.000000 0.00097955239471 0 8.0000000000
0 89 1 288.000000 0.00015512022946 1 8.2500000000
0 89 2 576.000000 0.00009190649871 2 7.0000000000
0 89 3 864.000000 0.00003283892147 5 6.5000000000
0 89 4 1152.000000 0.00001104917555 4 5.7500000000
0 89 5 1440.000000 0.00000357738054 3 4.7500000000
0 89 6 1728.000000 0.00000117436787 3 3.7500000000
0 89 7 2016.000000 0.00000025327284 3 2.7500000000
0 89 8 2304.000000 0.00000006352104 4 2.0000000000
0 89 9 2592.000000 0.00000001997767 3 1.0000000000
0 89 10 2880.000000 0.00000000456083 3 0.0000000000
0 90 0 0.000000 0.00128778978251 0 8.0000000000
0 90 1 288.000000 0.00021084587206 0 8.0000000000
0 90 2 576.000000 0.00008433741459 4 7.2500000000
0 90 3 864.000000 0.00003127574018 3 6.2500000000
0 90 4 1152.000000 0.00001279118442 4 5.5000000000
0 90 5 1440.000000 0.00000245448518 4 4.7500000000
0 90 6 1728.000000 0.00000082766644 3 3.7500000000
0 90 7 2016.000000 0.00000021848201 4 3.0000000000
0 90 8 2304.000000 0.00000009274222 3 2.0000000000
0 90 9 2592.000000 0.00000002068754 3 1.0000000000
0 90 10 2880.000000 0.00000000378057 3 0.0000000000
0 91 0 0.000000 0.00138750975020 0 8.0000000000
0 91 1 288.000000 0.00022929655097 0 8.0000000000
0 91 2 576.000000 0.00007327835920 4 7.2500000000
0 91 3 864.000000 0.00002657207733 3 6.2500000000
0 91 4 1152.000000 0.00001444820191 4 5.5000000000
0 91 5 1440.000000 0.00000364649009 4 4.7500000000
0 91 6 1728.000000 0.00000110586018 3 3.7500000000
0 91 7 2016.000000 0.00000022872140 4 3.0000000000
0 91 8 2304.000000 0.00000006906613 3 2.0000000000
0 91 9 2592.000000 0.00000001710236 3 1.0000000000
0 91 10 2880.000000 0.00000000360290 3 0.0000000000
0 92 0 0.000000 0.01366158109158 0 9.0000000000
0 92 1 288.000000 0.00302863959223 0 9.0000000000
0 92 2 576.000000 0.00251874723472 3 8.0000000000
0 92 3 864.000000 0.00058717554202 7 8.0000000000
0 92 4 1152.000000 0.00020964673604 4 7.2500000000
0 92 5 1440.000000 0.00005784517634 3 6.2500000000
0 92 6 1728.000000 0.00001553792754 4 5.5000000000
0 92 7 2016.000000 0.00000451795268 3 4.5000000000
0 92 8 2304.000000 0.00000090542414 3 3.5000000000
0 92 9 2592.000000 0.00000024444583 3 2.5000000000
0 92 10 2880.000000 0.00000004759563 3 1.5000000000
0 93 0 0.000000 0.01330855209380 0 9.0000000000
0 93 1 288.000000 0.00243207742460 2 9.5000000000
0 93 2 576.000000 0.00148238718975 6 9.2500000000
0 93 3 864.000000 0.00042209689855 2 8.0000000000
0 93 4 1152.000000 0.00013337451674 4 7.2500000000
0 93 5 1440.000000 0.00005071160194 3 6.2500000000
0 93 6 1728.000000 0.00001232507020 3 5.2500000000
0 93 7 2016.000000 0.00000301579416 3 4.2500000000
0 93 8 2304.000000 0.00000072724646 3 3.2500000000
0 93 9 2592.000000 0.00000018684743 3 2.2500000000
0 93 10 2880.000000 0.00000005073277 3 1.2500000000
0 94 0 0.000000 0.00888577755541 0 9.0000000000
0 94 1 288.000000 0.00129442044999 0 9.0000000000
0 94 2 576.000000 0.00060309167020 5 8.5000000000
0 94 3 864.000000 0.00027493599919 4 7.7500000000
0 94 4 1152.000000 0.00010614208441 5 7.2500000000
0 94 5 1440.000000 0.00003344748256 3 6.2500000000
0 94 6 1728.000000 0.00001174784666 4 5.7500000000
0 94 7 2016.000000 0.00000248735796 2 4.5000000000
0 94 8 2304.000000 0.00000052974718 3 3.5000000000
0 94 9 2592.000000 0.00000014148459 3 2.5000000000
0 94 10 2880.000000 0.00000003576943 3 1.5000000000
0 95 0 0.000000 0.00339031126350 0 9.0000000000
0 95 1 288.000000 0.00090568495216 0 9.0000000000
0 95 2 576.000000 0.00025828878279 2 7.7500000000
0 95 3 864.000000 0.00015634432202 5 7.2500000000
0 95 4 1152.000000 0.00006942691107 6 7.2500000000
0 95 5 1440.000000 0.00002006655996 3 6.2500000000
0 95 6 1728.000000 0.00000589475621 4 5.5000000000
0 95 7 2016.000000 0.00000158247644 3 4.5000000000
0 95 8 2304.000000 0.00000044485924 4 3.7500000000
0 95 9 2592.000000 0.00000010732611 2 2.5000000000
0 95 10 2880.000000 0.00000002376456 3 1.5000000000
0 96 0 0.000000 0.01116793602705 0 9.0000000000
0 96 1 288.000000 0.00201371638104 0 9.0000000000
0 96 2 576.000000 0.00070503645111 5 8.5000000000
0 96 3 864.000000 0.00029008183628 4 7.7500000000
0 96 4 1152.000000 0.00008493982023 4 7.0000000000
0 96 5 1440.000000 0.00002592533565 3 6.0000000000
0 96 6 1728.000000 0.00000625588427 4 5.2500000000
0 96 7 2016.000000 0.00000230598221 3 4.2500000000
0 96 8 2304.000000 0.00000047281719 3 3.2500000000
0 96 9 2592.000000 0.00000013390614 3 2.2500000000
0 96 10 2880.000000 0.00000003212568 3 1.2500000000
0 97 0 0.000000 0.00234862812795 0 9.0000000000
0 97 1 288.000000 0.00065579451621 0 9.0000000000
0 97 2 576.000000 0.00035540043609 7 9.0000000000
0 97 3 864.000000 0.00018345167337 5 8.5000000000
0 97 4 1152.000000 0.00006106778164 3 7.5000000000
0 97 5 1440.000000 0.00002093463809 4 6.7500000000
0 97 6 1728.000000 0.00000495705626 3 5.7500000000
0 97 7 2016.000000 0.00000144117882 3 4.7500000000
0 97 8 2304.000000 0.00000031546219 3 3.7500000000
0 97 9 2592.000000 0.00000012245214 3 2.7500000000
0 97 10 2880.000000 0.00000003036855 4 2.0000000000
0 98 0 0.000000 0.00417084945366 0 10.0000000000
0 98 1 288.000000 0.00145433959551 0 10.0000000000
0 98 2 576.000000 0.00055703759426 2 8.7500000000
0 98 3 864.000000 0.00029134465149 5 8.2500000000
0 98 4 1152.000000 0.00009123997006 4 7.5000000000
0 98 5 1440.000000 0.00003694485349 3 6.5000000000
0 98 6 1728.000000 0.00000985994211 4 5.7500000000
0 98 7 2016.000000 0.00000197069789 3 4.7500000000
0 98 8 2304.000000 0.00000066491469 3 3.7500000000
0 98 9 2592.000000 0.00000012050965 3 2.7500000000
0 98 10 2880.000000 0.00000002660622 3 1.7500000000
0 99 0 0.000000 0.00185733335093 0 10.0000000000
0 99 1 288.000000 0.00033850094769 0 10.0000000000
0 99 2 576.000000 0.00011886635912 1 8.5000000000
0 99 3 864.000000 0.00004369305680 5 8.0000000000
0 99 4 1152.000000 0.00001665526906 4 7.2500000000
0 99 5 1440.000000 0.00000544234854 4 6.5000000000
0 99 6 1728.000000 0.00000127605711 3 5.5000000000
0 99 7 2016.000000 0.00000031324268 3 4.5000000000
0 99 8 2304.000000 0.00000008032524 3 3.5000000000
0 99 9 2592.000000 0.00000001713068 3 2.5000000000
0 99 10 2880.000000 0.00000000528134 3 1.5000000000
0 100 0 0.000000 0.00220656045713 0 10.0000000000
0 100 1 288.000000 0.00035241147270 0 10.0000000000
0 100 2 576.000000 0.00014760928752 3 9.0000000000
0 100 3 864.000000 0.00004747692583 3 8.0000000000
0 100 4 1152.000000 0.00001596097900 4 7.2500000000
0 100 5 1440.000000 0.00000498708914 3 6.2500000000
0 100 6 1728.000000 0.00000126922612 4 5.5000000000
0 100 7 2016.000000 0.00000034645953 4 4.7500000000
0 100 8 2304.000000 0.00000007392369 2 3.5000000000
0 100 9 2592.000000 0.00000002385326 3 2.5000000000
0 100 10 2880.000000 0.00000000526238 3 1.5000000000
0 101 0 0.000000 0.00852629728615 0 9.0000000000
0 101 1 288.000000 0.00164123030845 1 9.2500000000
0 101 2 576.000000 0.00052140472690 4 8.5000000000
0 101 3 864.000000 0.00023031154706 5 8.0000000000
0 101 4 1152.000000 0.00007417524466 3 7.0000000000
0 101 5 1440.000000 0.00002249689896 4 6.2500000000
0 101 6 1728.000000 0.00000572449426 3 5.2500000000
0 101 7 2016.000000 0.00000131473200 3 4.2500000000
0 101 8 2304.000000 0.00000040007981 3 3.2500000000
0 101 9 2592.000000 0.00000011144265 3 2.2500000000
0 101 10 2880.000000 0.00000002606745 3 1.2500000000
0 102 0 0.000000 0.00587059697136 0 9.0000000000
0 102 1 288.000000 0.00125562516041 1 9.2500000000
0 102 2 576.000000 0.00036023888970 3 8.2500000000
0 102 3 864.000000 0.00014048616868 5 7.7500000000
0 102 4 1152.000000 0.00005897089795 3 6.7500000000
0 102 5 1440.000000 0.00001938642345 5 6.2500000000
0 102 6 1728.000000 0.00000575107288 3 5.2500000000
0 102 7 2016.000000 0.00000169259340 3 4.2500000000
0 102 8 2304.000000 0.00000041753813 3 3.2500000000
0 102 9 2592.000000 0.00000009017902 3 2.2500000000
0 102 10 2880.000000 0.00000002201758 3 1.2500000000
0 103 0 0.000000 0.01913882233202 0 11.0000000000
0 103 1 288.000000 0.00361590646207 0 11.0000000000
0 103 2 576.000000 0.00171209825203 3 10.0000000000
0 103 3 864.000000 0.00077321991557 4 9.2500000000
0 103 4 1152.000000 0.00023055127531 4 8.5000000000
0 103 5 1440.000000 0.00008509177133 3 7.5000000000
0 103 6 1728.000000 0.00002836087879 3 6.7500000000
0 103 7 2016.000000 0.00000872008331 4 6.0000000000
0 103 8 2304.000000 0.00000279049345 3 5.0000000000
0 103 9 2592.000000 0.00000050588244 3 4.0000000000
0 103 10 2880.000000 0.00000013185924 3 3.0000000000
0 104 0 0.000000 0.01635333895683 0 11.0000000000
0 104 1 288.000000 0.00560458190739 1 11.2500000000
0 104 2 576.000000 0.00208534626290 1 9.7500000000
0 104 3 864.000000 0.00074783462333 5 9.2500000000
0 104 4 1152.000000 0.00023383622465 4 8.5000000000
0 104 5 1440.000000 0.00007472695142 4 7.7500000000
0 104 6 1728.000000 0.00002526120261 3 6.7500000000
0 104 7 2016.000000 0.00000890537558 3 5.7500000000
0 104 8 2304.000000 0.00000229207217 4 5.0000000000
0 104 9 2592.000000 0.00000052119270 3 4.0000000000
0 104 10 2880.000000 0.00000014337635 3 3.0000000000
0 105 0 0.000000 0.02192003093660 0 11.0000000000
0 105 1 288.000000 0.01123785786331 0 11.0000000000
0 105 2 576.000000 0.00278618955053 1 9.5000000000
0 105 3 864.000000 0.00131103850435 5 9.2500000000
0 105 4 1152.000000 0.00043114233995 4 8.5000000000
0 105 5 1440.000000 0.00012010980572 3 7.5000000000
0 105 6 1728.000000 0.00003414595267 3 6.5000000000
0 105 7 2016.000000 0.00001058336966 4 5.7500000000
0 105 8 2304.000000 0.00000254568727 3 4.7500000000
0 105 9 2592.000000 0.00000063648270 3 3.7500000000
0 105 10 2880.000000 0.00000019176433 4 3.0000000000
0 106 0 0.000000 0.03113965317607 0 11.0000000000
0 106 1 288.000000 0.01124372705817 0 11.0000000000
0 106 2 576.000000 0.00251174555160 2 9.7500000000
0 106 3 864.000000 0.00106580555439 4 9.0000000000
0 106 4 1152.000000 0.00036587778595 4 8.2500000000
0 106 5 1440.000000 0.00010930507415 4 7.5000000000
0 106 6 1728.000000 0.00003419726272 3 6.5000000000
0 106 7 2016.000000 0.00000858952444 3 5.5000000000
0 106 8 2304.000000 0.00000259431044 3 4.7500000000
0 106 9 2592.000000 0.00000073238334 3 3.7500000000
0 106 10 2880.000000 0.00000015718867 3 2.7500000000
0 107 0 0.000000 0.02767941728234 0 11.0000000000
0 107 1 288.000000 0.00101126858499 1 11.2500000000
0 107 2 576.000000 0.00055762392003 4 10.5000000000
0 107 3 864.000000 0.00021750846645 4 9.7500000000
0 107 4 1152.000000 0.00007554516924 3 8.7500000000
0 107 5 1440.000000 0.00003804353037 4 8.0000000000
0 107 6 1728.000000 0.00000998804990 3 7.0000000000
0 107 7 2016.000000 0.00000181206894 3 6.0000000000
0 107 8 2304.000000 0.00000059476895 3 5.0000000000
0 107 9 2592.000000 0.00000011873811 3 4.0000000000
0 107 10 2880.000000 0.00000004164543 3 3.0000000000
0 108 0 0.000000 0.02809818275273 0 11.0000000000
0 108 1 288.000000 0.00103516434319 1 11.2500000000
0 108 2 576.000000 0.00066167028854 4 10.5000000000
0 108 3 864.000000 0.00022591192101 4 9.7500000000
0 108 4 1152.000000 0.00012112424156 3 8.7500000000
0 108 5 1440.000000 0.00005004151171 5 8.2500000000
0 108 6 1728.000000 0.00000862238721 2 7.0000000000
0 108 7 2016.000000 0.00000303168736 4 6.2500000000
0 108 8 2304.000000 0.00000063915724 2 5.0000000000
0 108 9 2592.000000 0.00000020428183 4 4.2500000000
0 108 10 2880.000000 0.00000004510551 3 3.2500000000
0 109 0 0.000000 0.00339120393619 0 11.0000000000
0 109 1 288.000000 0.00119381363038 0 11.0000000000
0 109 2 576.000000 0.00058420916321 3 10.0000000000
0 109 3 864.000000 0.00028274513897 4 9.2500000000
0 109 4 1152.000000 0.00013276227401 3 8.5000000000
0 109 5 1440.000000 0.00003521918916 3 7.7500000000
0 109 6 1728.000000 0.00001038515165 3 7.0000000000
0 109 7 2016.000000 0.00000320638173 3 6.0000000000
0 109 8 2304.000000 0.00000059462229 3 5.0000000000
0 109 9 2592.000000 0.00000023521800 3 4.2500000000
0 109 10 2880.000000 0.00000007228850 4 3.5000000000
0 110 0 0.000000 0.00346745294519 0 11.0000000000
0 110 1 288.000000 0.00132037943695 0 11.0000000000
0 110 2 576.000000 0.00062356184935 1 9.5000000000
0 110 3 864.000000 0.00027197768213 4 9.2500000000
0 110 4 1152.000000 0.00011160293798 4 8.7500000000
0 110 5 1440.000000 0.00005062333730 3 7.7500000000
0 110 6 1728.000000 0.00001042791973 3 7.0000000000
0 110 7 2016.000000 0.00000351623544 3 6.0000000000
0 110 8 2304.000000 0.00000071980628 3 5.0000000000
0 110 9 2592.000000 0.00000021509950 2 4.2500000000
0 110 10 2880.000000 0.00000005223508 3 3.2500000000
0 111 0 0.000000 0.08161419630051 0 12.0000000000
0 111 1 288.000000 0.02932810969651 0 12.0000000000
0 111 2 576.000000 0.00929646007717 0 11.2500000000
0 111 3 864.000000 0.00456639938056 5 11.0000000000
0 111 4 1152.000000 0.00197566067800 2 9.7500000000
0 111 5 1440.000000 0.00069366942625 3 9.0000000000
0 111 6 1728.000000 0.00013728423801 3 8.2500000000
0 111 7 2016.000000 0.00005251939365 3 7.2500000000
0 111 8 2304.000000 0.00001099723704 3 6.2500000000
0 111 9 2592.000000 0.00000310936684 3 5.2500000000
0 111 10 2880.000000 0.00000078132814 3 4.2500000000
0 112 0 0.000000 0.03488734364510 0 12.0000000000
0 112 1 288.000000 0.01088926289231 1 12.2500000000
0 112 2 576.000000 0.00215398799628 2 11.0000000000
0 112 3 864.000000 0.00104168488178 3 10.0000000000
0 112 4 1152.000000 0.00043854411342 4 9.2500000000
0 112 5 1440.000000 0.00012635331950 5 8.7500000000
0 112 6 1728.000000 0.00003222305168 2 7.5000000000
0 112 7 2016.000000 0.00000886395719 4 6.7500000000
0 112 8 2304.000000 0.00000277622848 4 6.0000000000
0 112 9 2592.000000 0.00000048083939 2 4.7500000000
0 112 10 2880.000000 0.00000013505630 3 3.7500000000
0 113 0 0.000000 0.28352633118629 0 12.0000000000
0 113 1 288.000000 0.04307416453958 3 12.7500000000
0 113 2 576.000000 0.02854549512267 0 11.0000000000
0 113 3 864.000000 0.00931644346565 6 11.0000000000
0 113 4 1152.000000 0.00328042195179 2 9.7500000000
0 113 5 1440.000000 0.00094187585637 3 9.0000000000
0 113 6 1728.000000 0.00031080647022 4 8.2500000000
0 113 7 2016.000000 0.00007558847574 3 7.2500000000
0 113 8 2304.000000 0.00001960283225 3 6.2500000000
0 113 9 2592.000000 0.00000411828660 3 5.2500000000
0 113 10 2880.000000 0.00000149546952 3 4.2500000000
0 114 0 0.000000 0.07615178078413 0 12.0000000000
0 114 1 288.000000 0.02410804480314 0 12.0000000000
0 114 2 576.000000 0.00897533632815 5 11.5000000000
0 114 3 864.000000 0.00361859379336 5 11.0000000000
0 114 4 1152.000000 0.00110743497498 4 10.2500000000
0 114 5 1440.000000 0.00034962969949 4 9.5000000000
0 114 6 1728.000000 0.00010061383364 3 8.5000000000
0 114 7 2016.000000 0.00003223304157 3 7.5000000000
0 114 8 2304.000000 0.00000576606681 3 6.5000000000
0 114 9 2592.000000 0.00000195035614 3 5.5000000000
0 114 10 2880.000000 0.00000037589035 3 4.5000000000
0 115 0 0.000000 0.07066555321217 0 13.0000000000
0 115 1 288.000000 0.02469605766237 0 13.0000000000
0 115 2 576.000000 0.00786256790161 2 11.7500000000
0 115 3 864.000000 0.00281002908014 4 11.0000000000
0 115 4 1152.000000 0.00103525188752 4 10.2500000000
0 115 5 1440.000000 0.00034164736280 4 9.5000000000
0 115 6 1728.000000 0.00009338866948 3 8.5000000000
0 115 7 2016.000000 0.00003196445323 3 7.5000000000
0 115 8 2304.000000 0.00000596910832 3 6.5000000000
0 115 9 2592.000000 0.00000145840716 3 5.5000000000
0 115 10 2880.000000 0.00000034763784 3 4.5000000000
0 116 0 0.000000 0.21087539196014 0 13.0000000000
0 116 1 288.000000 0.08297760784626 1 13.2500000000
0 116 2 576.000000 0.01361104287207 1 11.7500000000
0 116 3 864.000000 0.00511170132086 4 11.0000000000
0 116 4 1152.000000 0.00140409835149 4 10.2500000000
0 116 5 1440.000000 0.00058165902738 3 9.2500000000
0 116 6 1728.000000 0.00013016424782 4 8.5000000000
0 116 7 2016.000000 0.00003717357686 3 7.5000000000
0 116 8 2304.000000 0.00000942913812 3 6.5000000000
0 116 9 2592.000000 0.00000199330725 3 5.5000000000
0 116 10 2880.000000 0.00000059904431 3 4.5000000000
0 117 0 0.000000 0.19568014144897 0 13.0000000000
0 117 1 288.000000 0.06295951455832 1 13.2500000000
0 117 2 576.000000 0.01478995475918 2 12.0000000000
0 117 3 864.000000 0.00617944961414 4 11.2500000000
0 117 4 1152.000000 0.00150729832239 4 10.5000000000
0 117 5 1440.000000 0.00061489571817 4 9.7500000000
0 117 6 1728.000000 0.00012962611800 2 8.5000000000
0 117 7 2016.000000 0.00004912426812 4 7.7500000000
0 117 8 2304.000000 0.00001225827782 3 6.7500000000
0 117 9 2592.000000 0.00000273061210 3 5.7500000000
0 117 10 2880.000000 0.00000084889598 3 4.7500000000
0 118 0 0.000000 1.81206202507019 0 14.0000000000
0 118 1 288.000000 0.73028594255447 2 14.5000000000
0 118 2 576.000000 0.12489782273769 2 13.2500000000
0 118 3 864.000000 0.05843639746308 5 12.7500000000
0 118 4 1152.000000 0.01535032968968 3 11.7500000000
0 118 5 1440.000000 0.00675186095759 3 10.7500000000
0 118 6 1728.000000 0.00203228043392 5 10.2500000000
0 118 7 2016.000000 0.00044099651859 2 9.0000000000
0 118 8 2304.000000 0.00015730537416 3 8.0000000000
0 118 9 2592.000000 0.00002553012382 3 7.0000000000
0 118 10 2880.000000 0.00000784006625 3 6.0000000000
0 119 0 0.000000 1.56072986125946 0 14.0000000000
0 119 1 288.000000 0.31861412525177 1 14.2500000000
0 119 2 576.000000 0.12971599400043 3 13.2500000000
0 119 3 864.000000 0.06622364372015 5 12.7500000000
0 119 4 1152.000000 0.03079752996564 3 11.7500000000
0 119 5 1440.000000 0.00559493480250 4 11.0000000000
0 119 6 1728.000000 0.00166189763695 3 10.0000000000
0 119 7 2016.000000 0.00043930197717 3 9.0000000000
0 119 8 2304.000000 0.00018043979071 5 8.5000000000
0 119 9 2592.000000 0.00004945140245 2 7.2500000000
0 119 10 2880.000000 0.00001021014668 3 6.2500000000
0 120 0 0.000000 1.05944347381592 0 15.0000000000
0 120 1 288.000000 0.55253344774246 3 15.7500000000
0 120 2 576.000000 0.42679542303085 0 14.0000000000
0 120 3 864.000000 0.24880519509315 4 14.0000000000
0 120 4 1152.000000 0.12810570001602 3 13.2500000000
0 120 5 1440.000000 0.06428649276495 3 12.2500000000
0 120 6 1728.000000 0.01551133394241 3 11.2500000000
0 120 7 2016.000000 0.00616993336007 3 10.2500000000
0 120 8 2304.000000 0.00176022783853 3 9.2500000000
0 120 9 2592.000000 0.00071282271529 2 8.2500000000
0 120 10 2880.000000 0.00013216023217 3 7.5000000000
