1 0 0 0.000000 0.00005787967530 0 3.0000000000
1 0 1 12288.000000 0.00001712713674 1 3.2500000000
1 0 2 24576.000000 0.00001068868005 2 2.0000000000
1 0 3 36864.000000 0.00000545342209 6 1.7500000000
1 0 4 49152.000000 0.00000265648669 5 1.2500000000
1 0 5 61440.000000 0.00000117095408 4 0.5000000000
1 0 6 73728.000000 0.00000053461673 4 -0.2500000000
1 0 7 86016.000000 0.00000021585767 5 -0.7500000000
1 0 8 98304.000000 0.00000007368421 5 -1.2500000000
1 0 9 110592.000000 0.00000002398835 3 -2.2500000000
1 0 10 122880.000000 0.00000000567804 4 -3.0000000000
1 1 0 0.000000 0.00006554335414 0 4.0000000000
1 1 1 12288.000000 0.00002899988431 0 4.0000000000
1 1 2 24576.000000 0.00001033573426 0 2.2500000000
1 1 3 36864.000000 0.00000574579644 5 1.7500000000
1 1 4 49152.000000 0.00000295331665 5 1.2500000000
1 1 5 61440.000000 0.00000138272924 5 0.7500000000
1 1 6 73728.000000 0.00000064385682 4 0.0000000000
1 1 7 86016.000000 0.00000025743986 6 -0.2500000000
1 1 8 98304.000000 0.00000006898224 4 -1.0000000000
1 1 9 110592.000000 0.00000001923144 3 -2.0000000000
1 1 10 122880.000000 0.00000000641883 3 -3.0000000000
1 2 0 0.000000 0.00005341898941 0 4.0000000000
1 2 1 12288.000000 0.00002572393714 0 4.0000000000
1 2 2 24576.000000 0.00000978452408 0 2.2500000000
1 2 3 36864.000000 0.00000501952718 5 1.7500000000
1 2 4 49152.000000 0.00000250760377 4 1.0000000000
1 2 5 61440.000000 0.00000097967688 6 0.7500000000
1 2 6 73728.000000 0.00000035992920 4 0.0000000000
1 2 7 86016.000000 0.00000010442664 4 -0.7500000000
1 2 8 98304.000000 0.00000003158983 3 -1.7500000000
1 2 9 110592.000000 0.00000000921355 4 -2.5000000000
1 2 10 122880.000000 0.00000000240533 3 -3.5000000000
1 3 0 0.000000 0.00023051527387 0 4.0000000000
1 3 1 12288.000000 0.00005483752102 0 4.0000000000
1 3 2 24576.000000 0.00002866579234 4 3.2500000000
1 3 3 36864.000000 0.00001470455754 5 2.7500000000
1 3 4 49152.000000 0.00000669145356 5 2.2500000000
1 3 5 61440.000000 0.00000249612663 4 1.5000000000
1 3 6 73728.000000 0.00000074326846 4 0.7500000000
1 3 7 86016.000000 0.00000019074744 3 -0.2500000000
1 3 8 98304.000000 0.00000005950678 4 -1.0000000000
1 3 9 110592.000000 0.00000001404656 3 -2.0000000000
1 3 10 122880.000000 0.00000000386836 3 -3.0000000000
1 4 0 0.000000 0.00034441001480 0 5.0000000000
1 4 1 12288.000000 0.00010987836868 0 5.0000000000
1 4 2 24576.000000 0.00005068294558 1 3.5000000000
1 4 3 36864.000000 0.00002507707541 6 3.2500000000
1 4 4 49152.000000 0.00001117282864 4 2.5000000000
1 4 5 61440.000000 0.00000484164229 5 2.0000000000
1 4 6 73728.000000 0.00000162329036 4 1.2500000000
1 4 7 86016.000000 0.00000058933057 4 0.5000000000
1 4 8 98304.000000 0.00000019730709 4 -0.2500000000
1 4 9 110592.000000 0.00000005283415 3 -1.2500000000
1 4 10 122880.000000 0.00000001276168 4 -2.0000000000
1 5 0 0.000000 0.00035641354043 0 5.0000000000
1 5 1 12288.000000 0.00011766472744 0 5.0000000000
1 5 2 24576.000000 0.00005135920583 3 4.0000000000
1 5 3 36864.000000 0.00002333670818 3 3.0000000000
1 5 4 49152.000000 0.00000985578390 5 2.5000000000
1 5 5 61440.000000 0.00000378845266 4 1.7500000000
1 5 6 73728.000000 0.00000150961682 5 1.2500000000
1 5 7 86016.000000 0.00000047405126 4 0.5000000000
1 5 8 98304.000000 0.00000016263387 3 -0.5000000000
1 5 9 110592.000000 0.00000003953397 4 -1.2500000000
1 5 10 122880.000000 0.00000001038610 3 -2.2500000000
1 6 0 0.000000 0.00108568416908 0 5.0000000000
1 6 1 12288.000000 0.00024170169490 2 5.5000000000
1 6 2 24576.000000 0.00013165203563 4 4.7500000000
1 6 3 36864.000000 0.00005597811105 4 4.0000000000
1 6 4 49152.000000 0.00002520058115 4 3.2500000000
1 6 5 61440.000000 0.00000840527446 5 2.7500000000
1 6 6 73728.000000 0.00000326795748 3 1.7500000000
1 6 7 86016.000000 0.00000100000761 4 1.0000000000
1 6 8 98304.000000 0.00000027714358 4 0.2500000000
1 6 9 110592.000000 0.00000008005389 3 -0.7500000000
1 6 10 122880.000000 0.00000002496963 4 -1.5000000000
1 7 0 0.000000 0.00135838822462 0 5.0000000000
1 7 1 12288.000000 0.00029502130928 2 5.5000000000
1 7 2 24576.000000 0.00015625786909 5 5.0000000000
1 7 3 36864.000000 0.00007710394129 3 4.0000000000
1 7 4 49152.000000 0.00004019985499 5 3.5000000000
1 7 5 61440.000000 0.00002008701631 4 2.7500000000
1 7 6 73728.000000 0.00000977293894 5 2.2500000000
1 7 7 86016.000000 0.00000365336473 6 2.0000000000
1 7 8 98304.000000 0.00000115106786 4 1.2500000000
1 7 9 110592.000000 0.00000026423066 3 0.2500000000
1 7 10 122880.000000 0.00000007057461 3 -0.7500000000
1 8 0 0.000000 0.00090179359540 0 5.0000000000
1 8 1 12288.000000 0.00022075248125 1 5.2500000000
1 8 2 24576.000000 0.00011659659503 5 4.7500000000
1 8 3 36864.000000 0.00005723872528 5 4.2500000000
1 8 4 49152.000000 0.00002388556641 3 3.2500000000
1 8 5 61440.000000 0.00000936313882 5 2.7500000000
1 8 6 73728.000000 0.00000393601704 4 2.0000000000
1 8 7 86016.000000 0.00000112389330 4 1.2500000000
1 8 8 98304.000000 0.00000032981939 4 0.5000000000
1 8 9 110592.000000 0.00000007329997 3 -0.5000000000
1 8 10 122880.000000 0.00000002268861 3 -1.5000000000
1 9 0 0.000000 0.00114024442155 0 5.0000000000
1 9 1 12288.000000 0.00025885066134 1 5.2500000000
1 9 2 24576.000000 0.00013720958668 5 4.7500000000
1 9 3 36864.000000 0.00006126805238 5 4.2500000000
1 9 4 49152.000000 0.00002810740079 4 3.5000000000
1 9 5 61440.000000 0.00001084193264 5 3.0000000000
1 9 6 73728.000000 0.00000392019638 3 2.0000000000
1 9 7 86016.000000 0.00000102151705 4 1.2500000000
1 9 8 98304.000000 0.00000030466720 3 0.2500000000
1 9 9 110592.000000 0.00000008389768 4 -0.5000000000
1 9 10 122880.000000 0.00000001929144 3 -1.5000000000
1 10 0 0.000000 0.00327340769581 0 6.0000000000
1 10 1 12288.000000 0.00050795287825 0 6.0000000000
1 10 2 24576.000000 0.00025645396090 5 5.5000000000
1 10 3 36864.000000 0.00011906607688 4 4.7500000000
1 10 4 49152.000000 0.00004473150329 4 4.0000000000
1 10 5 61440.000000 0.00001668681398 4 3.2500000000
1 10 6 73728.000000 0.00000623315100 4 2.5000000000
1 10 7 86016.000000 0.00000212268674 4 1.7500000000
1 10 8 98304.000000 0.00000075863682 4 1.0000000000
1 10 9 110592.000000 0.00000021090996 4 0.2500000000
1 10 10 122880.000000 0.00000005515894 3 -0.7500000000
1 11 0 0.000000 0.00389582011849 0 6.0000000000
1 11 1 12288.000000 0.00072573218495 0 6.0000000000
1 11 2 24576.000000 0.00028905223007 5 5.5000000000
1 11 3 36864.000000 0.00014948728494 4 4.7500000000
1 11 4 49152.000000 0.00006414632662 5 4.2500000000
1 11 5 61440.000000 0.00002463707278 4 3.5000000000
1 11 6 73728.000000 0.00000795650703 4 2.7500000000
1 11 7 86016.000000 0.00000235786115 3 1.7500000000
1 11 8 98304.000000 0.00000060674023 4 1.0000000000
1 11 9 110592.000000 0.00000016195044 3 0.0000000000
1 11 10 122880.000000 0.00000004155969 3 -1.0000000000
1 12 0 0.000000 0.01381135173142 0 7.0000000000
1 12 1 12288.000000 0.00244274269789 0 7.0000000000
1 12 2 24576.000000 0.00078981375555 2 5.7500000000
1 12 3 36864.000000 0.00033859253745 5 5.2500000000
1 12 4 49152.000000 0.00011688943050 4 4.5000000000
1 12 5 61440.000000 0.00004226654710 4 3.7500000000
1 12 6 73728.000000 0.00001453665845 4 3.0000000000
1 12 7 86016.000000 0.00000572133467 4 2.2500000000
1 12 8 98304.000000 0.00000171195359 4 1.5000000000
1 12 9 110592.000000 0.00000053141451 4 0.7500000000
1 12 10 122880.000000 0.00000014542199 3 -0.2500000000
1 13 0 0.000000 0.00901152193546 0 7.0000000000
1 13 1 12288.000000 0.00231846584938 0 7.0000000000
1 13 2 24576.000000 0.00105511408765 3 6.0000000000
1 13 3 36864.000000 0.00048396870261 5 5.5000000000
1 13 4 49152.000000 0.00018478825223 7 5.5000000000
1 13 5 61440.000000 0.00006718088844 3 4.5000000000
1 13 6 73728.000000 0.00002056081212 4 3.7500000000
1 13 7 86016.000000 0.00000730373813 4 3.0000000000
1 13 8 98304.000000 0.00000232765524 3 2.0000000000
1 13 9 110592.000000 0.00000058951389 4 1.2500000000
1 13 10 122880.000000 0.00000014204981 3 0.2500000000
1 14 0 0.000000 0.01051862165332 0 7.0000000000
1 14 1 12288.000000 0.00228554010391 0 7.0000000000
1 14 2 24576.000000 0.00080233544577 3 6.0000000000
1 14 3 36864.000000 0.00038431904977 6 5.7500000000
1 14 4 49152.000000 0.00017888931325 3 4.7500000000
1 14 5 61440.000000 0.00007621419354 4 4.0000000000
1 14 6 73728.000000 0.00002147666237 6 3.7500000000
1 14 7 86016.000000 0.00000680112726 3 2.7500000000
1 14 8 98304.000000 0.00000188551155 4 2.0000000000
1 14 9 110592.000000 0.00000048889581 3 1.0000000000
1 14 10 122880.000000 0.00000012119304 3 0.0000000000
1 15 0 0.000000 0.01360877603292 0 7.0000000000
1 15 1 12288.000000 0.00225893314928 0 7.0000000000
1 15 2 24576.000000 0.00091006205184 5 6.5000000000
1 15 3 36864.000000 0.00046526169172 4 5.7500000000
1 15 4 49152.000000 0.00016197595687 4 5.0000000000
1 15 5 61440.000000 0.00006354565267 4 4.2500000000
1 15 6 73728.000000 0.00002374440191 3 3.2500000000
1 15 7 86016.000000 0.00000837435346 4 2.5000000000
1 15 8 98304.000000 0.00000311899475 5 2.0000000000
1 15 9 110592.000000 0.00000084340314 4 1.2500000000
1 15 10 122880.000000 0.00000027445904 4 0.5000000000
1 16 0 0.000000 0.01794301904738 0 7.0000000000
1 16 1 12288.000000 0.00266551668756 1 7.2500000000
1 16 2 24576.000000 0.00120663677808 4 6.5000000000
1 16 3 36864.000000 0.00054957036627 4 5.7500000000
1 16 4 49152.000000 0.00022951552819 4 5.0000000000
1 16 5 61440.000000 0.00008956220699 5 4.5000000000
1 16 6 73728.000000 0.00003536263102 4 3.7500000000
1 16 7 86016.000000 0.00001392958256 3 2.7500000000
1 16 8 98304.000000 0.00000634899243 6 2.5000000000
1 16 9 110592.000000 0.00000228141676 5 2.0000000000
1 16 10 122880.000000 0.00000065578843 3 1.0000000000
1 17 0 0.000000 0.01300546526909 0 8.0000000000
1 17 1 12288.000000 0.00370883522555 0 8.0000000000
1 17 2 24576.000000 0.00103905831929 2 6.7500000000
1 17 3 36864.000000 0.00049902190221 4 6.0000000000
1 17 4 49152.000000 0.00017953061615 5 5.5000000000
1 17 5 61440.000000 0.00005914075518 4 4.7500000000
1 17 6 73728.000000 0.00001620503463 3 3.7500000000
1 17 7 86016.000000 0.00000538218319 4 3.0000000000
1 17 8 98304.000000 0.00000127825228 3 2.0000000000
1 17 9 110592.000000 0.00000031609898 3 1.0000000000
1 17 10 122880.000000 0.00000010524050 3 0.0000000000
1 18 0 0.000000 0.01582223549485 0 8.0000000000
1 18 1 12288.000000 0.00432343594730 0 8.0000000000
1 18 2 24576.000000 0.00112861127127 2 6.7500000000
1 18 3 36864.000000 0.00053443288198 4 6.0000000000
1 18 4 49152.000000 0.00022681441624 5 5.5000000000
1 18 5 61440.000000 0.00008248205268 4 4.7500000000
1 18 6 73728.000000 0.00002795394175 4 4.0000000000
1 18 7 86016.000000 0.00001034651996 4 3.2500000000
1 18 8 98304.000000 0.00000316145201 4 2.5000000000
1 18 9 110592.000000 0.00000096098267 4 1.7500000000
1 18 10 122880.000000 0.00000023595089 3 0.7500000000
1 19 0 0.000000 0.03870708495378 0 8.0000000000
1 19 1 12288.000000 0.00788587797433 0 8.0000000000
1 19 2 24576.000000 0.00235395529307 3 7.0000000000
1 19 3 36864.000000 0.00101131910924 4 6.2500000000
1 19 4 49152.000000 0.00043065051432 4 5.5000000000
1 19 5 61440.000000 0.00014979406842 4 4.7500000000
1 19 6 73728.000000 0.00005507406240 4 4.0000000000
1 19 7 86016.000000 0.00001642456482 4 3.2500000000
1 19 8 98304.000000 0.00000680677840 4 2.5000000000
1 19 9 110592.000000 0.00000206474942 4 1.7500000000
1 19 10 122880.000000 0.00000061222028 4 1.0000000000
1 20 0 0.000000 0.30497798323631 0 9.0000000000
1 20 1 12288.000000 0.07605095952749 0 9.0000000000
1 20 2 24576.000000 0.01409393083304 1 7.5000000000
1 20 3 36864.000000 0.00516577716917 4 6.7500000000
1 20 4 49152.000000 0.00203394400887 5 6.2500000000
1 20 5 61440.000000 0.00088037521346 5 5.7500000000
1 20 6 73728.000000 0.00025052492856 4 5.0000000000
1 20 7 86016.000000 0.00011377605551 4 4.2500000000
1 20 8 98304.000000 0.00003012136222 4 3.5000000000
1 20 9 110592.000000 0.00000995824121 3 2.5000000000
1 20 10 122880.000000 0.00000209233099 4 1.7500000000
1 21 0 0.000000 0.22588758170605 0 9.0000000000
1 21 1 12288.000000 0.05900373682380 0 9.0000000000
1 21 2 24576.000000 0.01493397820741 1 7.5000000000
1 21 3 36864.000000 0.00725542427972 4 6.7500000000
1 21 4 49152.000000 0.00322693074122 5 6.2500000000
1 21 5 61440.000000 0.00095106620574 6 6.0000000000
1 21 6 73728.000000 0.00033817699295 4 5.2500000000
1 21 7 86016.000000 0.00009133161802 4 4.5000000000
1 21 8 98304.000000 0.00003608717816 3 3.5000000000
1 21 9 110592.000000 0.00001000744578 3 2.5000000000
1 21 10 122880.000000 0.00000196613087 3 1.5000000000
1 22 0 0.000000 0.51053732633591 0 9.0000000000
1 22 1 12288.000000 0.07521162182093 1 9.2500000000
1 22 2 24576.000000 0.03730210289359 4 8.5000000000
1 22 3 36864.000000 0.01541585568339 5 8.0000000000
1 22 4 49152.000000 0.00716247176751 5 7.5000000000
1 22 5 61440.000000 0.00272510293871 5 7.0000000000
1 22 6 73728.000000 0.00098951719701 4 6.2500000000
1 22 7 86016.000000 0.00038554528146 5 5.7500000000
1 22 8 98304.000000 0.00010455412121 3 4.7500000000
1 22 9 110592.000000 0.00003476137499 4 4.0000000000
1 22 10 122880.000000 0.00000851261939 3 3.0000000000
1 23 0 0.000000 0.51271736621857 0 9.0000000000
1 23 1 12288.000000 0.07816813886166 1 9.2500000000
1 23 2 24576.000000 0.03778547793627 4 8.5000000000
1 23 3 36864.000000 0.01818966865540 6 8.2500000000
1 23 4 49152.000000 0.00704843457788 4 7.5000000000
1 23 5 61440.000000 0.00219766423106 4 6.7500000000
1 23 6 73728.000000 0.00062618480297 4 6.0000000000
1 23 7 86016.000000 0.00024279260833 5 5.5000000000
1 23 8 98304.000000 0.00007994192129 3 4.5000000000
1 23 9 110592.000000 0.00002176431735 3 3.5000000000
1 23 10 122880.000000 0.00000603454646 4 2.7500000000
1 24 0 0.000000 7.96605443954468 0 11.0000000000
1 24 1 12288.000000 7.33691358566284 1 11.2500000000
1 24 2 24576.000000 1.20098698139191 0 9.5000000000
1 24 3 36864.000000 0.80864143371582 4 8.7500000000
1 24 4 49152.000000 0.30926758050919 5 8.2500000000
1 24 5 61440.000000 0.12514887750149 5 7.7500000000
1 24 6 73728.000000 0.04810855537653 6 7.5000000000
1 24 7 86016.000000 0.01575763337314 4 6.7500000000
1 24 8 98304.000000 0.00427597854286 3 5.7500000000
1 24 9 110592.000000 0.00154866534285 4 5.0000000000
1 24 10 122880.000000 0.00042612175457 2 3.7500000000
