2 0 0 0.000000 0.00126548123080 0 -6.0000000000
2 0 1 98304.000000 0.00063268432859 0 -6.0000000000
2 0 2 196608.000000 0.00013364697224 5 -6.5000000000
2 0 3 294912.000000 0.00004641546548 5 -7.0000000000
2 0 4 393216.000000 0.00001775202327 5 -7.5000000000
2 0 5 491520.000000 0.00000681902338 4 -8.2500000000
2 0 6 589824.000000 0.00000271564431 5 -8.7500000000
2 0 7 688128.000000 0.00000076440682 4 -9.5000000000
2 0 8 786432.000000 0.00000022355056 3 -10.5000000000
2 0 9 884736.000000 0.00000006924841 3 -11.5000000000
2 0 10 983040.000000 0.00000002167662 4 -12.2500000000
2 0 11 1081344.000000 0.00000000506894 3 -13.2500000000
2 0 12 1179648.000000 0.00000000114812 3 -14.2500000000
2 0 13 1277952.000000 0.00000000029093 3 -15.2500000000
2 0 14 1376256.000000 0.00000000007060 3 -16.2500000000
2 0 15 1474560.000000 0.00000000001923 3 -17.2500000000
2 0 16 1572864.000000 0.00000000000502 3 -18.2500000000
2 1 0 0.000000 0.00314748566598 0 -5.0000000000
2 1 1 98304.000000 0.00168541062158 0 -5.0000000000
2 1 2 196608.000000 0.00032749440288 3 -6.0000000000
2 1 3 294912.000000 0.00010559689690 4 -6.7500000000
2 1 4 393216.000000 0.00004129282388 5 -7.2500000000
2 1 5 491520.000000 0.00001641145900 4 -8.0000000000
2 1 6 589824.000000 0.00000595486335 4 -8.7500000000
2 1 7 688128.000000 0.00000211058000 5 -9.2500000000
2 1 8 786432.000000 0.00000058565968 3 -10.2500000000
2 1 9 884736.000000 0.00000018263849 4 -11.0000000000
2 1 10 983040.000000 0.00000004350480 3 -12.0000000000
2 1 11 1081344.000000 0.00000001110969 3 -13.0000000000
2 1 12 1179648.000000 0.00000000289560 3 -14.0000000000
2 1 13 1277952.000000 0.00000000072936 3 -15.0000000000
2 1 14 1376256.000000 0.00000000017183 3 -16.0000000000
2 1 15 1474560.000000 0.00000000004351 3 -17.0000000000
2 1 16 1572864.000000 0.00000000001115 3 -18.0000000000
2 2 0 0.000000 0.00300304079428 0 -5.0000000000
2 2 1 98304.000000 0.00154628604650 0 -5.0000000000
2 2 2 196608.000000 0.00029327053926 3 -6.0000000000
2 2 3 294912.000000 0.00009598219913 4 -6.7500000000
2 2 4 393216.000000 0.00003910576561 4 -7.5000000000
2 2 5 491520.000000 0.00001279223579 4 -8.2500000000
2 2 6 589824.000000 0.00000463518063 5 -8.7500000000
2 2 7 688128.000000 0.00000154308100 3 -9.7500000000
2 2 8 786432.000000 0.00000043791960 4 -10.5000000000
2 2 9 884736.000000 0.00000013477158 4 -11.2500000000
2 2 10 983040.000000 0.00000003131129 3 -12.2500000000
2 2 11 1081344.000000 0.00000000808179 3 -13.2500000000
2 2 12 1179648.000000 0.00000000195779 3 -14.2500000000
2 2 13 1277952.000000 0.00000000046791 3 -15.2500000000
2 2 14 1376256.000000 0.00000000013225 3 -16.2500000000
2 2 15 1474560.000000 0.00000000003007 3 -17.2500000000
2 2 16 1572864.000000 0.00000000000822 3 -18.2500000000
2 3 0 0.000000 0.02220009267330 0 -5.0000000000
2 3 1 98304.000000 0.01039919070899 0 -5.0000000000
2 3 2 196608.000000 0.00263894861564 5 -5.5000000000
2 3 3 294912.000000 0.00095645006513 5 -6.0000000000
2 3 4 393216.000000 0.00043787949835 5 -6.5000000000
2 3 5 491520.000000 0.00016161831445 4 -7.2500000000
2 3 6 589824.000000 0.00006029535143 5 -7.7500000000
2 3 7 688128.000000 0.00002128022243 4 -8.5000000000
2 3 8 786432.000000 0.00000652029576 4 -9.2500000000
2 3 9 884736.000000 0.00000162537913 3 -10.2500000000
2 3 10 983040.000000 0.00000041381011 3 -11.2500000000
2 3 11 1081344.000000 0.00000012520074 3 -12.2500000000
2 3 12 1179648.000000 0.00000003333164 4 -13.0000000000
2 3 13 1277952.000000 0.00000000917714 3 -14.0000000000
2 3 14 1376256.000000 0.00000000216872 3 -15.0000000000
2 3 15 1474560.000000 0.00000000053563 3 -16.0000000000
2 3 16 1572864.000000 0.00000000012365 3 -17.0000000000
2 4 0 0.000000 0.10242071002722 0 -5.0000000000
2 4 1 98304.000000 0.05130284652114 1 -4.7500000000
2 4 2 196608.000000 0.01297122333199 7 -4.7500000000
2 4 3 294912.000000 0.00487013906240 5 -5.2500000000
2 4 4 393216.000000 0.00235254387371 4 -6.0000000000
2 4 5 491520.000000 0.00085849052994 6 -6.2500000000
2 4 6 589824.000000 0.00028289580951 4 -7.0000000000
2 4 7 688128.000000 0.00009232811863 3 -8.0000000000
2 4 8 786432.000000 0.00002104106898 4 -8.7500000000
2 4 9 884736.000000 0.00000570080738 3 -9.7500000000
2 4 10 983040.000000 0.00000141817316 3 -10.7500000000
2 4 11 1081344.000000 0.00000035733891 3 -11.7500000000
2 4 12 1179648.000000 0.00000009388037 3 -12.7500000000
2 4 13 1277952.000000 0.00000001993926 3 -13.7500000000
2 4 14 1376256.000000 0.00000000516247 3 -14.7500000000
2 4 15 1474560.000000 0.00000000132952 3 -15.7500000000
2 4 16 1572864.000000 0.00000000034732 3 -16.7500000000
2 5 0 0.000000 0.05787982046604 0 -5.0000000000
2 5 1 98304.000000 0.02418353594840 1 -4.7500000000
2 5 2 196608.000000 0.00584423588589 6 -5.0000000000
2 5 3 294912.000000 0.00223816954531 5 -5.5000000000
2 5 4 393216.000000 0.00091383222025 4 -6.2500000000
2 5 5 491520.000000 0.00032446536352 4 -7.0000000000
2 5 6 589824.000000 0.00011209517834 5 -7.5000000000
2 5 7 688128.000000 0.00003936988651 3 -8.5000000000
2 5 8 786432.000000 0.00001226574932 5 -9.0000000000
2 5 9 884736.000000 0.00000337446863 3 -10.0000000000
2 5 10 983040.000000 0.00000105635570 3 -11.0000000000
2 5 11 1081344.000000 0.00000028780477 4 -11.7500000000
2 5 12 1179648.000000 0.00000007195019 3 -12.7500000000
2 5 13 1277952.000000 0.00000001673233 3 -13.7500000000
2 5 14 1376256.000000 0.00000000436950 3 -14.7500000000
2 5 15 1474560.000000 0.00000000103013 3 -15.7500000000
2 5 16 1572864.000000 0.00000000029531 3 -16.7500000000
2 6 0 0.000000 0.38689565658569 0 -4.0000000000
2 6 1 98304.000000 0.14952687919140 0 -4.0000000000
2 6 2 196608.000000 0.02622886188328 5 -4.5000000000
2 6 3 294912.000000 0.00936853513122 5 -5.0000000000
2 6 4 393216.000000 0.00353967491537 4 -5.7500000000
2 6 5 491520.000000 0.00138868426438 4 -6.5000000000
2 6 6 589824.000000 0.00052191223949 4 -7.2500000000
2 6 7 688128.000000 0.00017865885457 5 -7.7500000000
2 6 8 786432.000000 0.00005651698666 3 -8.7500000000
2 6 9 884736.000000 0.00001633418651 4 -9.5000000000
2 6 10 983040.000000 0.00000372051977 3 -10.5000000000
2 6 11 1081344.000000 0.00000101716751 3 -11.5000000000
2 6 12 1179648.000000 0.00000020334554 3 -12.5000000000
2 6 13 1277952.000000 0.00000005604629 3 -13.5000000000
2 6 14 1376256.000000 0.00000001499083 3 -14.5000000000
2 6 15 1474560.000000 0.00000000366945 3 -15.5000000000
2 6 16 1572864.000000 0.00000000093173 3 -16.5000000000
2 7 0 0.000000 0.38086906075478 0 -4.0000000000
2 7 1 98304.000000 0.17471069097519 0 -4.0000000000
2 7 2 196608.000000 0.03299063816667 6 -4.2500000000
2 7 3 294912.000000 0.01010671257973 4 -5.0000000000
2 7 4 393216.000000 0.00359499012120 4 -5.7500000000
2 7 5 491520.000000 0.00142421841156 5 -6.2500000000
2 7 6 589824.000000 0.00057523499709 4 -7.0000000000
2 7 7 688128.000000 0.00019088460249 4 -7.7500000000
2 7 8 786432.000000 0.00005627415521 4 -8.5000000000
2 7 9 884736.000000 0.00001447077739 3 -9.5000000000
2 7 10 983040.000000 0.00000373509715 3 -10.5000000000
2 7 11 1081344.000000 0.00000092050232 3 -11.5000000000
2 7 12 1179648.000000 0.00000021199241 3 -12.5000000000
2 7 13 1277952.000000 0.00000005360324 3 -13.5000000000
2 7 14 1376256.000000 0.00000001409877 3 -14.5000000000
2 7 15 1474560.000000 0.00000000350300 3 -15.5000000000
2 7 16 1572864.000000 0.00000000087374 3 -16.5000000000
2 8 0 0.000000 5.40826129913330 0 -4.0000000000
2 8 1 98304.000000 3.02957248687744 0 -4.0000000000
2 8 2 196608.000000 0.46818855404854 6 -4.2500000000
2 8 3 294912.000000 0.15549960732460 6 -4.5000000000
2 8 4 393216.000000 0.05230721086264 4 -5.2500000000
2 8 5 491520.000000 0.01807896047831 4 -6.0000000000
2 8 6 589824.000000 0.00636221980676 4 -6.7500000000
2 8 7 688128.000000 0.00191291212104 5 -7.2500000000
2 8 8 786432.000000 0.00057206104975 3 -8.2500000000
2 8 9 884736.000000 0.00015524028277 3 -9.2500000000
2 8 10 983040.000000 0.00004456269380 3 -10.2500000000
2 8 11 1081344.000000 0.00001135889306 4 -11.0000000000
2 8 12 1179648.000000 0.00000295752943 3 -12.0000000000
2 8 13 1277952.000000 0.00000076797261 3 -13.0000000000
2 8 14 1376256.000000 0.00000018835460 3 -14.0000000000
2 8 15 1474560.000000 0.00000004675220 3 -15.0000000000
2 8 16 1572864.000000 0.00000001138508 3 -16.0000000000
