4 0 0 0.000000 0.00090015749447 0 -5.0000000000
4 0 1 49152.000000 0.00054500933038 0 -5.0000000000
4 0 2 98304.000000 0.00015197129687 1 -6.5000000000
4 0 3 147456.000000 0.00005851887545 6 -6.7500000000
4 0 4 196608.000000 0.00002164124453 4 -7.5000000000
4 0 5 245760.000000 0.00000985062979 4 -8.2500000000
4 0 6 294912.000000 0.00000344259024 5 -8.7500000000
4 0 7 344064.000000 0.00000142304646 5 -9.2500000000
4 0 8 393216.000000 0.00000042094928 4 -10.0000000000
4 0 9 442368.000000 0.00000010943448 3 -11.0000000000
4 0 10 491520.000000 0.00000002739547 3 -12.0000000000
4 0 11 540672.000000 0.00000000661427 3 -13.0000000000
4 0 12 589824.000000 0.00000000177287 3 -14.0000000000
4 0 13 638976.000000 0.00000000042383 3 -15.0000000000
4 0 14 688128.000000 0.00000000011505 3 -16.0000000000
4 0 15 737280.000000 0.00000000002675 3 -17.0000000000
4 0 16 786432.000000 0.00000000000701 3 -18.0000000000
4 1 0 0.000000 0.00242686131969 0 -5.0000000000
4 1 1 49152.000000 0.00141153438017 0 -5.0000000000
4 1 2 98304.000000 0.00032544237911 3 -6.0000000000
4 1 3 147456.000000 0.00013365002815 4 -6.7500000000
4 1 4 196608.000000 0.00005779991989 5 -7.2500000000
4 1 5 245760.000000 0.00002490463521 4 -8.0000000000
4 1 6 294912.000000 0.00000853943675 5 -8.5000000000
4 1 7 344064.000000 0.00000266859706 4 -9.2500000000
4 1 8 393216.000000 0.00000076801211 3 -10.2500000000
4 1 9 442368.000000 0.00000020847783 4 -11.0000000000
4 1 10 491520.000000 0.00000005176484 3 -12.0000000000
4 1 11 540672.000000 0.00000001355114 3 -13.0000000000
4 1 12 589824.000000 0.00000000337207 3 -14.0000000000
4 1 13 638976.000000 0.00000000081946 3 -15.0000000000
4 1 14 688128.000000 0.00000000020825 3 -16.0000000000
4 1 15 737280.000000 0.00000000005753 3 -17.0000000000
4 1 16 786432.000000 0.00000000001372 3 -18.0000000000
4 2 0 0.000000 0.00225818948820 0 -5.0000000000
4 2 1 49152.000000 0.00129675678909 0 -5.0000000000
4 2 2 98304.000000 0.00037288884050 2 -6.2500000000
4 2 3 147456.000000 0.00013793230755 6 -6.5000000000
4 2 4 196608.000000 0.00005931713895 3 -7.5000000000
4 2 5 245760.000000 0.00002278983629 6 -7.7500000000
4 2 6 294912.000000 0.00000755329393 4 -8.5000000000
4 2 7 344064.000000 0.00000245704268 3 -9.5000000000
4 2 8 393216.000000 0.00000070923312 4 -10.2500000000
4 2 9 442368.000000 0.00000021739487 4 -11.0000000000
4 2 10 491520.000000 0.00000005264992 3 -12.0000000000
4 2 11 540672.000000 0.00000001284362 3 -13.0000000000
4 2 12 589824.000000 0.00000000326149 3 -14.0000000000
4 2 13 638976.000000 0.00000000082292 3 -15.0000000000
4 2 14 688128.000000 0.00000000020921 3 -16.0000000000
4 2 15 737280.000000 0.00000000005561 3 -17.0000000000
4 2 16 786432.000000 0.00000000001386 3 -18.0000000000
4 3 0 0.000000 0.01363200787455 0 -5.0000000000
4 3 1 49152.000000 0.00687854876742 0 -5.0000000000
4 3 2 98304.000000 0.00162048218772 5 -5.5000000000
4 3 3 147456.000000 0.00054894591449 4 -6.2500000000
4 3 4 196608.000000 0.00021201236814 4 -7.0000000000
4 3 5 245760.000000 0.00007901718345 4 -7.7500000000
4 3 6 294912.000000 0.00002906688860 5 -8.2500000000
4 3 7 344064.000000 0.00000926235953 4 -9.0000000000
4 3 8 393216.000000 0.00000279144433 4 -9.7500000000
4 3 9 442368.000000 0.00000074692213 3 -10.7500000000
4 3 10 491520.000000 0.00000018561640 3 -11.7500000000
4 3 11 540672.000000 0.00000004664665 3 -12.7500000000
4 3 12 589824.000000 0.00000001064030 3 -13.7500000000
4 3 13 638976.000000 0.00000000302539 3 -14.7500000000
4 3 14 688128.000000 0.00000000087854 3 -15.7500000000
4 3 15 737280.000000 0.00000000025190 4 -16.5000000000
4 3 16 786432.000000 0.00000000006170 3 -17.5000000000
4 4 0 0.000000 0.03928880020976 0 -5.0000000000
4 4 1 49152.000000 0.01753121428192 2 -4.5000000000
4 4 2 98304.000000 0.00352199259214 5 -5.0000000000
4 4 3 147456.000000 0.00094314751914 3 -6.0000000000
4 4 4 196608.000000 0.00032309608650 4 -6.7500000000
4 4 5 245760.000000 0.00011490665202 4 -7.5000000000
4 4 6 294912.000000 0.00004728247950 4 -8.2500000000
4 4 7 344064.000000 0.00001361377235 4 -9.0000000000
4 4 8 393216.000000 0.00000432724119 4 -9.7500000000
4 4 9 442368.000000 0.00000108037943 3 -10.7500000000
4 4 10 491520.000000 0.00000028041666 3 -11.7500000000
4 4 11 540672.000000 0.00000006932299 3 -12.7500000000
4 4 12 589824.000000 0.00000001737467 3 -13.7500000000
4 4 13 638976.000000 0.00000000433302 3 -14.7500000000
4 4 14 688128.000000 0.00000000105958 3 -15.7500000000
4 4 15 737280.000000 0.00000000027160 3 -16.7500000000
4 4 16 786432.000000 0.00000000006760 3 -17.7500000000
4 5 0 0.000000 0.03554554283619 0 -5.0000000000
4 5 1 49152.000000 0.01555113494396 1 -4.7500000000
4 5 2 98304.000000 0.00317639647983 5 -5.2500000000
4 5 3 147456.000000 0.00110101420432 3 -6.2500000000
4 5 4 196608.000000 0.00032906912384 5 -6.7500000000
4 5 5 245760.000000 0.00012429086200 4 -7.5000000000
4 5 6 294912.000000 0.00004127017382 4 -8.2500000000
4 5 7 344064.000000 0.00001180500021 4 -9.0000000000
4 5 8 393216.000000 0.00000305332810 3 -10.0000000000
4 5 9 442368.000000 0.00000075705134 3 -11.0000000000
4 5 10 491520.000000 0.00000022166319 3 -12.0000000000
4 5 11 540672.000000 0.00000006431250 4 -12.7500000000
4 5 12 589824.000000 0.00000001636941 3 -13.7500000000
4 5 13 638976.000000 0.00000000452022 3 -14.7500000000
4 5 14 688128.000000 0.00000000107253 3 -15.7500000000
4 5 15 737280.000000 0.00000000028423 3 -16.7500000000
4 5 16 786432.000000 0.00000000006488 3 -17.7500000000
4 6 0 0.000000 0.17400801181793 0 -4.0000000000
4 6 1 49152.000000 0.07524178922176 0 -4.0000000000
4 6 2 98304.000000 0.01339909527451 3 -5.0000000000
4 6 3 147456.000000 0.00373407080770 4 -5.7500000000
4 6 4 196608.000000 0.00141376431566 5 -6.2500000000
4 6 5 245760.000000 0.00052208779380 4 -7.0000000000
4 6 6 294912.000000 0.00018648747937 4 -7.7500000000
4 6 7 344064.000000 0.00005616779890 4 -8.5000000000
4 6 8 393216.000000 0.00001712605990 3 -9.5000000000
4 6 9 442368.000000 0.00000445089336 4 -10.2500000000
4 6 10 491520.000000 0.00000106363245 3 -11.2500000000
4 6 11 540672.000000 0.00000029435219 3 -12.2500000000
4 6 12 589824.000000 0.00000006974101 3 -13.2500000000
4 6 13 638976.000000 0.00000001688352 3 -14.2500000000
4 6 14 688128.000000 0.00000000508894 3 -15.2500000000
4 6 15 737280.000000 0.00000000106809 3 -16.2500000000
4 6 16 786432.000000 0.00000000028565 3 -17.2500000000
4 7 0 0.000000 0.15037027001381 0 -4.0000000000
4 7 1 49152.000000 0.06311661005020 0 -4.0000000000
4 7 2 98304.000000 0.01109542883933 4 -4.7500000000
4 7 3 147456.000000 0.00394238112494 3 -5.7500000000
4 7 4 196608.000000 0.00165726162959 5 -6.2500000000
4 7 5 245760.000000 0.00070369453169 4 -7.0000000000
4 7 6 294912.000000 0.00027339579538 6 -7.2500000000
4 7 7 344064.000000 0.00008628256182 3 -8.2500000000
4 7 8 393216.000000 0.00002658066296 4 -9.0000000000
4 7 9 442368.000000 0.00000679656932 3 -10.0000000000
4 7 10 491520.000000 0.00000148649474 3 -11.0000000000
4 7 11 540672.000000 0.00000039666585 3 -12.0000000000
4 7 12 589824.000000 0.00000009628413 3 -13.0000000000
4 7 13 638976.000000 0.00000002535246 3 -14.0000000000
4 7 14 688128.000000 0.00000000616888 3 -15.0000000000
4 7 15 737280.000000 0.00000000158687 3 -16.0000000000
4 7 16 786432.000000 0.00000000041686 3 -17.0000000000
4 8 0 0.000000 4.82986021041870 0 -3.0000000000
4 8 1 49152.000000 4.28837299346924 0 -3.0000000000
4 8 2 98304.000000 0.51491034030914 3 -4.0000000000
4 8 3 147456.000000 0.13187299668789 6 -4.2500000000
4 8 4 196608.000000 0.04772952944040 4 -5.0000000000
4 8 5 245760.000000 0.01845615170896 4 -5.7500000000
4 8 6 294912.000000 0.00610141316429 5 -6.2500000000
4 8 7 344064.000000 0.00199727015570 3 -7.2500000000
4 8 8 393216.000000 0.00047214169172 4 -8.0000000000
4 8 9 442368.000000 0.00013837858569 3 -9.0000000000
4 8 10 491520.000000 0.00004575907587 4 -9.7500000000
4 8 11 540672.000000 0.00000998455471 3 -10.7500000000
4 8 12 589824.000000 0.00000235765856 3 -11.7500000000
4 8 13 638976.000000 0.00000061574889 3 -12.7500000000
4 8 14 688128.000000 0.00000014930674 3 -13.7500000000
4 8 15 737280.000000 0.00000003741889 3 -14.7500000000
4 8 16 786432.000000 0.00000000932591 3 -15.7500000000
