3 0 0 0.000000 0.00096899195341 0 -6.0000000000
3 0 1 73728.000000 0.00048587622587 0 -6.0000000000
3 0 2 147456.000000 0.00013643740385 6 -6.2500000000
3 0 3 221184.000000 0.00004596963845 4 -7.0000000000
3 0 4 294912.000000 0.00001743614666 4 -7.7500000000
3 0 5 368640.000000 0.00000600045269 5 -8.2500000000
3 0 6 442368.000000 0.00000213307612 4 -9.0000000000
3 0 7 516096.000000 0.00000071753686 4 -9.7500000000
3 0 8 589824.000000 0.00000019022681 3 -10.7500000000
3 0 9 663552.000000 0.00000005873640 4 -11.5000000000
3 0 10 737280.000000 0.00000001373757 3 -12.5000000000
3 0 11 811008.000000 0.00000000357769 3 -13.5000000000
3 0 12 884736.000000 0.00000000092427 3 -14.5000000000
3 0 13 958464.000000 0.00000000021987 3 -15.5000000000
3 0 14 1032192.000000 0.00000000005395 3 -16.5000000000
3 0 15 1105920.000000 0.00000000001453 3 -17.5000000000
3 0 16 1179648.000000 0.00000000000399 3 -18.5000000000
3 1 0 0.000000 0.00252919690683 0 -5.0000000000
3 1 1 73728.000000 0.00143905624282 0 -5.0000000000
3 1 2 147456.000000 0.00033243079088 3 -6.0000000000
3 1 3 221184.000000 0.00011028071458 4 -6.7500000000
3 1 4 294912.000000 0.00003995604493 4 -7.5000000000
3 1 5 368640.000000 0.00001564772901 4 -8.2500000000
3 1 6 442368.000000 0.00000685153600 5 -8.7500000000
3 1 7 516096.000000 0.00000263506172 5 -9.2500000000
3 1 8 589824.000000 0.00000082342149 4 -10.0000000000
3 1 9 663552.000000 0.00000019885003 3 -11.0000000000
3 1 10 737280.000000 0.00000005076777 3 -12.0000000000
3 1 11 811008.000000 0.00000001306030 3 -13.0000000000
3 1 12 884736.000000 0.00000000351696 3 -14.0000000000
3 1 13 958464.000000 0.00000000079630 3 -15.0000000000
3 1 14 1032192.000000 0.00000000020209 3 -16.0000000000
3 1 15 1105920.000000 0.00000000004811 3 -17.0000000000
3 1 16 1179648.000000 0.00000000001259 3 -18.0000000000
3 2 0 0.000000 0.00263933651149 0 -5.0000000000
3 2 1 73728.000000 0.00147772673517 0 -5.0000000000
3 2 2 147456.000000 0.00034952769056 2 -6.2500000000
3 2 3 221184.000000 0.00014323135838 5 -6.7500000000
3 2 4 294912.000000 0.00005929896361 5 -7.2500000000
3 2 5 368640.000000 0.00002368425885 5 -7.7500000000
3 2 6 442368.000000 0.00000760575722 4 -8.5000000000
3 2 7 516096.000000 0.00000229318994 3 -9.5000000000
3 2 8 589824.000000 0.00000056619530 4 -10.2500000000
3 2 9 663552.000000 0.00000017120460 3 -11.2500000000
3 2 10 737280.000000 0.00000005107123 4 -12.0000000000
3 2 11 811008.000000 0.00000001316279 3 -13.0000000000
3 2 12 884736.000000 0.00000000293899 3 -14.0000000000
3 2 13 958464.000000 0.00000000078858 3 -15.0000000000
3 2 14 1032192.000000 0.00000000019739 3 -16.0000000000
3 2 15 1105920.000000 0.00000000005321 3 -17.0000000000
3 2 16 1179648.000000 0.00000000001292 3 -18.0000000000
3 3 0 0.000000 0.01960325799882 0 -5.0000000000
3 3 1 73728.000000 0.00887091830373 1 -4.7500000000
3 3 2 147456.000000 0.00215803366154 4 -5.5000000000
3 3 3 221184.000000 0.00075726071373 4 -6.2500000000
3 3 4 294912.000000 0.00030357835931 5 -6.7500000000
3 3 5 368640.000000 0.00013555401529 4 -7.5000000000
3 3 6 442368.000000 0.00005394632171 5 -8.0000000000
3 3 7 516096.000000 0.00001676484499 4 -8.7500000000
3 3 8 589824.000000 0.00000490335788 4 -9.5000000000
3 3 9 663552.000000 0.00000106853622 3 -10.5000000000
3 3 10 737280.000000 0.00000030321596 3 -11.5000000000
3 3 11 811008.000000 0.00000007852385 3 -12.5000000000
3 3 12 884736.000000 0.00000001943055 3 -13.5000000000
3 3 13 958464.000000 0.00000000537537 3 -14.5000000000
3 3 14 1032192.000000 0.00000000119870 3 -15.5000000000
3 3 15 1105920.000000 0.00000000032085 3 -16.5000000000
3 3 16 1179648.000000 0.00000000006458 3 -17.5000000000
3 4 0 0.000000 0.06193320453167 0 -4.0000000000
3 4 1 73728.000000 0.03494647145271 0 -4.0000000000
3 4 2 147456.000000 0.00896023772657 2 -5.2500000000
3 4 3 221184.000000 0.00377335795201 5 -5.7500000000
3 4 4 294912.000000 0.00161680590827 6 -6.0000000000
3 4 5 368640.000000 0.00070026179310 5 -6.5000000000
3 4 6 442368.000000 0.00021267964621 4 -7.2500000000
3 4 7 516096.000000 0.00006438376295 4 -8.0000000000
3 4 8 589824.000000 0.00001477517981 3 -9.0000000000
3 4 9 663552.000000 0.00000367395273 3 -10.0000000000
3 4 10 737280.000000 0.00000099176987 3 -11.0000000000
3 4 11 811008.000000 0.00000025466244 3 -12.0000000000
3 4 12 884736.000000 0.00000007383897 3 -13.0000000000
3 4 13 958464.000000 0.00000002245375 4 -13.7500000000
3 4 14 1032192.000000 0.00000000517861 3 -14.7500000000
3 4 15 1105920.000000 0.00000000120588 3 -15.7500000000
3 4 16 1179648.000000 0.00000000033984 3 -16.7500000000
3 5 0 0.000000 0.04530543088913 0 -4.0000000000
3 5 1 73728.000000 0.02532077953219 0 -4.0000000000
3 5 2 147456.000000 0.00439225835726 2 -5.2500000000
3 5 3 221184.000000 0.00163039972540 4 -6.0000000000
3 5 4 294912.000000 0.00060551497154 5 -6.5000000000
3 5 5 368640.000000 0.00021516231936 4 -7.2500000000
3 5 6 442368.000000 0.00008421108214 4 -8.0000000000
3 5 7 516096.000000 0.00002942926585 4 -8.7500000000
3 5 8 589824.000000 0.00000627882764 4 -9.5000000000
3 5 9 663552.000000 0.00000170306953 3 -10.5000000000
3 5 10 737280.000000 0.00000047003402 3 -11.5000000000
3 5 11 811008.000000 0.00000012304358 3 -12.5000000000
3 5 12 884736.000000 0.00000003871452 3 -13.5000000000
3 5 13 958464.000000 0.00000000998878 4 -14.2500000000
3 5 14 1032192.000000 0.00000000236719 3 -15.2500000000
3 5 15 1105920.000000 0.00000000058081 3 -16.2500000000
3 5 16 1179648.000000 0.00000000015250 3 -17.2500000000
3 6 0 0.000000 0.33897450566292 0 -4.0000000000
3 6 1 73728.000000 0.16983602941036 0 -4.0000000000
3 6 2 147456.000000 0.02685901336372 4 -4.7500000000
3 6 3 221184.000000 0.00949121918529 5 -5.2500000000
3 6 4 294912.000000 0.00337227107957 4 -6.0000000000
3 6 5 368640.000000 0.00118818134069 4 -6.7500000000
3 6 6 442368.000000 0.00037347903708 4 -7.5000000000
3 6 7 516096.000000 0.00010365484195 4 -8.2500000000
3 6 8 589824.000000 0.00002576083170 3 -9.2500000000
3 6 9 663552.000000 0.00000855627877 3 -10.2500000000
3 6 10 737280.000000 0.00000218003856 4 -11.0000000000
3 6 11 811008.000000 0.00000055143835 3 -12.0000000000
3 6 12 884736.000000 0.00000013432660 3 -13.0000000000
3 6 13 958464.000000 0.00000003405575 3 -14.0000000000
3 6 14 1032192.000000 0.00000000802655 3 -15.0000000000
3 6 15 1105920.000000 0.00000000220180 3 -16.0000000000
3 6 16 1179648.000000 0.00000000052290 3 -17.0000000000
3 7 0 0.000000 0.36336675286293 0 -4.0000000000
3 7 1 73728.000000 0.14998702704906 0 -4.0000000000
3 7 2 147456.000000 0.02657724358141 5 -4.5000000000
3 7 3 221184.000000 0.01040749344975 4 -5.2500000000
3 7 4 294912.000000 0.00406158622354 4 -6.0000000000
3 7 5 368640.000000 0.00151143001858 5 -6.5000000000
3 7 6 442368.000000 0.00059914618032 4 -7.2500000000
3 7 7 516096.000000 0.00021713068418 5 -7.7500000000
3 7 8 589824.000000 0.00005855849304 3 -8.7500000000
3 7 9 663552.000000 0.00001646349119 4 -9.5000000000
3 7 10 737280.000000 0.00000403878767 3 -10.5000000000
3 7 11 811008.000000 0.00000121133519 3 -11.5000000000
3 7 12 884736.000000 0.00000027964131 3 -12.5000000000
3 7 13 958464.000000 0.00000007104320 3 -13.5000000000
3 7 14 1032192.000000 0.00000001714202 3 -14.5000000000
3 7 15 1105920.000000 0.00000000436374 3 -15.5000000000
3 7 16 1179648.000000 0.00000000103564 3 -16.5000000000
3 8 0 0.000000 4.19681072235107 0 -4.0000000000
3 8 1 73728.000000 1.92237603664398 0 -4.0000000000
3 8 2 147456.000000 0.23774483799934 6 -4.2500000000
3 8 3 221184.000000 0.07511157542467 3 -5.2500000000
3 8 4 294912.000000 0.03467834368348 5 -5.7500000000
3 8 5 368640.000000 0.01322543900460 5 -6.2500000000
3 8 6 442368.000000 0.00519194034860 5 -6.7500000000
3 8 7 516096.000000 0.00164863828104 4 -7.5000000000
3 8 8 589824.000000 0.00045586345368 3 -8.5000000000
3 8 9 663552.000000 0.00013221940026 4 -9.2500000000
3 8 10 737280.000000 0.00003344813013 3 -10.2500000000
3 8 11 811008.000000 0.00000811780774 3 -11.2500000000
3 8 12 884736.000000 0.00000232238108 3 -12.2500000000
3 8 13 958464.000000 0.00000052431000 3 -13.2500000000
3 8 14 1032192.000000 0.00000013570468 3 -14.2500000000
3 8 15 1105920.000000 0.00000003523168 3 -15.2500000000
3 8 16 1179648.000000 0.00000000838303 3 -16.2500000000
