1 0 0 0.000000 0.00035108279553 0 -6.0000000000
1 0 1 12288.000000 0.00013176469656 2 -5.5000000000
1 0 2 24576.000000 0.00002974318704 3 -6.5000000000
1 0 3 36864.000000 0.00000869901214 5 -7.0000000000
1 0 4 49152.000000 0.00000296342341 3 -8.0000000000
1 0 5 61440.000000 0.00000095957887 4 -8.7500000000
1 0 6 73728.000000 0.00000026768907 5 -9.2500000000
1 0 7 86016.000000 0.00000007926525 3 -10.2500000000
1 0 8 98304.000000 0.00000002579951 4 -11.0000000000
1 0 9 110592.000000 0.00000000638107 3 -12.0000000000
1 0 10 122880.000000 0.00000000158452 3 -13.0000000000
1 0 11 135168.000000 0.00000000043801 3 -14.0000000000
1 0 12 147456.000000 0.00000000009826 3 -15.0000000000
1 0 13 159744.000000 0.00000000002696 3 -16.0000000000
1 0 14 172032.000000 0.00000000000778 3 -17.0000000000
1 0 15 184320.000000 0.00000000000287 3 -18.0000000000
1 0 16 196608.000000 0.00000000000149 3 -19.0000000000
1 1 0 0.000000 0.00014546445163 0 -6.0000000000
1 1 1 12288.000000 0.00007940139039 1 -5.7500000000
1 1 2 24576.000000 0.00002665060492 4 -6.5000000000
1 1 3 36864.000000 0.00000871444445 5 -7.0000000000
1 1 4 49152.000000 0.00000257925785 4 -7.7500000000
1 1 5 61440.000000 0.00000096938459 4 -8.5000000000
1 1 6 73728.000000 0.00000022551721 3 -9.5000000000
1 1 7 86016.000000 0.00000006667264 3 -10.5000000000
1 1 8 98304.000000 0.00000002119968 4 -11.2500000000
1 1 9 110592.000000 0.00000000456076 3 -12.2500000000
1 1 10 122880.000000 0.00000000121864 3 -13.2500000000
1 1 11 135168.000000 0.00000000029775 3 -14.2500000000
1 1 12 147456.000000 0.00000000008099 3 -15.2500000000
1 1 13 159744.000000 0.00000000001828 3 -16.2500000000
1 1 14 172032.000000 0.00000000000701 3 -17.2500000000
1 1 15 184320.000000 0.00000000000227 3 -18.2500000000
1 1 16 196608.000000 0.00000000000120 3 -19.2500000000
1 2 0 0.000000 0.00012525189959 0 -6.0000000000
1 2 1 12288.000000 0.00008203071775 0 -6.0000000000
1 2 2 24576.000000 0.00002290657540 5 -6.5000000000
1 2 3 36864.000000 0.00000778789763 4 -7.2500000000
1 2 4 49152.000000 0.00000275927096 5 -7.7500000000
1 2 5 61440.000000 0.00000100039404 3 -8.7500000000
1 2 6 73728.000000 0.00000030048744 5 -9.2500000000
1 2 7 86016.000000 0.00000007478882 3 -10.2500000000
1 2 8 98304.000000 0.00000001786973 3 -11.2500000000
1 2 9 110592.000000 0.00000000485285 3 -12.2500000000
1 2 10 122880.000000 0.00000000132928 3 -13.2500000000
1 2 11 135168.000000 0.00000000041405 3 -14.2500000000
1 2 12 147456.000000 0.00000000009998 4 -15.0000000000
1 2 13 159744.000000 0.00000000002767 3 -16.0000000000
1 2 14 172032.000000 0.00000000000827 3 -17.0000000000
1 2 15 184320.000000 0.00000000000264 3 -18.0000000000
1 2 16 196608.000000 0.00000000000137 3 -19.0000000000
1 3 0 0.000000 0.00024307519197 0 -6.0000000000
1 3 1 12288.000000 0.00013041644706 2 -5.5000000000
1 3 2 24576.000000 0.00003353477950 4 -6.2500000000
1 3 3 36864.000000 0.00000956538679 3 -7.2500000000
1 3 4 49152.000000 0.00000287258331 4 -8.0000000000
1 3 5 61440.000000 0.00000087843557 4 -8.7500000000
1 3 6 73728.000000 0.00000027302610 3 -9.7500000000
1 3 7 86016.000000 0.00000007470098 4 -10.5000000000
1 3 8 98304.000000 0.00000001933192 3 -11.5000000000
1 3 9 110592.000000 0.00000000524926 3 -12.5000000000
1 3 10 122880.000000 0.00000000137205 3 -13.5000000000
1 3 11 135168.000000 0.00000000040815 4 -14.2500000000
1 3 12 147456.000000 0.00000000010080 3 -15.2500000000
1 3 13 159744.000000 0.00000000002719 3 -16.2500000000
1 3 14 172032.000000 0.00000000000716 3 -17.2500000000
1 3 15 184320.000000 0.00000000000246 3 -18.2500000000
1 3 16 196608.000000 0.00000000000126 3 -19.2500000000
1 4 0 0.000000 0.00128820829559 0 -5.0000000000
1 4 1 12288.000000 0.00082902592840 0 -5.0000000000
1 4 2 24576.000000 0.00012296868954 3 -6.0000000000
1 4 3 36864.000000 0.00003405767711 3 -7.0000000000
1 4 4 49152.000000 0.00001196947323 5 -7.5000000000
1 4 5 61440.000000 0.00000353677660 4 -8.2500000000
1 4 6 73728.000000 0.00000095359400 3 -9.2500000000
1 4 7 86016.000000 0.00000022549618 3 -10.2500000000
1 4 8 98304.000000 0.00000008290453 4 -11.0000000000
1 4 9 110592.000000 0.00000002037149 3 -12.0000000000
1 4 10 122880.000000 0.00000000420581 3 -13.0000000000
1 4 11 135168.000000 0.00000000126465 3 -14.0000000000
1 4 12 147456.000000 0.00000000031039 3 -15.0000000000
1 4 13 159744.000000 0.00000000008446 3 -16.0000000000
1 4 14 172032.000000 0.00000000002244 3 -17.0000000000
1 4 15 184320.000000 0.00000000000621 3 -18.0000000000
1 4 16 196608.000000 0.00000000000206 3 -19.0000000000
1 5 0 0.000000 0.00122948666103 0 -5.0000000000
1 5 1 12288.000000 0.00077058013994 0 -5.0000000000
1 5 2 24576.000000 0.00015400907432 2 -6.2500000000
1 5 3 36864.000000 0.00004567200085 4 -7.0000000000
1 5 4 49152.000000 0.00001352032996 5 -7.5000000000
1 5 5 61440.000000 0.00000523517474 3 -8.5000000000
1 5 6 73728.000000 0.00000154923691 5 -9.0000000000
1 5 7 86016.000000 0.00000044680576 3 -10.0000000000
1 5 8 98304.000000 0.00000014469961 4 -10.7500000000
1 5 9 110592.000000 0.00000003613017 3 -11.7500000000
1 5 10 122880.000000 0.00000000953757 4 -12.5000000000
1 5 11 135168.000000 0.00000000303993 3 -13.5000000000
1 5 12 147456.000000 0.00000000074379 3 -14.5000000000
1 5 13 159744.000000 0.00000000017498 3 -15.5000000000
1 5 14 172032.000000 0.00000000003656 3 -16.5000000000
1 5 15 184320.000000 0.00000000001229 3 -17.5000000000
1 5 16 196608.000000 0.00000000000415 3 -18.5000000000
1 6 0 0.000000 0.00089211296290 0 -5.0000000000
1 6 1 12288.000000 0.00055891211377 0 -5.0000000000
1 6 2 24576.000000 0.00014349905541 3 -6.0000000000
1 6 3 36864.000000 0.00004485497993 5 -6.5000000000
1 6 4 49152.000000 0.00001718250132 3 -7.5000000000
1 6 5 61440.000000 0.00000555645511 5 -8.0000000000
1 6 6 73728.000000 0.00000187382193 4 -8.7500000000
1 6 7 86016.000000 0.00000065019003 4 -9.5000000000
1 6 8 98304.000000 0.00000017099218 4 -10.2500000000
1 6 9 110592.000000 0.00000004566583 3 -11.2500000000
1 6 10 122880.000000 0.00000001274238 3 -12.2500000000
1 6 11 135168.000000 0.00000000270899 3 -13.2500000000
1 6 12 147456.000000 0.00000000071030 3 -14.2500000000
1 6 13 159744.000000 0.00000000017930 3 -15.2500000000
1 6 14 172032.000000 0.00000000004810 3 -16.2500000000
1 6 15 184320.000000 0.00000000001325 3 -17.2500000000
1 6 16 196608.000000 0.00000000000387 3 -18.2500000000
1 7 0 0.000000 0.00096092635067 0 -5.0000000000
1 7 1 12288.000000 0.00052150856936 0 -5.0000000000
1 7 2 24576.000000 0.00014362545335 3 -6.0000000000
1 7 3 36864.000000 0.00004674675802 5 -6.5000000000
1 7 4 49152.000000 0.00001582098776 4 -7.2500000000
1 7 5 61440.000000 0.00000526128133 4 -8.0000000000
1 7 6 73728.000000 0.00000153053475 4 -8.7500000000
1 7 7 86016.000000 0.00000043446778 3 -9.7500000000
1 7 8 98304.000000 0.00000013146213 3 -10.7500000000
1 7 9 110592.000000 0.00000003188847 4 -11.5000000000
1 7 10 122880.000000 0.00000000787641 3 -12.5000000000
1 7 11 135168.000000 0.00000000201853 3 -13.5000000000
1 7 12 147456.000000 0.00000000051813 3 -14.5000000000
1 7 13 159744.000000 0.00000000013587 3 -15.5000000000
1 7 14 172032.000000 0.00000000003157 3 -16.5000000000
1 7 15 184320.000000 0.00000000000915 3 -17.5000000000
1 7 16 196608.000000 0.00000000000298 3 -18.5000000000
1 8 0 0.000000 0.00090052117594 0 -5.0000000000
1 8 1 12288.000000 0.00047563770204 0 -5.0000000000
1 8 2 24576.000000 0.00014716379519 4 -5.7500000000
1 8 3 36864.000000 0.00004760476077 4 -6.5000000000
1 8 4 49152.000000 0.00001566604260 4 -7.2500000000
1 8 5 61440.000000 0.00000475965408 4 -8.0000000000
1 8 6 73728.000000 0.00000150711003 4 -8.7500000000
1 8 7 86016.000000 0.00000040092658 3 -9.7500000000
1 8 8 98304.000000 0.00000011849527 4 -10.5000000000
1 8 9 110592.000000 0.00000003176168 3 -11.5000000000
1 8 10 122880.000000 0.00000000795959 3 -12.5000000000
1 8 11 135168.000000 0.00000000194522 3 -13.5000000000
1 8 12 147456.000000 0.00000000050017 3 -14.5000000000
1 8 13 159744.000000 0.00000000011462 3 -15.5000000000
1 8 14 172032.000000 0.00000000003214 3 -16.5000000000
1 8 15 184320.000000 0.00000000000924 3 -17.5000000000
1 8 16 196608.000000 0.00000000000289 3 -18.5000000000
1 9 0 0.000000 0.00092825270258 0 -5.0000000000
1 9 1 12288.000000 0.00051945133600 0 -5.0000000000
1 9 2 24576.000000 0.00013622136612 4 -5.7500000000
1 9 3 36864.000000 0.00004485724276 4 -6.5000000000
1 9 4 49152.000000 0.00001601865006 4 -7.2500000000
1 9 5 61440.000000 0.00000537113556 4 -8.0000000000
1 9 6 73728.000000 0.00000163448851 4 -8.7500000000
1 9 7 86016.000000 0.00000050368772 4 -9.5000000000
1 9 8 98304.000000 0.00000012532725 3 -10.5000000000
1 9 9 110592.000000 0.00000003119964 3 -11.5000000000
1 9 10 122880.000000 0.00000000799416 3 -12.5000000000
1 9 11 135168.000000 0.00000000204345 3 -13.5000000000
1 9 12 147456.000000 0.00000000046905 3 -14.5000000000
1 9 13 159744.000000 0.00000000012373 3 -15.5000000000
1 9 14 172032.000000 0.00000000003264 3 -16.5000000000
1 9 15 184320.000000 0.00000000000814 3 -17.5000000000
1 9 16 196608.000000 0.00000000000329 3 -18.5000000000
1 10 0 0.000000 0.00280742789619 0 -5.0000000000
1 10 1 12288.000000 0.00183204084169 0 -5.0000000000
1 10 2 24576.000000 0.00057505606674 4 -5.7500000000
1 10 3 36864.000000 0.00017762159405 6 -6.0000000000
1 10 4 49152.000000 0.00006106414367 5 -6.5000000000
1 10 5 61440.000000 0.00001805597822 4 -7.2500000000
1 10 6 73728.000000 0.00000500311535 3 -8.2500000000
1 10 7 86016.000000 0.00000163200457 3 -9.2500000000
1 10 8 98304.000000 0.00000042105552 4 -10.0000000000
1 10 9 110592.000000 0.00000010548533 3 -11.0000000000
1 10 10 122880.000000 0.00000002728583 3 -12.0000000000
1 10 11 135168.000000 0.00000000634053 3 -13.0000000000
1 10 12 147456.000000 0.00000000169190 3 -14.0000000000
1 10 13 159744.000000 0.00000000037390 3 -15.0000000000
1 10 14 172032.000000 0.00000000009092 3 -16.0000000000
1 10 15 184320.000000 0.00000000002683 3 -17.0000000000
1 10 16 196608.000000 0.00000000000720 3 -18.0000000000
1 11 0 0.000000 0.00214432878420 0 -5.0000000000
1 11 1 12288.000000 0.00110592984129 1 -4.7500000000
1 11 2 24576.000000 0.00032889368595 5 -5.2500000000
1 11 3 36864.000000 0.00012256440823 4 -6.0000000000
1 11 4 49152.000000 0.00004161891775 4 -6.7500000000
1 11 5 61440.000000 0.00001590732063 4 -7.5000000000
1 11 6 73728.000000 0.00000516522778 4 -8.2500000000
1 11 7 86016.000000 0.00000172352509 4 -9.0000000000
1 11 8 98304.000000 0.00000048223262 4 -9.7500000000
1 11 9 110592.000000 0.00000011710443 3 -10.7500000000
1 11 10 122880.000000 0.00000002821803 3 -11.7500000000
1 11 11 135168.000000 0.00000000740743 3 -12.7500000000
1 11 12 147456.000000 0.00000000175227 3 -13.7500000000
1 11 13 159744.000000 0.00000000039893 3 -14.7500000000
1 11 14 172032.000000 0.00000000012263 3 -15.7500000000
1 11 15 184320.000000 0.00000000002769 3 -16.7500000000
1 11 16 196608.000000 0.00000000000770 3 -17.7500000000
1 12 0 0.000000 0.02175732888281 0 -4.0000000000
1 12 1 12288.000000 0.01255166530609 1 -3.7500000000
1 12 2 24576.000000 0.00170586607419 2 -5.0000000000
1 12 3 36864.000000 0.00055684760446 5 -5.5000000000
1 12 4 49152.000000 0.00024953702814 3 -6.5000000000
1 12 5 61440.000000 0.00007973113679 4 -7.2500000000
1 12 6 73728.000000 0.00002198126640 5 -7.7500000000
1 12 7 86016.000000 0.00000722153118 3 -8.7500000000
1 12 8 98304.000000 0.00000165120946 3 -9.7500000000
1 12 9 110592.000000 0.00000042568490 4 -10.5000000000
1 12 10 122880.000000 0.00000010906368 3 -11.5000000000
1 12 11 135168.000000 0.00000003081545 3 -12.5000000000
1 12 12 147456.000000 0.00000000722543 3 -13.5000000000
1 12 13 159744.000000 0.00000000166631 3 -14.5000000000
1 12 14 172032.000000 0.00000000045500 3 -15.5000000000
1 12 15 184320.000000 0.00000000010003 3 -16.5000000000
1 12 16 196608.000000 0.00000000002721 3 -17.5000000000
1 13 0 0.000000 0.01252989098430 0 -4.0000000000
1 13 1 12288.000000 0.00802886579186 0 -4.0000000000
1 13 2 24576.000000 0.00249067437835 1 -5.5000000000
1 13 3 36864.000000 0.00060160143767 7 -5.5000000000
1 13 4 49152.000000 0.00020845991094 5 -6.0000000000
1 13 5 61440.000000 0.00005537453035 3 -7.0000000000
1 13 6 73728.000000 0.00001916443762 3 -8.0000000000
1 13 7 86016.000000 0.00000453926896 4 -8.7500000000
1 13 8 98304.000000 0.00000127131557 3 -9.7500000000
1 13 9 110592.000000 0.00000038244673 3 -10.7500000000
1 13 10 122880.000000 0.00000010354765 4 -11.5000000000
1 13 11 135168.000000 0.00000002368460 3 -12.5000000000
1 13 12 147456.000000 0.00000000559775 3 -13.5000000000
1 13 13 159744.000000 0.00000000140192 3 -14.5000000000
1 13 14 172032.000000 0.00000000030874 3 -15.5000000000
1 13 15 184320.000000 0.00000000008477 3 -16.5000000000
1 13 16 196608.000000 0.00000000002555 3 -17.5000000000
1 14 0 0.000000 0.02537328191102 0 -4.0000000000
1 14 1 12288.000000 0.01353552844375 0 -4.0000000000
1 14 2 24576.000000 0.00226249080151 3 -5.0000000000
1 14 3 36864.000000 0.00069260824239 5 -5.5000000000
1 14 4 49152.000000 0.00028238989762 3 -6.5000000000
1 14 5 61440.000000 0.00008998850535 5 -7.0000000000
1 14 6 73728.000000 0.00003141001798 4 -7.7500000000
1 14 7 86016.000000 0.00000744653744 3 -8.7500000000
1 14 8 98304.000000 0.00000304300397 4 -9.5000000000
1 14 9 110592.000000 0.00000062623695 3 -10.5000000000
1 14 10 122880.000000 0.00000019614099 3 -11.5000000000
1 14 11 135168.000000 0.00000005632606 3 -12.5000000000
1 14 12 147456.000000 0.00000001221371 3 -13.5000000000
1 14 13 159744.000000 0.00000000273236 3 -14.5000000000
1 14 14 172032.000000 0.00000000063891 3 -15.5000000000
1 14 15 184320.000000 0.00000000022349 3 -16.5000000000
1 14 16 196608.000000 0.00000000003907 3 -17.5000000000
1 15 0 0.000000 0.01411067787558 0 -4.0000000000
1 15 1 12288.000000 0.00698346970603 0 -4.0000000000
1 15 2 24576.000000 0.00156435428653 4 -4.7500000000
1 15 3 36864.000000 0.00059664563742 5 -5.2500000000
1 15 4 49152.000000 0.00020880761440 4 -6.0000000000
1 15 5 61440.000000 0.00006474668771 3 -7.0000000000
1 15 6 73728.000000 0.00002108746594 4 -7.7500000000
1 15 7 86016.000000 0.00000544100885 4 -8.5000000000
1 15 8 98304.000000 0.00000152344865 3 -9.5000000000
1 15 9 110592.000000 0.00000037490022 3 -10.5000000000
1 15 10 122880.000000 0.00000011772295 3 -11.5000000000
1 15 11 135168.000000 0.00000003267111 4 -12.2500000000
1 15 12 147456.000000 0.00000000817132 3 -13.2500000000
1 15 13 159744.000000 0.00000000190712 3 -14.2500000000
1 15 14 172032.000000 0.00000000046890 3 -15.2500000000
1 15 15 184320.000000 0.00000000012503 3 -16.2500000000
1 15 16 196608.000000 0.00000000003040 3 -17.2500000000
1 16 0 0.000000 0.01765290461481 0 -4.0000000000
1 16 1 12288.000000 0.00970909092575 0 -4.0000000000
1 16 2 24576.000000 0.00217456836253 4 -4.7500000000
1 16 3 36864.000000 0.00084627128672 4 -5.5000000000
1 16 4 49152.000000 0.00024780599051 5 -6.0000000000
1 16 5 61440.000000 0.00008779751806 3 -7.0000000000
1 16 6 73728.000000 0.00002251445585 4 -7.7500000000
1 16 7 86016.000000 0.00000699838210 3 -8.7500000000
1 16 8 98304.000000 0.00000182085500 4 -9.5000000000
1 16 9 110592.000000 0.00000051983437 3 -10.5000000000
1 16 10 122880.000000 0.00000011412412 3 -11.5000000000
1 16 11 135168.000000 0.00000003457705 3 -12.5000000000
1 16 12 147456.000000 0.00000000723800 3 -13.5000000000
1 16 13 159744.000000 0.00000000210065 3 -14.5000000000
1 16 14 172032.000000 0.00000000047314 3 -15.5000000000
1 16 15 184320.000000 0.00000000012207 3 -16.5000000000
1 16 16 196608.000000 0.00000000003392 3 -17.5000000000
1 17 0 0.000000 0.02073720470071 0 -4.0000000000
1 17 1 12288.000000 0.01007122080773 0 -4.0000000000
1 17 2 24576.000000 0.00261853705160 5 -4.5000000000
1 17 3 36864.000000 0.00080296793021 3 -5.5000000000
1 17 4 49152.000000 0.00026331600384 5 -6.0000000000
1 17 5 61440.000000 0.00008850203449 4 -6.7500000000
1 17 6 73728.000000 0.00002659922757 3 -7.7500000000
1 17 7 86016.000000 0.00000761066212 4 -8.5000000000
1 17 8 98304.000000 0.00000231992476 4 -9.2500000000
1 17 9 110592.000000 0.00000059824259 3 -10.2500000000
1 17 10 122880.000000 0.00000014402809 3 -11.2500000000
1 17 11 135168.000000 0.00000003949379 3 -12.2500000000
1 17 12 147456.000000 0.00000000940442 3 -13.2500000000
1 17 13 159744.000000 0.00000000235895 3 -14.2500000000
1 17 14 172032.000000 0.00000000058647 3 -15.2500000000
1 17 15 184320.000000 0.00000000014243 3 -16.2500000000
1 17 16 196608.000000 0.00000000003842 3 -17.2500000000
1 18 0 0.000000 0.02033555880189 0 -4.0000000000
1 18 1 12288.000000 0.00994229223579 0 -4.0000000000
1 18 2 24576.000000 0.00257675466128 5 -4.5000000000
1 18 3 36864.000000 0.00077660247916 3 -5.5000000000
1 18 4 49152.000000 0.00022841316240 5 -6.0000000000
1 18 5 61440.000000 0.00007214737707 4 -6.7500000000
1 18 6 73728.000000 0.00001986845200 3 -7.7500000000
1 18 7 86016.000000 0.00000669087331 4 -8.5000000000
1 18 8 98304.000000 0.00000167411463 3 -9.5000000000
1 18 9 110592.000000 0.00000051331403 4 -10.2500000000
1 18 10 122880.000000 0.00000015432552 3 -11.2500000000
1 18 11 135168.000000 0.00000003743005 3 -12.2500000000
1 18 12 147456.000000 0.00000001014200 3 -13.2500000000
1 18 13 159744.000000 0.00000000223823 3 -14.2500000000
1 18 14 172032.000000 0.00000000053424 3 -15.2500000000
1 18 15 184320.000000 0.00000000013986 3 -16.2500000000
1 18 16 196608.000000 0.00000000003480 3 -17.2500000000
1 19 0 0.000000 0.10254120081663 0 -4.0000000000
1 19 1 12288.000000 0.05536529421806 2 -3.5000000000
1 19 2 24576.000000 0.01673551835120 4 -4.2500000000
1 19 3 36864.000000 0.00619489280507 5 -4.7500000000
1 19 4 49152.000000 0.00178442837205 5 -5.2500000000
1 19 5 61440.000000 0.00058242789237 4 -6.0000000000
1 19 6 73728.000000 0.00016581243835 3 -7.0000000000
1 19 7 86016.000000 0.00004580810855 4 -7.7500000000
1 19 8 98304.000000 0.00001037428501 3 -8.7500000000
1 19 9 110592.000000 0.00000254687939 3 -9.7500000000
1 19 10 122880.000000 0.00000067543482 3 -10.7500000000
1 19 11 135168.000000 0.00000016882534 3 -11.7500000000
1 19 12 147456.000000 0.00000003950965 3 -12.7500000000
1 19 13 159744.000000 0.00000001138640 3 -13.7500000000
1 19 14 172032.000000 0.00000000291921 3 -14.7500000000
1 19 15 184320.000000 0.00000000072485 3 -15.7500000000
1 19 16 196608.000000 0.00000000017844 3 -16.7500000000
1 20 0 0.000000 0.68310379981995 0 -3.0000000000
1 20 1 12288.000000 0.41430327296257 0 -3.0000000000
1 20 2 24576.000000 0.07814756780863 5 -3.5000000000
1 20 3 36864.000000 0.01666454412043 3 -4.5000000000
1 20 4 49152.000000 0.00531696574762 4 -5.2500000000
1 20 5 61440.000000 0.00161711347755 4 -6.0000000000
1 20 6 73728.000000 0.00059091596631 4 -6.7500000000
1 20 7 86016.000000 0.00021884040325 4 -7.5000000000
1 20 8 98304.000000 0.00004394300049 3 -8.5000000000
1 20 9 110592.000000 0.00001185387009 3 -9.5000000000
1 20 10 122880.000000 0.00000241642738 3 -10.5000000000
1 20 11 135168.000000 0.00000071488461 3 -11.5000000000
1 20 12 147456.000000 0.00000016765672 3 -12.5000000000
1 20 13 159744.000000 0.00000003276713 3 -13.5000000000
1 20 14 172032.000000 0.00000000893547 3 -14.5000000000
1 20 15 184320.000000 0.00000000226984 3 -15.5000000000
1 20 16 196608.000000 0.00000000063886 3 -16.5000000000
1 21 0 0.000000 0.47830408811569 0 -3.0000000000
1 21 1 12288.000000 0.33947098255157 0 -3.0000000000
1 21 2 24576.000000 0.06362200528383 3 -4.0000000000
1 21 3 36864.000000 0.01238223351538 4 -4.7500000000
1 21 4 49152.000000 0.00293562840670 5 -5.2500000000
1 21 5 61440.000000 0.00119288347196 3 -6.2500000000
1 21 6 73728.000000 0.00029044880648 4 -7.0000000000
1 21 7 86016.000000 0.00010002608906 3 -8.0000000000
1 21 8 98304.000000 0.00002360735380 4 -8.7500000000
1 21 9 110592.000000 0.00000623974483 3 -9.7500000000
1 21 10 122880.000000 0.00000147613002 3 -10.7500000000
1 21 11 135168.000000 0.00000031743079 3 -11.7500000000
1 21 12 147456.000000 0.00000009202272 3 -12.7500000000
1 21 13 159744.000000 0.00000002226332 3 -13.7500000000
1 21 14 172032.000000 0.00000000556244 3 -14.7500000000
1 21 15 184320.000000 0.00000000123651 3 -15.7500000000
1 21 16 196608.000000 0.00000000040225 3 -16.7500000000
1 22 0 0.000000 0.45686879754066 0 -3.0000000000
1 22 1 12288.000000 0.16237072646618 2 -2.5000000000
1 22 2 24576.000000 0.03642547875643 4 -3.2500000000
1 22 3 36864.000000 0.01219986192882 4 -4.0000000000
1 22 4 49152.000000 0.00396856945008 4 -4.7500000000
1 22 5 61440.000000 0.00125544855837 4 -5.5000000000
1 22 6 73728.000000 0.00039940795978 4 -6.2500000000
1 22 7 86016.000000 0.00010993066098 3 -7.2500000000
1 22 8 98304.000000 0.00003537003795 3 -8.2500000000
1 22 9 110592.000000 0.00000886229282 4 -9.0000000000
1 22 10 122880.000000 0.00000229242687 3 -10.0000000000
1 22 11 135168.000000 0.00000053986048 3 -11.0000000000
1 22 12 147456.000000 0.00000014310844 3 -12.0000000000
1 22 13 159744.000000 0.00000003267966 3 -13.0000000000
1 22 14 172032.000000 0.00000000943989 3 -14.0000000000
1 22 15 184320.000000 0.00000000242225 3 -15.0000000000
1 22 16 196608.000000 0.00000000067512 3 -16.0000000000
1 23 0 0.000000 0.48643687367439 0 -3.0000000000
1 23 1 12288.000000 0.18810060620308 0 -3.0000000000
1 23 2 24576.000000 0.04488370940089 5 -3.5000000000
1 23 3 36864.000000 0.01367980334908 5 -4.0000000000
1 23 4 49152.000000 0.00484229018912 4 -4.7500000000
1 23 5 61440.000000 0.00178063870408 5 -5.2500000000
1 23 6 73728.000000 0.00052542582853 3 -6.2500000000
1 23 7 86016.000000 0.00016284025332 4 -7.0000000000
1 23 8 98304.000000 0.00004435259325 3 -8.0000000000
1 23 9 110592.000000 0.00001559099110 4 -8.7500000000
1 23 10 122880.000000 0.00000301427417 3 -9.7500000000
1 23 11 135168.000000 0.00000079783501 3 -10.7500000000
1 23 12 147456.000000 0.00000023214400 3 -11.7500000000
1 23 13 159744.000000 0.00000005045507 3 -12.7500000000
1 23 14 172032.000000 0.00000001263178 3 -13.7500000000
1 23 15 184320.000000 0.00000000320926 3 -14.7500000000
1 23 16 196608.000000 0.00000000085285 3 -15.7500000000
1 24 0 0.000000 5.70895862579346 0 -2.0000000000
1 24 1 12288.000000 4.45372581481934 0 -2.0000000000
1 24 2 24576.000000 0.91256773471832 2 -3.2500000000
1 24 3 36864.000000 0.20988611876965 6 -3.5000000000
1 24 4 49152.000000 0.04961199313402 4 -4.2500000000
1 24 5 61440.000000 0.01251989975572 3 -5.2500000000
1 24 6 73728.000000 0.00457647116855 4 -6.0000000000
1 24 7 86016.000000 0.00133263273165 3 -7.0000000000
1 24 8 98304.000000 0.00046219871729 4 -7.7500000000
1 24 9 110592.000000 0.00009137995949 3 -8.7500000000
1 24 10 122880.000000 0.00002256367225 3 -9.7500000000
1 24 11 135168.000000 0.00000556786381 3 -10.7500000000
1 24 12 147456.000000 0.00000173859144 3 -11.7500000000
1 24 13 159744.000000 0.00000038038246 3 -12.7500000000
1 24 14 172032.000000 0.00000013020768 4 -13.5000000000
1 24 15 184320.000000 0.00000002426336 2 -14.7500000000
1 24 16 196608.000000 0.00000000518370 3 -15.7500000000
