0 0 0 0.000000 0.00000180274992 0 0.0000000000
0 0 1 288.000000 0.00000078696422 0 0.0000000000
0 0 2 576.000000 0.00000010282051 4 -0.7500000000
0 0 3 864.000000 0.00000002801233 4 -1.5000000000
0 0 4 1152.000000 0.00000000639574 3 -2.5000000000
0 0 5 1440.000000 0.00000000194932 2 -3.7500000000
0 0 6 1728.000000 0.00000000042565 4 -4.5000000000
0 0 7 2016.000000 0.00000000016397 3 -5.5000000000
0 0 8 2304.000000 0.00000000003555 3 -6.5000000000
0 0 9 2592.000000 0.00000000000668 3 -7.5000000000
0 0 10 2880.000000 0.00000000000282 3 -8.5000000000
0 0 11 3168.000000 0.00000000000137 3 -9.5000000000
0 0 12 3456.000000 0.00000000000097 3 -10.5000000000
0 0 13 3744.000000 0.00000000000084 3 -11.5000000000
0 0 14 4032.000000 0.00000000000063 3 -12.5000000000
0 0 15 4320.000000 0.00000000000051 3 -13.5000000000
0 0 16 4608.000000 0.00000000000045 3 -14.5000000000
0 1 0 0.000000 0.00000227486248 0 1.0000000000
0 1 1 288.000000 0.00000126283510 0 1.0000000000
0 1 2 576.000000 0.00000051643929 3 0.0000000000
0 1 3 864.000000 0.00000019984526 6 -0.2500000000
0 1 4 1152.000000 0.00000008803631 5 -0.7500000000
0 1 5 1440.000000 0.00000002577292 5 -1.2500000000
0 1 6 1728.000000 0.00000000602530 3 -2.2500000000
0 1 7 2016.000000 0.00000000190022 3 -3.2500000000
0 1 8 2304.000000 0.00000000044864 4 -4.0000000000
0 1 9 2592.000000 0.00000000009847 2 -5.2500000000
0 1 10 2880.000000 0.00000000002884 3 -6.2500000000
0 1 11 3168.000000 0.00000000000689 3 -7.2500000000
0 1 12 3456.000000 0.00000000000299 3 -8.2500000000
0 1 13 3744.000000 0.00000000000116 3 -9.2500000000
0 1 14 4032.000000 0.00000000000095 3 -10.2500000000
0 1 15 4320.000000 0.00000000000073 4 -11.0000000000
0 1 16 4608.000000 0.00000000000060 2 -12.2500000000
