0 0 0 0.000000 2.95845413208008 0 -1.0000000000
0 0 1 288.000000 1.79173922538757 0 -1.0000000000
0 0 2 576.000000 1.32991027832031 5 -1.5000000000
0 0 3 864.000000 0.84723639488220 0 -3.2500000000
0 0 4 1152.000000 0.36706730723381 3 -3.7500000000
0 0 5 1440.000000 0.12949807941914 3 -4.5000000000
0 0 6 1728.000000 0.03711465373635 3 -5.2500000000
0 0 7 2016.000000 0.01737898029387 3 -6.2500000000
0 0 8 2304.000000 0.00324483192526 3 -7.0000000000
0 0 9 2592.000000 0.00130725919735 3 -8.0000000000
0 0 10 2880.000000 0.00018703957903 3 -9.0000000000
0 1 0 0.000000 1.99115514755249 0 -1.0000000000
0 1 1 288.000000 0.59925889968872 0 -1.0000000000
0 1 2 576.000000 0.13722951710224 4 -1.7500000000
0 1 3 864.000000 0.06769495457411 4 -2.5000000000
0 1 4 1152.000000 0.01481600943953 4 -3.2500000000
0 1 5 1440.000000 0.00495149521157 3 -4.2500000000
0 1 6 1728.000000 0.00115076615475 3 -5.2500000000
0 1 7 2016.000000 0.00048563306336 4 -6.0000000000
0 1 8 2304.000000 0.00009492772369 3 -7.0000000000
0 1 9 2592.000000 0.00002450044849 3 -8.0000000000
0 1 10 2880.000000 0.00000627252166 3 -9.0000000000
0 2 0 0.000000 0.57562196254730 0 -2.0000000000
0 2 1 288.000000 0.23897293210030 0 -2.0000000000
0 2 2 576.000000 0.10223957151175 4 -2.7500000000
0 2 3 864.000000 0.08239483088255 2 -3.7500000000
0 2 4 1152.000000 0.04001345112920 2 -4.5000000000
0 2 5 1440.000000 0.01204257458448 4 -4.5000000000
0 2 6 1728.000000 0.00838903896511 3 -5.5000000000
0 2 7 2016.000000 0.00144759821706 4 -6.2500000000
0 2 8 2304.000000 0.00025543724769 3 -7.2500000000
0 2 9 2592.000000 0.00010742011364 3 -8.2500000000
0 2 10 2880.000000 0.00002816216147 3 -9.2500000000
0 3 0 0.000000 0.05981146916747 0 -1.0000000000
0 3 1 288.000000 0.03449108824134 0 -1.0000000000
0 3 2 576.000000 0.02492473646998 3 -1.2500000000
0 3 3 864.000000 0.01218523923308 2 -2.5000000000
0 3 4 1152.000000 0.00378372287378 2 -3.2500000000
0 3 5 1440.000000 0.00133665313479 4 -3.7500000000
0 3 6 1728.000000 0.00032634619856 3 -4.7500000000
0 3 7 2016.000000 0.00009833226795 3 -5.7500000000
0 3 8 2304.000000 0.00002639050945 3 -6.7500000000
0 3 9 2592.000000 0.00000685391979 3 -7.7500000000
0 3 10 2880.000000 0.00000166430141 4 -8.5000000000
