2 0 0 0.000000 4.41636705398560 0 -4.0000000000
2 0 1 98304.000000 4.24437856674194 5 -2.7500000000
2 0 2 196608.000000 0.81973552703857 0 -4.5000000000
2 0 3 294912.000000 0.28101110458374 4 -5.2500000000
2 0 4 393216.000000 0.08997678756714 7 -5.2500000000
2 0 5 491520.000000 0.02556101977825 3 -6.2500000000
2 0 6 589824.000000 0.00956612825394 4 -7.0000000000
2 0 7 688128.000000 0.00267684296705 4 -7.7500000000
2 0 8 786432.000000 0.00069264828926 3 -8.7500000000
2 0 9 884736.000000 0.00022708282631 3 -9.7500000000
2 0 10 983040.000000 0.00006201484939 4 -10.5000000000
2 0 11 1081344.000000 0.00001293507012 3 -11.5000000000
2 0 12 1179648.000000 0.00000399923601 3 -12.5000000000
2 0 13 1277952.000000 0.00000083896646 3 -13.5000000000
2 0 14 1376256.000000 0.00000023918903 3 -14.5000000000
2 0 15 1474560.000000 0.00000005582480 3 -15.5000000000
2 0 16 1572864.000000 0.00000001579322 3 -16.5000000000
2 1 0 0.000000 0.56868338584900 0 -4.0000000000
2 1 1 98304.000000 0.25682190060616 0 -4.0000000000
2 1 2 196608.000000 0.04309729859233 6 -4.2500000000
2 1 3 294912.000000 0.01351868920028 5 -4.7500000000
2 1 4 393216.000000 0.00558886770159 5 -5.2500000000
2 1 5 491520.000000 0.00191389955580 3 -6.2500000000
2 1 6 589824.000000 0.00063812447479 5 -6.7500000000
2 1 7 688128.000000 0.00016541856166 3 -7.7500000000
2 1 8 786432.000000 0.00005300045450 3 -8.7500000000
2 1 9 884736.000000 0.00001431708915 4 -9.5000000000
2 1 10 983040.000000 0.00000381431482 3 -10.5000000000
2 1 11 1081344.000000 0.00000098609110 3 -11.5000000000
2 1 12 1179648.000000 0.00000020263191 3 -12.5000000000
2 1 13 1277952.000000 0.00000005750582 3 -13.5000000000
2 1 14 1376256.000000 0.00000001357885 3 -14.5000000000
2 1 15 1474560.000000 0.00000000348168 3 -15.5000000000
2 1 16 1572864.000000 0.00000000083077 3 -16.5000000000
2 2 0 0.000000 0.20334863662720 0 -4.0000000000
2 2 1 98304.000000 0.09303263574839 0 -4.0000000000
2 2 2 196608.000000 0.00916091445833 3 -5.0000000000
2 2 3 294912.000000 0.00293849734589 5 -5.5000000000
2 2 4 393216.000000 0.00131494924426 4 -6.2500000000
2 2 5 491520.000000 0.00068713334622 4 -7.0000000000
2 2 6 589824.000000 0.00027827150188 6 -7.2500000000
2 2 7 688128.000000 0.00009178525943 5 -7.7500000000
2 2 8 786432.000000 0.00002835219129 4 -8.5000000000
2 2 9 884736.000000 0.00000791947605 3 -9.5000000000
2 2 10 983040.000000 0.00000214271881 3 -10.5000000000
2 2 11 1081344.000000 0.00000065895011 4 -11.2500000000
2 2 12 1179648.000000 0.00000017211072 3 -12.2500000000
2 2 13 1277952.000000 0.00000004402482 3 -13.2500000000
2 2 14 1376256.000000 0.00000001187567 3 -14.2500000000
2 2 15 1474560.000000 0.00000000303708 3 -15.2500000000
2 2 16 1572864.000000 0.00000000075342 3 -16.2500000000
2 3 0 0.000000 0.48389035463333 0 -4.0000000000
2 3 1 98304.000000 0.26400423049927 0 -4.0000000000
2 3 2 196608.000000 0.02908201143146 5 -4.5000000000
2 3 3 294912.000000 0.00843853503466 4 -5.2500000000
2 3 4 393216.000000 0.00296121928841 4 -6.0000000000
2 3 5 491520.000000 0.00113321025856 4 -6.7500000000
2 3 6 589824.000000 0.00044432678260 5 -7.2500000000
2 3 7 688128.000000 0.00017967689200 4 -8.0000000000
2 3 8 786432.000000 0.00004982994506 4 -8.7500000000
2 3 9 884736.000000 0.00001141772191 3 -9.7500000000
2 3 10 983040.000000 0.00000337300662 3 -10.7500000000
2 3 11 1081344.000000 0.00000113386352 4 -11.5000000000
2 3 12 1179648.000000 0.00000026213155 3 -12.5000000000
2 3 13 1277952.000000 0.00000006484736 3 -13.5000000000
2 3 14 1376256.000000 0.00000001587404 3 -14.5000000000
2 3 15 1474560.000000 0.00000000411663 3 -15.5000000000
2 3 16 1572864.000000 0.00000000107744 3 -16.5000000000
2 4 0 0.000000 0.02951559610665 0 -5.0000000000
2 4 1 98304.000000 0.01365424972028 1 -4.7500000000
2 4 2 196608.000000 0.00186056992970 5 -5.2500000000
2 4 3 294912.000000 0.00062234891811 4 -6.0000000000
2 4 4 393216.000000 0.00017777015455 3 -7.0000000000
2 4 5 491520.000000 0.00005563896775 4 -7.7500000000
2 4 6 589824.000000 0.00001834707655 4 -8.5000000000
2 4 7 688128.000000 0.00000619965567 4 -9.2500000000
2 4 8 786432.000000 0.00000164769722 4 -10.0000000000
2 4 9 884736.000000 0.00000042880339 3 -11.0000000000
2 4 10 983040.000000 0.00000011111031 3 -12.0000000000
2 4 11 1081344.000000 0.00000003066474 3 -13.0000000000
2 4 12 1179648.000000 0.00000000719966 3 -14.0000000000
2 4 13 1277952.000000 0.00000000218616 3 -15.0000000000
2 4 14 1376256.000000 0.00000000061963 4 -15.7500000000
2 4 15 1474560.000000 0.00000000014700 3 -16.7500000000
2 4 16 1572864.000000 0.00000000004111 3 -17.7500000000
2 5 0 0.000000 0.00422375742346 0 -5.0000000000
2 5 1 98304.000000 0.00218586018309 0 -5.0000000000
2 5 2 196608.000000 0.00031729156035 4 -5.7500000000
2 5 3 294912.000000 0.00009268018039 4 -6.5000000000
2 5 4 393216.000000 0.00003440798901 5 -7.0000000000
2 5 5 491520.000000 0.00001265110495 4 -7.7500000000
2 5 6 589824.000000 0.00000462321032 4 -8.5000000000
2 5 7 688128.000000 0.00000169163411 3 -9.5000000000
2 5 8 786432.000000 0.00000053046267 5 -10.0000000000
2 5 9 884736.000000 0.00000015934349 4 -10.7500000000
2 5 10 983040.000000 0.00000003737808 3 -11.7500000000
2 5 11 1081344.000000 0.00000001129404 3 -12.7500000000
2 5 12 1179648.000000 0.00000000339652 4 -13.5000000000
2 5 13 1277952.000000 0.00000000080316 3 -14.5000000000
2 5 14 1376256.000000 0.00000000021108 3 -15.5000000000
2 5 15 1474560.000000 0.00000000005250 3 -16.5000000000
2 5 16 1572864.000000 0.00000000001406 3 -17.5000000000
2 6 0 0.000000 0.19548632204533 0 -4.0000000000
2 6 1 98304.000000 0.09442796558142 0 -4.0000000000
2 6 2 196608.000000 0.00782065838575 3 -5.0000000000
2 6 3 294912.000000 0.00330661144108 4 -5.7500000000
2 6 4 393216.000000 0.00111343211029 6 -6.0000000000
2 6 5 491520.000000 0.00048972864170 5 -6.5000000000
2 6 6 589824.000000 0.00019265909214 3 -7.5000000000
2 6 7 688128.000000 0.00007101688243 3 -8.5000000000
2 6 8 786432.000000 0.00001908860759 5 -9.0000000000
2 6 9 884736.000000 0.00000528686951 4 -9.7500000000
2 6 10 983040.000000 0.00000148549395 3 -10.7500000000
2 6 11 1081344.000000 0.00000038482364 3 -11.7500000000
2 6 12 1179648.000000 0.00000008775585 3 -12.7500000000
2 6 13 1277952.000000 0.00000002398976 3 -13.7500000000
2 6 14 1376256.000000 0.00000000543300 3 -14.7500000000
2 6 15 1474560.000000 0.00000000142541 3 -15.7500000000
2 6 16 1572864.000000 0.00000000048718 3 -16.7500000000
2 7 0 0.000000 0.00468023028225 0 -5.0000000000
2 7 1 98304.000000 0.00231358129531 0 -5.0000000000
2 7 2 196608.000000 0.00041016307659 5 -5.5000000000
2 7 3 294912.000000 0.00014292100968 4 -6.2500000000
2 7 4 393216.000000 0.00005841579332 5 -6.7500000000
2 7 5 491520.000000 0.00002446050348 4 -7.5000000000
2 7 6 589824.000000 0.00000940902464 5 -8.0000000000
2 7 7 688128.000000 0.00000394798053 5 -8.5000000000
2 7 8 786432.000000 0.00000115299088 4 -9.2500000000
2 7 9 884736.000000 0.00000032838446 3 -10.2500000000
2 7 10 983040.000000 0.00000010811100 4 -11.0000000000
2 7 11 1081344.000000 0.00000002618324 3 -12.0000000000
2 7 12 1179648.000000 0.00000000618267 3 -13.0000000000
2 7 13 1277952.000000 0.00000000166602 3 -14.0000000000
2 7 14 1376256.000000 0.00000000042166 3 -15.0000000000
2 7 15 1474560.000000 0.00000000010284 3 -16.0000000000
2 7 16 1572864.000000 0.00000000002667 3 -17.0000000000
2 8 0 0.000000 0.00083795987302 0 -6.0000000000
2 8 1 98304.000000 0.00083101243945 10 -3.5000000000
2 8 2 196608.000000 0.00027285862598 0 -5.2500000000
2 8 3 294912.000000 0.00002480213698 0 -7.0000000000
2 8 4 393216.000000 0.00000965953859 5 -7.5000000000
2 8 5 491520.000000 0.00000400078807 5 -8.0000000000
2 8 6 589824.000000 0.00000174720242 5 -8.5000000000
2 8 7 688128.000000 0.00000054637871 4 -9.2500000000
2 8 8 786432.000000 0.00000018139909 4 -10.0000000000
2 8 9 884736.000000 0.00000004305669 3 -11.0000000000
2 8 10 983040.000000 0.00000001120236 3 -12.0000000000
2 8 11 1081344.000000 0.00000000254396 3 -13.0000000000
2 8 12 1179648.000000 0.00000000063478 3 -14.0000000000
2 8 13 1277952.000000 0.00000000016567 3 -15.0000000000
2 8 14 1376256.000000 0.00000000004184 3 -16.0000000000
2 8 15 1474560.000000 0.00000000001119 3 -17.0000000000
2 8 16 1572864.000000 0.00000000000325 3 -18.0000000000
