3 0 0 0.000000 0.00049726205179 0 4.0000000000
3 0 1 73728.000000 0.00036710215500 0 4.0000000000
3 0 2 147456.000000 0.00008163128950 3 3.0000000000
3 0 3 221184.000000 0.00003455304977 5 2.5000000000
3 0 4 294912.000000 0.00001722255183 5 2.0000000000
3 0 5 368640.000000 0.00000750260369 4 1.2500000000
3 0 6 442368.000000 0.00000315139800 5 0.7500000000
3 0 7 516096.000000 0.00000112123041 5 0.2500000000
3 0 8 589824.000000 0.00000037878786 4 -0.5000000000
3 0 9 663552.000000 0.00000010625050 3 -1.5000000000
3 0 10 737280.000000 0.00000003263136 4 -2.2500000000
3 0 11 811008.000000 0.00000000815246 3 -3.2500000000
3 0 12 884736.000000 0.00000000186579 3 -4.2500000000
3 0 13 958464.000000 0.00000000050812 3 -5.2500000000
3 0 14 1032192.000000 0.00000000012553 3 -6.2500000000
3 0 15 1105920.000000 0.00000000003145 3 -7.2500000000
3 0 16 1179648.000000 0.00000000000814 3 -8.2500000000
3 1 0 0.000000 0.02267538569868 0 6.0000000000
3 1 1 73728.000000 0.01343298330903 0 6.0000000000
3 1 2 147456.000000 0.00297218631022 3 5.0000000000
3 1 3 221184.000000 0.00101231946610 4 4.2500000000
3 1 4 294912.000000 0.00042155105621 5 3.7500000000
3 1 5 368640.000000 0.00016220126417 4 3.0000000000
3 1 6 442368.000000 0.00006846350880 5 2.5000000000
3 1 7 516096.000000 0.00002073369251 4 1.7500000000
3 1 8 589824.000000 0.00000577961328 3 0.7500000000
3 1 9 663552.000000 0.00000189497132 4 0.0000000000
3 1 10 737280.000000 0.00000051246786 3 -1.0000000000
3 1 11 811008.000000 0.00000012027186 3 -2.0000000000
3 1 12 884736.000000 0.00000002925233 3 -3.0000000000
3 1 13 958464.000000 0.00000000718253 3 -4.0000000000
3 1 14 1032192.000000 0.00000000196309 3 -5.0000000000
3 1 15 1105920.000000 0.00000000048114 3 -6.0000000000
3 1 16 1179648.000000 0.00000000011080 3 -7.0000000000
3 2 0 0.000000 0.34332746267319 0 7.0000000000
3 2 1 73728.000000 0.16275230050087 0 7.0000000000
3 2 2 147456.000000 0.03175861388445 4 6.2500000000
3 2 3 221184.000000 0.01257580891252 5 5.7500000000
3 2 4 294912.000000 0.00526214856654 3 4.7500000000
3 2 5 368640.000000 0.00244111358188 5 4.2500000000
3 2 6 442368.000000 0.00100983004086 6 4.0000000000
3 2 7 516096.000000 0.00034709938336 5 3.5000000000
3 2 8 589824.000000 0.00010082314839 3 2.5000000000
3 2 9 663552.000000 0.00003106251097 4 1.7500000000
3 2 10 737280.000000 0.00000832869137 3 0.7500000000
3 2 11 811008.000000 0.00000212312739 3 -0.2500000000
3 2 12 884736.000000 0.00000051642775 3 -1.2500000000
3 2 13 958464.000000 0.00000012303357 3 -2.2500000000
3 2 14 1032192.000000 0.00000003130300 3 -3.2500000000
3 2 15 1105920.000000 0.00000000803770 3 -4.2500000000
3 2 16 1179648.000000 0.00000000188015 3 -5.2500000000
3 3 0 0.000000 0.00323176570237 0 5.0000000000
3 3 1 73728.000000 0.00173328549135 0 5.0000000000
3 3 2 147456.000000 0.00051689654356 2 3.7500000000
3 3 3 221184.000000 0.00019300107670 5 3.2500000000
3 3 4 294912.000000 0.00008815429464 5 2.7500000000
3 3 5 368640.000000 0.00004490878564 5 2.2500000000
3 3 6 442368.000000 0.00001938993046 5 1.7500000000
3 3 7 516096.000000 0.00001001376040 4 1.0000000000
3 3 8 589824.000000 0.00000418257378 6 0.7500000000
3 3 9 663552.000000 0.00000104658318 4 0.0000000000
3 3 10 737280.000000 0.00000024524522 3 -1.0000000000
3 3 11 811008.000000 0.00000006568186 3 -2.0000000000
3 3 12 884736.000000 0.00000001877408 3 -3.0000000000
3 3 13 958464.000000 0.00000000515572 4 -3.7500000000
3 3 14 1032192.000000 0.00000000139414 3 -4.7500000000
3 3 15 1105920.000000 0.00000000035487 3 -5.7500000000
3 3 16 1179648.000000 0.00000000008369 3 -6.7500000000
3 4 0 0.000000 0.11422006785870 0 6.0000000000
3 4 1 73728.000000 0.05120082944632 0 6.0000000000
3 4 2 147456.000000 0.00856020115316 5 5.5000000000
3 4 3 221184.000000 0.00283291633241 5 5.0000000000
3 4 4 294912.000000 0.00120026525110 4 4.2500000000
3 4 5 368640.000000 0.00045421111281 5 3.7500000000
3 4 6 442368.000000 0.00017843255773 4 3.0000000000
3 4 7 516096.000000 0.00006203655357 5 2.5000000000
3 4 8 589824.000000 0.00002096101343 3 1.5000000000
3 4 9 663552.000000 0.00000583140672 4 0.7500000000
3 4 10 737280.000000 0.00000147396463 3 -0.2500000000
3 4 11 811008.000000 0.00000050598084 4 -1.0000000000
3 4 12 884736.000000 0.00000013156567 3 -2.0000000000
3 4 13 958464.000000 0.00000003034051 3 -3.0000000000
3 4 14 1032192.000000 0.00000000875327 3 -4.0000000000
3 4 15 1105920.000000 0.00000000205292 3 -5.0000000000
3 4 16 1179648.000000 0.00000000051574 3 -6.0000000000
3 5 0 0.000000 0.37600669264793 0 7.0000000000
3 5 1 73728.000000 0.19171512126923 0 7.0000000000
3 5 2 147456.000000 0.03588184714317 4 6.2500000000
3 5 3 221184.000000 0.01711236126721 5 5.7500000000
3 5 4 294912.000000 0.00862753391266 3 4.7500000000
3 5 5 368640.000000 0.00257572508417 7 4.7500000000
3 5 6 442368.000000 0.00084157567471 4 4.0000000000
3 5 7 516096.000000 0.00030739634531 4 3.2500000000
3 5 8 589824.000000 0.00008690504183 3 2.2500000000
3 5 9 663552.000000 0.00002323138506 4 1.5000000000
3 5 10 737280.000000 0.00000600590056 3 0.5000000000
3 5 11 811008.000000 0.00000133374067 3 -0.5000000000
3 5 12 884736.000000 0.00000037774143 3 -1.5000000000
3 5 13 958464.000000 0.00000008697903 3 -2.5000000000
3 5 14 1032192.000000 0.00000002256854 3 -3.5000000000
3 5 15 1105920.000000 0.00000000583959 3 -4.5000000000
3 5 16 1179648.000000 0.00000000150751 3 -5.5000000000
3 6 0 0.000000 0.00313639827073 0 5.0000000000
3 6 1 73728.000000 0.00176736910362 0 5.0000000000
3 6 2 147456.000000 0.00048884580610 4 4.2500000000
3 6 3 221184.000000 0.00019341675215 4 3.5000000000
3 6 4 294912.000000 0.00008028539014 5 3.0000000000
3 6 5 368640.000000 0.00003656849731 4 2.2500000000
3 6 6 442368.000000 0.00001785533459 4 1.5000000000
3 6 7 516096.000000 0.00000848319723 5 1.0000000000
3 6 8 589824.000000 0.00000350356731 6 0.7500000000
3 6 9 663552.000000 0.00000101286503 4 0.0000000000
3 6 10 737280.000000 0.00000032373612 4 -0.7500000000
3 6 11 811008.000000 0.00000009802369 3 -1.7500000000
3 6 12 884736.000000 0.00000002112260 3 -2.7500000000
3 6 13 958464.000000 0.00000000557436 3 -3.7500000000
3 6 14 1032192.000000 0.00000000136232 3 -4.7500000000
3 6 15 1105920.000000 0.00000000035238 3 -5.7500000000
3 6 16 1179648.000000 0.00000000008842 3 -6.7500000000
3 7 0 0.000000 0.08943675458431 0 6.0000000000
3 7 1 73728.000000 0.05066359415650 0 6.0000000000
3 7 2 147456.000000 0.00935484003276 5 5.5000000000
3 7 3 221184.000000 0.00296284025535 5 5.0000000000
3 7 4 294912.000000 0.00107102456968 4 4.2500000000
3 7 5 368640.000000 0.00050588499289 5 3.7500000000
3 7 6 442368.000000 0.00017870214651 4 3.0000000000
3 7 7 516096.000000 0.00006093807679 4 2.2500000000
3 7 8 589824.000000 0.00001820735633 4 1.5000000000
3 7 9 663552.000000 0.00000549253809 4 0.7500000000
3 7 10 737280.000000 0.00000138127416 3 -0.2500000000
3 7 11 811008.000000 0.00000034104394 3 -1.2500000000
3 7 12 884736.000000 0.00000008599694 3 -2.2500000000
3 7 13 958464.000000 0.00000002077321 3 -3.2500000000
3 7 14 1032192.000000 0.00000000462119 3 -4.2500000000
3 7 15 1105920.000000 0.00000000142735 3 -5.2500000000
3 7 16 1179648.000000 0.00000000034566 3 -6.2500000000
3 8 0 0.000000 3.60863184928894 0 8.0000000000
3 8 1 73728.000000 3.61366033554077 2 8.5000000000
3 8 2 147456.000000 0.45861262083054 2 7.2500000000
3 8 3 221184.000000 0.15052035450935 4 6.5000000000
3 8 4 294912.000000 0.07812803983688 2 5.2500000000
3 8 5 368640.000000 0.02919526770711 6 5.0000000000
3 8 6 442368.000000 0.01261778827757 5 4.5000000000
3 8 7 516096.000000 0.00448135705665 5 4.0000000000
3 8 8 589824.000000 0.00164477259386 5 3.5000000000
3 8 9 663552.000000 0.00058713793987 4 2.7500000000
3 8 10 737280.000000 0.00015012314543 3 1.7500000000
3 8 11 811008.000000 0.00005530376438 3 0.7500000000
3 8 12 884736.000000 0.00001270892608 4 0.0000000000
3 8 13 958464.000000 0.00000279097344 3 -1.0000000000
3 8 14 1032192.000000 0.00000081004902 3 -2.0000000000
3 8 15 1105920.000000 0.00000022191402 3 -3.0000000000
3 8 16 1179648.000000 0.00000005114597 3 -4.0000000000
