2 0 0 0.000000 0.00028157854103 0 4.0000000000
2 0 1 98304.000000 0.00023993244395 2 4.5000000000
2 0 2 196608.000000 0.00004339911538 2 3.2500000000
2 0 3 294912.000000 0.00001515956501 4 2.5000000000
2 0 4 393216.000000 0.00000567523102 5 2.0000000000
2 0 5 491520.000000 0.00000257269062 4 1.2500000000
2 0 6 589824.000000 0.00000110405676 5 0.7500000000
2 0 7 688128.000000 0.00000047525555 4 0.0000000000
2 0 8 786432.000000 0.00000017328536 5 -0.5000000000
2 0 9 884736.000000 0.00000006347062 4 -1.2500000000
2 0 10 983040.000000 0.00000001734420 4 -2.0000000000
2 0 11 1081344.000000 0.00000000435319 3 -3.0000000000
2 0 12 1179648.000000 0.00000000113311 3 -4.0000000000
2 0 13 1277952.000000 0.00000000028539 3 -5.0000000000
2 0 14 1376256.000000 0.00000000009605 4 -5.7500000000
2 0 15 1474560.000000 0.00000000002453 3 -6.7500000000
2 0 16 1572864.000000 0.00000000000637 3 -7.7500000000
2 1 0 0.000000 0.02128466591239 0 6.0000000000
2 1 1 98304.000000 0.01185378618538 1 6.2500000000
2 1 2 196608.000000 0.00288194743916 4 5.5000000000
2 1 3 294912.000000 0.00110664812382 4 4.7500000000
2 1 4 393216.000000 0.00046949196258 5 4.2500000000
2 1 5 491520.000000 0.00020252312243 5 3.7500000000
2 1 6 589824.000000 0.00009354820213 5 3.2500000000
2 1 7 688128.000000 0.00003604934318 5 2.7500000000
2 1 8 786432.000000 0.00001289709417 4 2.0000000000
2 1 9 884736.000000 0.00000397345229 3 1.0000000000
2 1 10 983040.000000 0.00000102948127 4 0.2500000000
2 1 11 1081344.000000 0.00000029904666 3 -0.7500000000
2 1 12 1179648.000000 0.00000007722677 3 -1.7500000000
2 1 13 1277952.000000 0.00000002481423 4 -2.5000000000
2 1 14 1376256.000000 0.00000000648151 3 -3.5000000000
2 1 15 1474560.000000 0.00000000146409 3 -4.5000000000
2 1 16 1572864.000000 0.00000000036214 3 -5.5000000000
2 2 0 0.000000 0.49566468596458 0 8.0000000000
2 2 1 98304.000000 0.23790107667446 0 8.0000000000
2 2 2 196608.000000 0.05373997986317 4 7.2500000000
2 2 3 294912.000000 0.01830095797777 4 6.5000000000
2 2 4 393216.000000 0.00772638991475 6 6.2500000000
2 2 5 491520.000000 0.00355497864075 5 5.7500000000
2 2 6 589824.000000 0.00123739673290 4 5.0000000000
2 2 7 688128.000000 0.00038876698818 4 4.2500000000
2 2 8 786432.000000 0.00012345160940 3 3.2500000000
2 2 9 884736.000000 0.00003447657218 4 2.5000000000
2 2 10 983040.000000 0.00000944103977 3 1.5000000000
2 2 11 1081344.000000 0.00000218052219 3 0.5000000000
2 2 12 1179648.000000 0.00000056240265 3 -0.5000000000
2 2 13 1277952.000000 0.00000013559681 3 -1.5000000000
2 2 14 1376256.000000 0.00000003448020 3 -2.5000000000
2 2 15 1474560.000000 0.00000000819515 3 -3.5000000000
2 2 16 1572864.000000 0.00000000227068 3 -4.5000000000
2 3 0 0.000000 0.00288802571595 0 5.0000000000
2 3 1 98304.000000 0.00144604837988 0 5.0000000000
2 3 2 196608.000000 0.00038934979239 6 4.7500000000
2 3 3 294912.000000 0.00015220986097 5 4.2500000000
2 3 4 393216.000000 0.00005675068314 4 3.5000000000
2 3 5 491520.000000 0.00002370589937 5 3.0000000000
2 3 6 589824.000000 0.00001021414482 4 2.2500000000
2 3 7 688128.000000 0.00000360983427 4 1.5000000000
2 3 8 786432.000000 0.00000120113054 4 0.7500000000
2 3 9 884736.000000 0.00000036654282 4 0.0000000000
2 3 10 983040.000000 0.00000011381930 3 -1.0000000000
2 3 11 1081344.000000 0.00000003851703 4 -1.7500000000
2 3 12 1179648.000000 0.00000000867854 3 -2.7500000000
2 3 13 1277952.000000 0.00000000197164 3 -3.7500000000
2 3 14 1376256.000000 0.00000000052121 3 -4.7500000000
2 3 15 1474560.000000 0.00000000014116 3 -5.7500000000
2 3 16 1572864.000000 0.00000000003929 3 -6.7500000000
2 4 0 0.000000 0.09497482329607 0 7.0000000000
2 4 1 98304.000000 0.04485013708472 0 7.0000000000
2 4 2 196608.000000 0.00800324976444 3 6.0000000000
2 4 3 294912.000000 0.00269500142895 5 5.5000000000
2 4 4 393216.000000 0.00130105542485 4 4.7500000000
2 4 5 491520.000000 0.00060187169584 6 4.5000000000
2 4 6 589824.000000 0.00031169920112 5 4.0000000000
2 4 7 688128.000000 0.00013603501429 4 3.2500000000
2 4 8 786432.000000 0.00005257372686 5 2.7500000000
2 4 9 884736.000000 0.00001663848161 5 2.2500000000
2 4 10 983040.000000 0.00000455037343 3 1.2500000000
2 4 11 1081344.000000 0.00000101002809 3 0.2500000000
2 4 12 1179648.000000 0.00000030735993 3 -0.7500000000
2 4 13 1277952.000000 0.00000007176133 3 -1.7500000000
2 4 14 1376256.000000 0.00000001691475 3 -2.7500000000
2 4 15 1474560.000000 0.00000000399307 3 -3.7500000000
2 4 16 1572864.000000 0.00000000111600 3 -4.7500000000
2 5 0 0.000000 0.41074293851852 0 8.0000000000
2 5 1 98304.000000 0.19805189967155 0 8.0000000000
2 5 2 196608.000000 0.03820196539164 4 7.2500000000
2 5 3 294912.000000 0.01395306736231 4 6.5000000000
2 5 4 393216.000000 0.00485655292869 4 5.7500000000
2 5 5 491520.000000 0.00201766425744 5 5.2500000000
2 5 6 589824.000000 0.00078000174835 4 4.5000000000
2 5 7 688128.000000 0.00026467221323 4 3.7500000000
2 5 8 786432.000000 0.00007750513760 4 3.0000000000
2 5 9 884736.000000 0.00002281813613 4 2.2500000000
2 5 10 983040.000000 0.00000536150264 3 1.2500000000
2 5 11 1081344.000000 0.00000167441624 3 0.2500000000
2 5 12 1179648.000000 0.00000041791191 3 -0.7500000000
2 5 13 1277952.000000 0.00000009301225 3 -1.7500000000
2 5 14 1376256.000000 0.00000002927890 3 -2.7500000000
2 5 15 1474560.000000 0.00000000833632 4 -3.5000000000
2 5 16 1572864.000000 0.00000000204020 3 -4.5000000000
2 6 0 0.000000 0.00349775655195 0 5.0000000000
2 6 1 98304.000000 0.00169490720145 0 5.0000000000
2 6 2 196608.000000 0.00036820548121 6 4.7500000000
2 6 3 294912.000000 0.00012396577222 5 4.2500000000
2 6 4 393216.000000 0.00004670614726 3 3.2500000000
2 6 5 491520.000000 0.00001743882967 4 2.5000000000
2 6 6 589824.000000 0.00000726917324 4 1.7500000000
2 6 7 688128.000000 0.00000209891391 4 1.0000000000
2 6 8 786432.000000 0.00000065659952 4 0.2500000000
2 6 9 884736.000000 0.00000021698857 4 -0.5000000000
2 6 10 983040.000000 0.00000006823188 3 -1.5000000000
2 6 11 1081344.000000 0.00000001688134 4 -2.2500000000
2 6 12 1179648.000000 0.00000000465819 3 -3.2500000000
2 6 13 1277952.000000 0.00000000102495 3 -4.2500000000
2 6 14 1376256.000000 0.00000000027837 3 -5.2500000000
2 6 15 1474560.000000 0.00000000006876 3 -6.2500000000
2 6 16 1572864.000000 0.00000000001813 3 -7.2500000000
2 7 0 0.000000 0.09301092475653 0 7.0000000000
2 7 1 98304.000000 0.05014073103666 0 7.0000000000
2 7 2 196608.000000 0.00945166777819 4 6.2500000000
2 7 3 294912.000000 0.00312797445804 5 5.7500000000
2 7 4 393216.000000 0.00114394712728 4 5.0000000000
2 7 5 491520.000000 0.00053279293934 4 4.2500000000
2 7 6 589824.000000 0.00022713372891 5 3.7500000000
2 7 7 688128.000000 0.00007872671995 4 3.0000000000
2 7 8 786432.000000 0.00002441838296 4 2.2500000000
2 7 9 884736.000000 0.00000703882324 4 1.5000000000
2 7 10 983040.000000 0.00000214594252 4 0.7500000000
2 7 11 1081344.000000 0.00000056900069 3 -0.2500000000
2 7 12 1179648.000000 0.00000013422842 3 -1.2500000000
2 7 13 1277952.000000 0.00000003208575 3 -2.2500000000
2 7 14 1376256.000000 0.00000000871303 3 -3.2500000000
2 7 15 1474560.000000 0.00000000233353 3 -4.2500000000
2 7 16 1572864.000000 0.00000000059008 3 -5.2500000000
2 8 0 0.000000 3.86434149742126 0 9.0000000000
2 8 1 98304.000000 3.46860599517822 5 10.2500000000
2 8 2 196608.000000 1.36392784118652 0 8.5000000000
2 8 3 294912.000000 0.32051488757133 3 7.5000000000
2 8 4 393216.000000 0.13740743696690 5 7.0000000000
2 8 5 491520.000000 0.06161740049720 5 6.5000000000
2 8 6 589824.000000 0.02364753186703 4 5.7500000000
2 8 7 688128.000000 0.00869484897703 5 5.2500000000
2 8 8 786432.000000 0.00277013983577 4 4.5000000000
2 8 9 884736.000000 0.00090693787206 3 3.5000000000
2 8 10 983040.000000 0.00020879783551 4 2.7500000000
2 8 11 1081344.000000 0.00005675236753 3 1.7500000000
2 8 12 1179648.000000 0.00001441195582 3 0.7500000000
2 8 13 1277952.000000 0.00000339411804 3 -0.2500000000
2 8 14 1376256.000000 0.00000101010767 3 -1.2500000000
2 8 15 1474560.000000 0.00000021232796 3 -2.2500000000
2 8 16 1572864.000000 0.00000004862719 3 -3.2500000000
