1 0 0 0.000000 0.00006181778735 0 4.0000000000
1 0 1 12288.000000 0.00003980503243 0 4.0000000000
1 0 2 24576.000000 0.00001435345439 4 3.2500000000
1 0 3 36864.000000 0.00000725694463 3 2.2500000000
1 0 4 49152.000000 0.00000292895447 6 2.0000000000
1 0 5 61440.000000 0.00000124528970 4 1.2500000000
1 0 6 73728.000000 0.00000051623488 4 0.5000000000
1 0 7 86016.000000 0.00000018268074 5 0.0000000000
1 0 8 98304.000000 0.00000006433346 4 -0.7500000000
1 0 9 110592.000000 0.00000001552836 3 -1.7500000000
1 0 10 122880.000000 0.00000000507558 3 -2.7500000000
1 0 11 135168.000000 0.00000000135757 4 -3.5000000000
1 0 12 147456.000000 0.00000000033918 3 -4.5000000000
1 0 13 159744.000000 0.00000000008758 3 -5.5000000000
1 0 14 172032.000000 0.00000000002250 3 -6.5000000000
1 0 15 184320.000000 0.00000000000633 3 -7.5000000000
1 0 16 196608.000000 0.00000000000214 3 -8.5000000000
1 1 0 0.000000 0.00032705589547 0 5.0000000000
1 1 1 12288.000000 0.00018944426847 0 5.0000000000
1 1 2 24576.000000 0.00007121817907 4 4.2500000000
1 1 3 36864.000000 0.00003173241203 5 3.7500000000
1 1 4 49152.000000 0.00001475536101 5 3.2500000000
1 1 5 61440.000000 0.00000599601617 4 2.5000000000
1 1 6 73728.000000 0.00000250786934 4 1.7500000000
1 1 7 86016.000000 0.00000107322933 6 1.5000000000
1 1 8 98304.000000 0.00000032881749 4 0.7500000000
1 1 9 110592.000000 0.00000010025295 3 -0.2500000000
1 1 10 122880.000000 0.00000002712203 4 -1.0000000000
1 1 11 135168.000000 0.00000000703231 3 -2.0000000000
1 1 12 147456.000000 0.00000000174558 3 -3.0000000000
1 1 13 159744.000000 0.00000000044875 3 -4.0000000000
1 1 14 172032.000000 0.00000000011064 3 -5.0000000000
1 1 15 184320.000000 0.00000000002913 3 -6.0000000000
1 1 16 196608.000000 0.00000000000821 3 -7.0000000000
1 2 0 0.000000 0.00364191550761 0 6.0000000000
1 2 1 12288.000000 0.00184910569806 1 6.2500000000
1 2 2 24576.000000 0.00049418356502 7 6.2500000000
1 2 3 36864.000000 0.00018215988530 4 5.5000000000
1 2 4 49152.000000 0.00006140672485 3 4.5000000000
1 2 5 61440.000000 0.00001958269240 4 3.7500000000
1 2 6 73728.000000 0.00000632880528 3 2.7500000000
1 2 7 86016.000000 0.00000196536280 4 2.0000000000
1 2 8 98304.000000 0.00000055559036 3 1.0000000000
1 2 9 110592.000000 0.00000014728971 4 0.2500000000
1 2 10 122880.000000 0.00000003618078 3 -0.7500000000
1 2 11 135168.000000 0.00000000875773 3 -1.7500000000
1 2 12 147456.000000 0.00000000217008 3 -2.7500000000
1 2 13 159744.000000 0.00000000054528 3 -3.7500000000
1 2 14 172032.000000 0.00000000015332 3 -4.7500000000
1 2 15 184320.000000 0.00000000003448 3 -5.7500000000
1 2 16 196608.000000 0.00000000000976 3 -6.7500000000
1 3 0 0.000000 0.01843730919063 0 7.0000000000
1 3 1 12288.000000 0.00942553486675 1 7.2500000000
1 3 2 24576.000000 0.00203143060207 6 7.0000000000
1 3 3 36864.000000 0.00072323851055 4 6.2500000000
1 3 4 49152.000000 0.00034753506770 4 5.5000000000
1 3 5 61440.000000 0.00012674402387 5 5.0000000000
1 3 6 73728.000000 0.00004015273589 4 4.2500000000
1 3 7 86016.000000 0.00001410631739 4 3.5000000000
1 3 8 98304.000000 0.00000362123023 3 2.5000000000
1 3 9 110592.000000 0.00000108415963 4 1.7500000000
1 3 10 122880.000000 0.00000026921285 3 0.7500000000
1 3 11 135168.000000 0.00000007653949 3 -0.2500000000
1 3 12 147456.000000 0.00000001667684 3 -1.2500000000
1 3 13 159744.000000 0.00000000424870 3 -2.2500000000
1 3 14 172032.000000 0.00000000113657 3 -3.2500000000
1 3 15 184320.000000 0.00000000028286 3 -4.2500000000
1 3 16 196608.000000 0.00000000006899 3 -5.2500000000
1 4 0 0.000000 0.29885569214821 0 9.0000000000
1 4 1 12288.000000 0.13846501708031 0 9.0000000000
1 4 2 24576.000000 0.03678547218442 5 8.5000000000
1 4 3 36864.000000 0.00822738092393 3 7.5000000000
1 4 4 49152.000000 0.00212254584767 4 6.7500000000
1 4 5 61440.000000 0.00097375694895 5 6.2500000000
1 4 6 73728.000000 0.00033613757114 4 5.5000000000
1 4 7 86016.000000 0.00010058919725 4 4.7500000000
1 4 8 98304.000000 0.00002844403934 3 3.7500000000
1 4 9 110592.000000 0.00000862062916 3 2.7500000000
1 4 10 122880.000000 0.00000205084484 4 2.0000000000
1 4 11 135168.000000 0.00000057584498 3 1.0000000000
1 4 12 147456.000000 0.00000014942765 3 0.0000000000
1 4 13 159744.000000 0.00000004288468 3 -1.0000000000
1 4 14 172032.000000 0.00000000846486 3 -2.0000000000
1 4 15 184320.000000 0.00000000184447 3 -3.0000000000
1 4 16 196608.000000 0.00000000054895 3 -4.0000000000
1 5 0 0.000000 0.00005789568604 0 4.0000000000
1 5 1 12288.000000 0.00003697233842 0 4.0000000000
1 5 2 24576.000000 0.00001441937184 4 3.2500000000
1 5 3 36864.000000 0.00000658912722 5 2.7500000000
1 5 4 49152.000000 0.00000260322190 3 1.7500000000
1 5 5 61440.000000 0.00000113528370 5 1.2500000000
1 5 6 73728.000000 0.00000041399642 4 0.5000000000
1 5 7 86016.000000 0.00000014183057 5 0.0000000000
1 5 8 98304.000000 0.00000003673327 3 -1.0000000000
1 5 9 110592.000000 0.00000001124634 3 -2.0000000000
1 5 10 122880.000000 0.00000000295577 4 -2.7500000000
1 5 11 135168.000000 0.00000000075345 3 -3.7500000000
1 5 12 147456.000000 0.00000000022008 3 -4.7500000000
1 5 13 159744.000000 0.00000000004727 3 -5.7500000000
1 5 14 172032.000000 0.00000000001249 3 -6.7500000000
1 5 15 184320.000000 0.00000000000359 3 -7.7500000000
1 5 16 196608.000000 0.00000000000139 3 -8.7500000000
1 6 0 0.000000 0.00075276230928 0 6.0000000000
1 6 1 12288.000000 0.00042359073996 0 6.0000000000
1 6 2 24576.000000 0.00014876309433 2 4.7500000000
1 6 3 36864.000000 0.00005106549725 5 4.2500000000
1 6 4 49152.000000 0.00002134179886 5 3.7500000000
1 6 5 61440.000000 0.00000675346973 3 2.7500000000
1 6 6 73728.000000 0.00000213139811 4 2.0000000000
1 6 7 86016.000000 0.00000063616966 4 1.2500000000
1 6 8 98304.000000 0.00000017509200 3 0.2500000000
1 6 9 110592.000000 0.00000005446755 4 -0.5000000000
1 6 10 122880.000000 0.00000001255305 3 -1.5000000000
1 6 11 135168.000000 0.00000000336693 3 -2.5000000000
1 6 12 147456.000000 0.00000000082384 3 -3.5000000000
1 6 13 159744.000000 0.00000000021043 3 -4.5000000000
1 6 14 172032.000000 0.00000000005461 3 -5.5000000000
1 6 15 184320.000000 0.00000000001302 3 -6.5000000000
1 6 16 196608.000000 0.00000000000394 3 -7.5000000000
1 7 0 0.000000 0.00319685065188 0 6.0000000000
1 7 1 12288.000000 0.00161035463680 2 6.5000000000
1 7 2 24576.000000 0.00043576356256 4 5.7500000000
1 7 3 36864.000000 0.00014195214317 5 5.2500000000
1 7 4 49152.000000 0.00005252357005 4 4.5000000000
1 7 5 61440.000000 0.00001861720739 3 3.5000000000
1 7 6 73728.000000 0.00000573044599 4 2.7500000000
1 7 7 86016.000000 0.00000185966235 4 2.0000000000
1 7 8 98304.000000 0.00000047883816 3 1.0000000000
1 7 9 110592.000000 0.00000013762639 4 0.2500000000
1 7 10 122880.000000 0.00000003227163 3 -0.7500000000
1 7 11 135168.000000 0.00000000836732 3 -1.7500000000
1 7 12 147456.000000 0.00000000222294 3 -2.7500000000
1 7 13 159744.000000 0.00000000055650 3 -3.7500000000
1 7 14 172032.000000 0.00000000013295 3 -4.7500000000
1 7 15 184320.000000 0.00000000003628 3 -5.7500000000
1 7 16 196608.000000 0.00000000000928 3 -6.7500000000
1 8 0 0.000000 0.01806292310357 0 7.0000000000
1 8 1 12288.000000 0.00946545042098 0 7.0000000000
1 8 2 24576.000000 0.00249058497138 6 6.7500000000
1 8 3 36864.000000 0.00093310320517 5 6.2500000000
1 8 4 49152.000000 0.00038855086314 5 5.7500000000
1 8 5 61440.000000 0.00012986178626 4 5.0000000000
1 8 6 73728.000000 0.00004420761252 4 4.2500000000
1 8 7 86016.000000 0.00001333142427 4 3.5000000000
1 8 8 98304.000000 0.00000396563746 3 2.5000000000
1 8 9 110592.000000 0.00000102971183 3 1.5000000000
1 8 10 122880.000000 0.00000029532734 4 0.7500000000
1 8 11 135168.000000 0.00000007558762 3 -0.2500000000
1 8 12 147456.000000 0.00000001809206 3 -1.2500000000
1 8 13 159744.000000 0.00000000462292 3 -2.2500000000
1 8 14 172032.000000 0.00000000113115 3 -3.2500000000
1 8 15 184320.000000 0.00000000027635 3 -4.2500000000
1 8 16 196608.000000 0.00000000006505 3 -5.2500000000
1 9 0 0.000000 0.25742575526237 0 9.0000000000
1 9 1 12288.000000 0.11703595519066 0 9.0000000000
1 9 2 24576.000000 0.02762777172029 3 8.0000000000
1 9 3 36864.000000 0.01116919331253 5 7.5000000000
1 9 4 49152.000000 0.00319323036820 5 7.0000000000
1 9 5 61440.000000 0.00120278599206 4 6.2500000000
1 9 6 73728.000000 0.00059066381073 5 5.7500000000
1 9 7 86016.000000 0.00019424092898 4 5.0000000000
1 9 8 98304.000000 0.00008736697055 4 4.2500000000
1 9 9 110592.000000 0.00002351974763 5 3.7500000000
1 9 10 122880.000000 0.00000596708469 3 2.7500000000
1 9 11 135168.000000 0.00000140922737 3 1.7500000000
1 9 12 147456.000000 0.00000034240537 3 0.7500000000
1 9 13 159744.000000 0.00000012155083 4 0.0000000000
1 9 14 172032.000000 0.00000002168938 2 -1.2500000000
1 9 15 184320.000000 0.00000000628840 3 -2.2500000000
1 9 16 196608.000000 0.00000000243836 4 -3.0000000000
1 10 0 0.000000 0.00006271776510 0 4.0000000000
1 10 1 12288.000000 0.00004102837192 0 4.0000000000
1 10 2 24576.000000 0.00001611666266 4 3.2500000000
1 10 3 36864.000000 0.00000641660517 5 2.7500000000
1 10 4 49152.000000 0.00000276474952 4 2.0000000000
1 10 5 61440.000000 0.00000110674443 4 1.2500000000
1 10 6 73728.000000 0.00000044061869 4 0.5000000000
1 10 7 86016.000000 0.00000018820759 5 0.0000000000
1 10 8 98304.000000 0.00000006118715 4 -0.7500000000
1 10 9 110592.000000 0.00000001772186 4 -1.5000000000
1 10 10 122880.000000 0.00000000463156 3 -2.5000000000
1 10 11 135168.000000 0.00000000131166 3 -3.5000000000
1 10 12 147456.000000 0.00000000039106 4 -4.2500000000
1 10 13 159744.000000 0.00000000009908 3 -5.2500000000
1 10 14 172032.000000 0.00000000002301 3 -6.2500000000
1 10 15 184320.000000 0.00000000000676 3 -7.2500000000
1 10 16 196608.000000 0.00000000000222 3 -8.2500000000
1 11 0 0.000000 0.00078167609172 0 6.0000000000
1 11 1 12288.000000 0.00048556315596 1 6.2500000000
1 11 2 24576.000000 0.00014080926485 2 5.0000000000
1 11 3 36864.000000 0.00005519344631 5 4.5000000000
1 11 4 49152.000000 0.00002230567770 4 3.7500000000
1 11 5 61440.000000 0.00000712165775 4 3.0000000000
1 11 6 73728.000000 0.00000236698156 4 2.2500000000
1 11 7 86016.000000 0.00000070957191 3 1.2500000000
1 11 8 98304.000000 0.00000021744918 4 0.5000000000
1 11 9 110592.000000 0.00000005531033 3 -0.5000000000
1 11 10 122880.000000 0.00000001261493 3 -1.5000000000
1 11 11 135168.000000 0.00000000328993 3 -2.5000000000
1 11 12 147456.000000 0.00000000078645 3 -3.5000000000
1 11 13 159744.000000 0.00000000020385 3 -4.5000000000
1 11 14 172032.000000 0.00000000005105 3 -5.5000000000
1 11 15 184320.000000 0.00000000001427 3 -6.5000000000
1 11 16 196608.000000 0.00000000000389 3 -7.5000000000
1 12 0 0.000000 0.01219330076128 0 7.0000000000
1 12 1 12288.000000 0.00545661430806 0 7.0000000000
1 12 2 24576.000000 0.00105671701021 4 6.2500000000
1 12 3 36864.000000 0.00031330354977 4 5.5000000000
1 12 4 49152.000000 0.00010685984307 4 4.7500000000
1 12 5 61440.000000 0.00004066103793 4 4.0000000000
1 12 6 73728.000000 0.00001492569663 4 3.2500000000
1 12 7 86016.000000 0.00000580535243 4 2.5000000000
1 12 8 98304.000000 0.00000150246058 4 1.7500000000
1 12 9 110592.000000 0.00000052060568 4 1.0000000000
1 12 10 122880.000000 0.00000012011346 3 0.0000000000
1 12 11 135168.000000 0.00000003778308 3 -1.0000000000
1 12 12 147456.000000 0.00000001216113 4 -1.7500000000
1 12 13 159744.000000 0.00000000279767 3 -2.7500000000
1 12 14 172032.000000 0.00000000067548 3 -3.7500000000
1 12 15 184320.000000 0.00000000016053 3 -4.7500000000
1 12 16 196608.000000 0.00000000004798 3 -5.7500000000
1 13 0 0.000000 0.01205303985626 0 8.0000000000
1 13 1 12288.000000 0.00641764793545 0 8.0000000000
1 13 2 24576.000000 0.00156803464051 3 7.0000000000
1 13 3 36864.000000 0.00059750891523 4 6.2500000000
1 13 4 49152.000000 0.00028431980172 5 5.7500000000
1 13 5 61440.000000 0.00011926294246 5 5.2500000000
1 13 6 73728.000000 0.00004760127194 4 4.5000000000
1 13 7 86016.000000 0.00001333933233 4 3.7500000000
1 13 8 98304.000000 0.00000402687738 4 3.0000000000
1 13 9 110592.000000 0.00000109301777 3 2.0000000000
1 13 10 122880.000000 0.00000027160394 3 1.0000000000
1 13 11 135168.000000 0.00000007727111 3 0.0000000000
1 13 12 147456.000000 0.00000002226137 4 -0.7500000000
1 13 13 159744.000000 0.00000000554755 3 -1.7500000000
1 13 14 172032.000000 0.00000000141622 3 -2.7500000000
1 13 15 184320.000000 0.00000000034353 3 -3.7500000000
1 13 16 196608.000000 0.00000000009327 3 -4.7500000000
1 14 0 0.000000 0.55246704816818 0 10.0000000000
1 14 1 12288.000000 0.23773048818111 0 10.0000000000
1 14 2 24576.000000 0.06095047295094 3 9.0000000000
1 14 3 36864.000000 0.02258951589465 5 8.5000000000
1 14 4 49152.000000 0.01048825215548 4 7.7500000000
1 14 5 61440.000000 0.00486459489912 4 7.0000000000
1 14 6 73728.000000 0.00137562945019 6 6.7500000000
1 14 7 86016.000000 0.00044817375601 4 6.0000000000
1 14 8 98304.000000 0.00010748611385 3 5.0000000000
1 14 9 110592.000000 0.00003813369040 4 4.2500000000
1 14 10 122880.000000 0.00000890691808 3 3.2500000000
1 14 11 135168.000000 0.00000212550231 3 2.2500000000
1 14 12 147456.000000 0.00000059162301 3 1.2500000000
1 14 13 159744.000000 0.00000013274183 3 0.2500000000
1 14 14 172032.000000 0.00000003458997 3 -0.7500000000
1 14 15 184320.000000 0.00000000909073 3 -1.7500000000
1 14 16 196608.000000 0.00000000228553 3 -2.7500000000
1 15 0 0.000000 0.00019753383822 0 5.0000000000
1 15 1 12288.000000 0.00012110707030 0 5.0000000000
1 15 2 24576.000000 0.00003696062413 3 4.0000000000
1 15 3 36864.000000 0.00001355999029 4 3.2500000000
1 15 4 49152.000000 0.00000542592397 4 2.5000000000
1 15 5 61440.000000 0.00000196155429 4 1.7500000000
1 15 6 73728.000000 0.00000072415696 5 1.2500000000
1 15 7 86016.000000 0.00000023024795 3 0.2500000000
1 15 8 98304.000000 0.00000006495868 4 -0.5000000000
1 15 9 110592.000000 0.00000001604127 3 -1.5000000000
1 15 10 122880.000000 0.00000000411394 3 -2.5000000000
1 15 11 135168.000000 0.00000000118729 3 -3.5000000000
1 15 12 147456.000000 0.00000000037126 4 -4.2500000000
1 15 13 159744.000000 0.00000000008847 3 -5.2500000000
1 15 14 172032.000000 0.00000000002390 3 -6.2500000000
1 15 15 184320.000000 0.00000000000631 3 -7.2500000000
1 15 16 196608.000000 0.00000000000201 3 -8.2500000000
1 16 0 0.000000 0.00109108397737 0 6.0000000000
1 16 1 12288.000000 0.00052513898117 0 6.0000000000
1 16 2 24576.000000 0.00016733283701 5 5.5000000000
1 16 3 36864.000000 0.00006603674410 3 4.5000000000
1 16 4 49152.000000 0.00002603932626 5 4.0000000000
1 16 5 61440.000000 0.00000881325468 4 3.2500000000
1 16 6 73728.000000 0.00000259263243 3 2.2500000000
1 16 7 86016.000000 0.00000089244867 4 1.5000000000
1 16 8 98304.000000 0.00000027165345 4 0.7500000000
1 16 9 110592.000000 0.00000006988157 3 -0.2500000000
1 16 10 122880.000000 0.00000001875258 3 -1.2500000000
1 16 11 135168.000000 0.00000000429113 3 -2.2500000000
1 16 12 147456.000000 0.00000000111521 3 -3.2500000000
1 16 13 159744.000000 0.00000000028678 3 -4.2500000000
1 16 14 172032.000000 0.00000000007453 3 -5.2500000000
1 16 15 184320.000000 0.00000000001768 3 -6.2500000000
1 16 16 196608.000000 0.00000000000534 3 -7.2500000000
1 17 0 0.000000 0.00625415425748 0 7.0000000000
1 17 1 12288.000000 0.00403724098578 1 7.2500000000
1 17 2 24576.000000 0.00107417826075 4 6.5000000000
1 17 3 36864.000000 0.00034420224256 4 5.7500000000
1 17 4 49152.000000 0.00017653318355 4 5.0000000000
1 17 5 61440.000000 0.00010042749636 3 4.0000000000
1 17 6 73728.000000 0.00003917104914 7 4.0000000000
1 17 7 86016.000000 0.00001301428529 6 3.7500000000
1 17 8 98304.000000 0.00000342638168 3 2.7500000000
1 17 9 110592.000000 0.00000080806137 3 1.7500000000
1 17 10 122880.000000 0.00000021621234 3 0.7500000000
1 17 11 135168.000000 0.00000007723636 4 0.0000000000
1 17 12 147456.000000 0.00000001720553 3 -1.0000000000
1 17 13 159744.000000 0.00000000463858 3 -2.0000000000
1 17 14 172032.000000 0.00000000132245 3 -3.0000000000
1 17 15 184320.000000 0.00000000026898 3 -4.0000000000
1 17 16 196608.000000 0.00000000008902 3 -5.0000000000
1 18 0 0.000000 0.01322000008076 0 8.0000000000
1 18 1 12288.000000 0.00677468022332 0 8.0000000000
1 18 2 24576.000000 0.00178570894059 3 7.0000000000
1 18 3 36864.000000 0.00058809097391 5 6.5000000000
1 18 4 49152.000000 0.00024799973471 4 5.7500000000
1 18 5 61440.000000 0.00011194518447 5 5.2500000000
1 18 6 73728.000000 0.00004178256495 4 4.5000000000
1 18 7 86016.000000 0.00001308376159 4 3.7500000000
1 18 8 98304.000000 0.00000334038009 4 3.0000000000
1 18 9 110592.000000 0.00000094188101 3 2.0000000000
1 18 10 122880.000000 0.00000027414222 3 1.0000000000
1 18 11 135168.000000 0.00000008009550 4 0.2500000000
1 18 12 147456.000000 0.00000001921723 3 -0.7500000000
1 18 13 159744.000000 0.00000000482405 3 -1.7500000000
1 18 14 172032.000000 0.00000000123524 3 -2.7500000000
1 18 15 184320.000000 0.00000000030399 3 -3.7500000000
1 18 16 196608.000000 0.00000000007558 3 -4.7500000000
1 19 0 0.000000 0.50753331184387 0 10.0000000000
1 19 1 12288.000000 0.23083871603012 0 10.0000000000
1 19 2 24576.000000 0.03959952294827 3 9.0000000000
1 19 3 36864.000000 0.01611396297812 4 8.2500000000
1 19 4 49152.000000 0.00602377019823 4 7.5000000000
1 19 5 61440.000000 0.00205863965675 5 7.0000000000
1 19 6 73728.000000 0.00077730329940 4 6.2500000000
1 19 7 86016.000000 0.00021209877741 4 5.5000000000
1 19 8 98304.000000 0.00006397615653 3 4.5000000000
1 19 9 110592.000000 0.00001879260890 4 3.7500000000
1 19 10 122880.000000 0.00000424426707 3 2.7500000000
1 19 11 135168.000000 0.00000109668974 3 1.7500000000
1 19 12 147456.000000 0.00000028378579 3 0.7500000000
1 19 13 159744.000000 0.00000008085063 3 -0.2500000000
1 19 14 172032.000000 0.00000001880845 3 -1.2500000000
1 19 15 184320.000000 0.00000000475656 3 -2.2500000000
1 19 16 196608.000000 0.00000000117775 3 -3.2500000000
1 20 0 0.000000 0.00029556511436 0 5.0000000000
1 20 1 12288.000000 0.00017589102208 0 5.0000000000
1 20 2 24576.000000 0.00005549897833 4 4.2500000000
1 20 3 36864.000000 0.00002265073272 5 3.7500000000
1 20 4 49152.000000 0.00001109370805 4 3.0000000000
1 20 5 61440.000000 0.00000418511081 5 2.5000000000
1 20 6 73728.000000 0.00000159580679 4 1.7500000000
1 20 7 86016.000000 0.00000066930329 4 1.0000000000
1 20 8 98304.000000 0.00000018934888 4 0.2500000000
1 20 9 110592.000000 0.00000005720998 3 -0.7500000000
1 20 10 122880.000000 0.00000001642175 4 -1.5000000000
1 20 11 135168.000000 0.00000000405248 3 -2.5000000000
1 20 12 147456.000000 0.00000000081369 3 -3.5000000000
1 20 13 159744.000000 0.00000000022642 3 -4.5000000000
1 20 14 172032.000000 0.00000000006329 3 -5.5000000000
1 20 15 184320.000000 0.00000000001432 3 -6.5000000000
1 20 16 196608.000000 0.00000000000418 3 -7.5000000000
1 21 0 0.000000 0.00100943888538 0 6.0000000000
1 21 1 12288.000000 0.00049449125072 0 6.0000000000
1 21 2 24576.000000 0.00016311972286 3 5.0000000000
1 21 3 36864.000000 0.00005674624481 5 4.5000000000
1 21 4 49152.000000 0.00002163607678 4 3.7500000000
1 21 5 61440.000000 0.00000849861226 4 3.0000000000
1 21 6 73728.000000 0.00000259657645 4 2.2500000000
1 21 7 86016.000000 0.00000079695212 4 1.5000000000
1 21 8 98304.000000 0.00000019830888 3 0.5000000000
1 21 9 110592.000000 0.00000004841525 3 -0.5000000000
1 21 10 122880.000000 0.00000001260566 3 -1.5000000000
1 21 11 135168.000000 0.00000000292123 3 -2.5000000000
1 21 12 147456.000000 0.00000000083612 3 -3.5000000000
1 21 13 159744.000000 0.00000000018534 3 -4.5000000000
1 21 14 172032.000000 0.00000000005070 3 -5.5000000000
1 21 15 184320.000000 0.00000000001374 3 -6.5000000000
1 21 16 196608.000000 0.00000000000334 3 -7.5000000000
1 22 0 0.000000 0.00631172535941 0 7.0000000000
1 22 1 12288.000000 0.00315750064328 0 7.0000000000
1 22 2 24576.000000 0.00072609941708 4 6.2500000000
1 22 3 36864.000000 0.00029751585680 5 5.7500000000
1 22 4 49152.000000 0.00012615685409 4 5.0000000000
1 22 5 61440.000000 0.00004371712566 4 4.2500000000
1 22 6 73728.000000 0.00001739521031 5 3.7500000000
1 22 7 86016.000000 0.00000633369154 4 3.0000000000
1 22 8 98304.000000 0.00000210425605 4 2.2500000000
1 22 9 110592.000000 0.00000061557932 4 1.5000000000
1 22 10 122880.000000 0.00000014904656 3 0.5000000000
1 22 11 135168.000000 0.00000003754269 3 -0.5000000000
1 22 12 147456.000000 0.00000000966877 3 -1.5000000000
1 22 13 159744.000000 0.00000000265668 3 -2.5000000000
1 22 14 172032.000000 0.00000000068137 3 -3.5000000000
1 22 15 184320.000000 0.00000000014508 3 -4.5000000000
1 22 16 196608.000000 0.00000000004046 3 -5.5000000000
1 23 0 0.000000 0.04129185527563 0 8.0000000000
1 23 1 12288.000000 0.01896461658180 0 8.0000000000
1 23 2 24576.000000 0.00462406547740 5 7.5000000000
1 23 3 36864.000000 0.00142141338438 4 6.7500000000
1 23 4 49152.000000 0.00051997700939 4 6.0000000000
1 23 5 61440.000000 0.00016147457063 4 5.2500000000
1 23 6 73728.000000 0.00006084457709 3 4.2500000000
1 23 7 86016.000000 0.00001895848072 4 3.5000000000
1 23 8 98304.000000 0.00000550964887 4 2.7500000000
1 23 9 110592.000000 0.00000165341544 4 2.0000000000
1 23 10 122880.000000 0.00000043893897 3 1.0000000000
1 23 11 135168.000000 0.00000011468314 3 0.0000000000
1 23 12 147456.000000 0.00000002678650 3 -1.0000000000
1 23 13 159744.000000 0.00000000663849 3 -2.0000000000
1 23 14 172032.000000 0.00000000158028 3 -3.0000000000
1 23 15 184320.000000 0.00000000038112 3 -4.0000000000
1 23 16 196608.000000 0.00000000010573 3 -5.0000000000
1 24 0 0.000000 7.57056522369385 0 11.0000000000
1 24 1 12288.000000 5.98663043975830 0 11.0000000000
1 24 2 24576.000000 2.46776509284973 2 9.7500000000
1 24 3 36864.000000 0.81916075944901 6 9.5000000000
1 24 4 49152.000000 0.28316038846970 4 8.7500000000
1 24 5 61440.000000 0.10169199109077 6 8.5000000000
1 24 6 73728.000000 0.04354872927070 3 7.5000000000
1 24 7 86016.000000 0.01562823913991 4 6.7500000000
1 24 8 98304.000000 0.00339955440722 4 6.0000000000
1 24 9 110592.000000 0.00123381649610 4 5.2500000000
1 24 10 122880.000000 0.00028207470314 2 4.0000000000
1 24 11 135168.000000 0.00006693604519 3 3.0000000000
1 24 12 147456.000000 0.00001349964623 3 2.0000000000
1 24 13 159744.000000 0.00000289968102 3 1.0000000000
1 24 14 172032.000000 0.00000124892722 3 0.0000000000
1 24 15 184320.000000 0.00000041398980 5 -0.5000000000
1 24 16 196608.000000 0.00000005939604 2 -1.7500000000
