4 0 0 0.000000 0.00175277981907 0 3.0000000000
4 0 1 49152.000000 0.00111303303856 0 3.0000000000
4 0 2 98304.000000 0.00028448132798 4 2.2500000000
4 0 3 147456.000000 0.00010776950512 3 1.2500000000
4 0 4 196608.000000 0.00004920254287 6 1.0000000000
4 0 5 245760.000000 0.00002324305206 4 0.2500000000
4 0 6 294912.000000 0.00000949289461 5 -0.2500000000
4 0 7 344064.000000 0.00000353684368 5 -0.7500000000
4 0 8 393216.000000 0.00000098843145 3 -1.7500000000
4 0 9 442368.000000 0.00000027200409 4 -2.5000000000
4 0 10 491520.000000 0.00000007074225 3 -3.5000000000
4 0 11 540672.000000 0.00000001829306 3 -4.5000000000
4 0 12 589824.000000 0.00000000441110 3 -5.5000000000
4 0 13 638976.000000 0.00000000104362 3 -6.5000000000
4 0 14 688128.000000 0.00000000027825 3 -7.5000000000
4 0 15 737280.000000 0.00000000007493 3 -8.5000000000
4 0 16 786432.000000 0.00000000001988 3 -9.5000000000
4 1 0 0.000000 0.01439367514104 0 4.0000000000
4 1 1 49152.000000 0.00703040603548 0 4.0000000000
4 1 2 98304.000000 0.00175034557469 4 3.2500000000
4 1 3 147456.000000 0.00075041915989 5 2.7500000000
4 1 4 196608.000000 0.00026276474819 3 1.7500000000
4 1 5 245760.000000 0.00009201226203 6 1.5000000000
4 1 6 294912.000000 0.00003220795043 4 0.7500000000
4 1 7 344064.000000 0.00001027479266 4 0.0000000000
4 1 8 393216.000000 0.00000316892215 3 -1.0000000000
4 1 9 442368.000000 0.00000096938459 3 -2.0000000000
4 1 10 491520.000000 0.00000026269311 4 -2.7500000000
4 1 11 540672.000000 0.00000007996341 3 -3.7500000000
4 1 12 589824.000000 0.00000002468044 4 -4.5000000000
4 1 13 638976.000000 0.00000000570896 3 -5.5000000000
4 1 14 688128.000000 0.00000000132534 3 -6.5000000000
4 1 15 737280.000000 0.00000000032676 3 -7.5000000000
4 1 16 786432.000000 0.00000000008342 3 -8.5000000000
4 2 0 0.000000 0.16339361667633 0 5.0000000000
4 2 1 49152.000000 0.07004120200872 0 5.0000000000
4 2 2 98304.000000 0.01508689578623 6 4.7500000000
4 2 3 147456.000000 0.00513597531244 4 4.0000000000
4 2 4 196608.000000 0.00182965397835 4 3.2500000000
4 2 5 245760.000000 0.00067261763616 4 2.5000000000
4 2 6 294912.000000 0.00019987142878 4 1.7500000000
4 2 7 344064.000000 0.00007283026207 4 1.0000000000
4 2 8 393216.000000 0.00002242562005 4 0.2500000000
4 2 9 442368.000000 0.00000696011648 4 -0.5000000000
4 2 10 491520.000000 0.00000190132971 3 -1.5000000000
4 2 11 540672.000000 0.00000056579057 3 -2.5000000000
4 2 12 589824.000000 0.00000016247741 4 -3.2500000000
4 2 13 638976.000000 0.00000004063110 3 -4.2500000000
4 2 14 688128.000000 0.00000000993140 3 -5.2500000000
4 2 15 737280.000000 0.00000000248648 3 -6.2500000000
4 2 16 786432.000000 0.00000000065104 3 -7.2500000000
4 3 0 0.000000 0.00273290812038 0 3.0000000000
4 3 1 49152.000000 0.00143375853077 1 3.2500000000
4 3 2 98304.000000 0.00042531790677 4 2.5000000000
4 3 3 147456.000000 0.00016522311489 3 1.5000000000
4 3 4 196608.000000 0.00006863406452 5 1.0000000000
4 3 5 245760.000000 0.00002293022408 5 0.5000000000
4 3 6 294912.000000 0.00000902740521 4 -0.2500000000
4 3 7 344064.000000 0.00000302357466 4 -1.0000000000
4 3 8 393216.000000 0.00000083256850 4 -1.7500000000
4 3 9 442368.000000 0.00000022803069 3 -2.7500000000
4 3 10 491520.000000 0.00000006932655 3 -3.7500000000
4 3 11 540672.000000 0.00000001904074 4 -4.5000000000
4 3 12 589824.000000 0.00000000448902 3 -5.5000000000
4 3 13 638976.000000 0.00000000126383 3 -6.5000000000
4 3 14 688128.000000 0.00000000029493 3 -7.5000000000
4 3 15 737280.000000 0.00000000006833 3 -8.5000000000
4 3 16 786432.000000 0.00000000001752 3 -9.5000000000
4 4 0 0.000000 0.07515864819288 0 4.0000000000
4 4 1 49152.000000 0.03566981106997 1 4.2500000000
4 4 2 98304.000000 0.00637426273897 7 4.2500000000
4 4 3 147456.000000 0.00204470311292 3 3.2500000000
4 4 4 196608.000000 0.00091218721354 4 2.5000000000
4 4 5 245760.000000 0.00046820624266 5 2.0000000000
4 4 6 294912.000000 0.00023083618726 6 1.7500000000
4 4 7 344064.000000 0.00007345436461 4 1.0000000000
4 4 8 393216.000000 0.00002395655429 4 0.2500000000
4 4 9 442368.000000 0.00000551185349 3 -0.7500000000
4 4 10 491520.000000 0.00000178557741 4 -1.5000000000
4 4 11 540672.000000 0.00000045440493 3 -2.5000000000
4 4 12 589824.000000 0.00000011766268 3 -3.5000000000
4 4 13 638976.000000 0.00000002605347 3 -4.5000000000
4 4 14 688128.000000 0.00000000717842 3 -5.5000000000
4 4 15 737280.000000 0.00000000179291 3 -6.5000000000
4 4 16 786432.000000 0.00000000044371 3 -7.5000000000
4 5 0 0.000000 0.15800115466118 0 5.0000000000
4 5 1 49152.000000 0.06549583375454 0 5.0000000000
4 5 2 98304.000000 0.01329439692199 5 4.5000000000
4 5 3 147456.000000 0.00490339286625 5 4.0000000000
4 5 4 196608.000000 0.00165839050896 4 3.2500000000
4 5 5 245760.000000 0.00060600799043 4 2.5000000000
4 5 6 294912.000000 0.00019148027059 4 1.7500000000
4 5 7 344064.000000 0.00006122355990 4 1.0000000000
4 5 8 393216.000000 0.00001811134462 4 0.2500000000
4 5 9 442368.000000 0.00000488731894 3 -0.7500000000
4 5 10 491520.000000 0.00000119688900 3 -1.7500000000
4 5 11 540672.000000 0.00000034248995 3 -2.7500000000
4 5 12 589824.000000 0.00000008792514 3 -3.7500000000
4 5 13 638976.000000 0.00000002595399 3 -4.7500000000
4 5 14 688128.000000 0.00000000769995 4 -5.5000000000
4 5 15 737280.000000 0.00000000185167 3 -6.5000000000
4 5 16 786432.000000 0.00000000046106 3 -7.5000000000
4 6 0 0.000000 0.00256663211621 0 3.0000000000
4 6 1 49152.000000 0.00136547861621 0 3.0000000000
4 6 2 98304.000000 0.00042215781286 5 2.5000000000
4 6 3 147456.000000 0.00017442474200 3 1.5000000000
4 6 4 196608.000000 0.00007647691382 6 1.2500000000
4 6 5 245760.000000 0.00003172238576 5 0.7500000000
4 6 6 294912.000000 0.00001163256275 4 0.0000000000
4 6 7 344064.000000 0.00000368823021 4 -0.7500000000
4 6 8 393216.000000 0.00000120625418 4 -1.5000000000
4 6 9 442368.000000 0.00000029429688 3 -2.5000000000
4 6 10 491520.000000 0.00000007950012 3 -3.5000000000
4 6 11 540672.000000 0.00000002055232 3 -4.5000000000
4 6 12 589824.000000 0.00000000670422 4 -5.2500000000
4 6 13 638976.000000 0.00000000175088 3 -6.2500000000
4 6 14 688128.000000 0.00000000039154 3 -7.2500000000
4 6 15 737280.000000 0.00000000009645 3 -8.2500000000
4 6 16 786432.000000 0.00000000002536 3 -9.2500000000
4 7 0 0.000000 0.05247532576323 0 4.0000000000
4 7 1 49152.000000 0.02730078622699 4 5.0000000000
4 7 2 98304.000000 0.00517711834982 4 4.2500000000
4 7 3 147456.000000 0.00157562515233 3 3.2500000000
4 7 4 196608.000000 0.00051451887703 4 2.5000000000
4 7 5 245760.000000 0.00018084999465 3 1.5000000000
4 7 6 294912.000000 0.00006600432243 4 0.7500000000
4 7 7 344064.000000 0.00002062013664 4 0.0000000000
4 7 8 393216.000000 0.00000777977948 5 -0.5000000000
4 7 9 442368.000000 0.00000251848974 3 -1.5000000000
4 7 10 491520.000000 0.00000062983810 4 -2.2500000000
4 7 11 540672.000000 0.00000019134134 3 -3.2500000000
4 7 12 589824.000000 0.00000005336010 4 -4.0000000000
4 7 13 638976.000000 0.00000001439402 3 -5.0000000000
4 7 14 688128.000000 0.00000000326189 3 -6.0000000000
4 7 15 737280.000000 0.00000000082112 3 -7.0000000000
4 7 16 786432.000000 0.00000000020202 3 -8.0000000000
4 8 0 0.000000 6.31848669052124 0 7.0000000000
4 8 1 49152.000000 4.38359928131104 1 7.2500000000
4 8 2 98304.000000 0.71609127521515 2 6.0000000000
4 8 3 147456.000000 0.15575638413429 5 5.5000000000
4 8 4 196608.000000 0.06264240294695 4 4.7500000000
4 8 5 245760.000000 0.02178976312280 5 4.2500000000
4 8 6 294912.000000 0.00663846684620 4 3.5000000000
4 8 7 344064.000000 0.00222395826131 3 2.5000000000
4 8 8 393216.000000 0.00088002759730 4 1.7500000000
4 8 9 442368.000000 0.00027086443151 5 1.2500000000
4 8 10 491520.000000 0.00007925979298 3 0.2500000000
4 8 11 540672.000000 0.00002684350511 3 -0.7500000000
4 8 12 589824.000000 0.00000606092772 4 -1.5000000000
4 8 13 638976.000000 0.00000152826544 3 -2.5000000000
4 8 14 688128.000000 0.00000037540750 3 -3.5000000000
4 8 15 737280.000000 0.00000011104711 3 -4.5000000000
4 8 16 786432.000000 0.00000003729280 3 -5.5000000000
