4 0 0 0.000000 0.00090015749447 0 -5.0000000000
4 0 1 49152.000000 0.00054500933038 0 -5.0000000000
4 0 2 98304.000000 0.00015197129687 1 -6.5000000000
4 0 3 147456.000000 0.00005851887545 6 -6.7500000000
4 0 4 196608.000000 0.00002164124453 4 -7.5000000000
4 0 5 245760.000000 0.00000985062979 4 -8.2500000000
4 0 6 294912.000000 0.00000344259024 5 -8.7500000000
4 0 7 344064.000000 0.00000142304646 5 -9.2500000000
4 0 8 393216.000000 0.00000042094928 4 -10.0000000000
4 0 9 442368.000000 0.00000010943448 3 -11.0000000000
4 0 10 491520.000000 0.00000002739547 3 -12.0000000000
4 0 11 540672.000000 0.00000000661427 3 -13.0000000000
4 0 12 589824.000000 0.00000000177287 3 -14.0000000000
4 0 13 638976.000000 0.00000000042383 3 -15.0000000000
4 0 14 688128.000000 0.00000000011505 3 -16.0000000000
4 0 15 737280.000000 0.00000000002675 3 -17.0000000000
4 0 16 786432.000000 0.00000000000701 3 -18.0000000000
4 1 0 0.000000 0.01365310791880 0 -5.0000000000
4 1 1 49152.000000 0.00669515645131 0 -5.0000000000
4 1 2 98304.000000 0.00164381763898 5 -5.5000000000
4 1 3 147456.000000 0.00055282778339 4 -6.2500000000
4 1 4 196608.000000 0.00021807516168 4 -7.0000000000
4 1 5 245760.000000 0.00007895490853 4 -7.7500000000
4 1 6 294912.000000 0.00002923361717 5 -8.2500000000
4 1 7 344064.000000 0.00000966511107 4 -9.0000000000
4 1 8 393216.000000 0.00000287468310 4 -9.7500000000
4 1 9 442368.000000 0.00000075712410 3 -10.7500000000
4 1 10 491520.000000 0.00000018508076 3 -11.7500000000
4 1 11 540672.000000 0.00000004549972 3 -12.7500000000
4 1 12 589824.000000 0.00000001084493 3 -13.7500000000
4 1 13 638976.000000 0.00000000299578 3 -14.7500000000
4 1 14 688128.000000 0.00000000086315 3 -15.7500000000
4 1 15 737280.000000 0.00000000025052 4 -16.5000000000
4 1 16 786432.000000 0.00000000005920 3 -17.5000000000
4 2 0 0.000000 0.17212140560150 0 -4.0000000000
4 2 1 49152.000000 0.07494442909956 0 -4.0000000000
4 2 2 98304.000000 0.01272491924465 3 -5.0000000000
4 2 3 147456.000000 0.00435117911547 4 -5.7500000000
4 2 4 196608.000000 0.00153704173863 5 -6.2500000000
4 2 5 245760.000000 0.00051855744096 4 -7.0000000000
4 2 6 294912.000000 0.00016388954828 4 -7.7500000000
4 2 7 344064.000000 0.00005949580373 4 -8.5000000000
4 2 8 393216.000000 0.00001641368181 3 -9.5000000000
4 2 9 442368.000000 0.00000441432258 4 -10.2500000000
4 2 10 491520.000000 0.00000113564624 3 -11.2500000000
4 2 11 540672.000000 0.00000031027855 3 -12.2500000000
4 2 12 589824.000000 0.00000006948121 3 -13.2500000000
4 2 13 638976.000000 0.00000001878507 3 -14.2500000000
4 2 14 688128.000000 0.00000000468962 3 -15.2500000000
4 2 15 737280.000000 0.00000000111574 3 -16.2500000000
4 2 16 786432.000000 0.00000000027652 3 -17.2500000000
4 3 0 0.000000 0.00243329745717 0 -5.0000000000
4 3 1 49152.000000 0.00135581253562 0 -5.0000000000
4 3 2 98304.000000 0.00036788443686 2 -6.2500000000
4 3 3 147456.000000 0.00014123383153 5 -6.7500000000
4 3 4 196608.000000 0.00006590304110 4 -7.5000000000
4 3 5 245760.000000 0.00002659957499 5 -8.0000000000
4 3 6 294912.000000 0.00001102777242 6 -8.2500000000
4 3 7 344064.000000 0.00000382882581 4 -9.0000000000
4 3 8 393216.000000 0.00000089610137 3 -10.0000000000
4 3 9 442368.000000 0.00000027635798 3 -11.0000000000
4 3 10 491520.000000 0.00000007923640 4 -11.7500000000
4 3 11 540672.000000 0.00000002032113 3 -12.7500000000
4 3 12 589824.000000 0.00000000515710 3 -13.7500000000
4 3 13 638976.000000 0.00000000121863 3 -14.7500000000
4 3 14 688128.000000 0.00000000029990 3 -15.7500000000
4 3 15 737280.000000 0.00000000007610 3 -16.7500000000
4 3 16 786432.000000 0.00000000001959 3 -17.7500000000
4 4 0 0.000000 0.03619584813714 0 -5.0000000000
4 4 1 49152.000000 0.01550507079810 1 -4.7500000000
4 4 2 98304.000000 0.00329956482165 6 -5.0000000000
4 4 3 147456.000000 0.00100550812203 2 -6.2500000000
4 4 4 196608.000000 0.00026180269197 4 -7.0000000000
4 4 5 245760.000000 0.00008041855472 4 -7.7500000000
4 4 6 294912.000000 0.00002636892168 4 -8.5000000000
4 4 7 344064.000000 0.00000834186358 3 -9.5000000000
4 4 8 393216.000000 0.00000241914472 4 -10.2500000000
4 4 9 442368.000000 0.00000074671516 4 -11.0000000000
4 4 10 491520.000000 0.00000019930646 3 -12.0000000000
4 4 11 540672.000000 0.00000005583221 3 -13.0000000000
4 4 12 589824.000000 0.00000001626504 4 -13.7500000000
4 4 13 638976.000000 0.00000000401888 3 -14.7500000000
4 4 14 688128.000000 0.00000000098738 3 -15.7500000000
4 4 15 737280.000000 0.00000000027021 3 -16.7500000000
4 4 16 786432.000000 0.00000000006930 3 -17.7500000000
4 5 0 0.000000 0.15320004522800 0 -4.0000000000
4 5 1 49152.000000 0.07193152606487 0 -4.0000000000
4 5 2 98304.000000 0.01190370693803 3 -5.0000000000
4 5 3 147456.000000 0.00369858369231 4 -5.7500000000
4 5 4 196608.000000 0.00140541675501 5 -6.2500000000
4 5 5 245760.000000 0.00061616330640 4 -7.0000000000
4 5 6 294912.000000 0.00025475156144 5 -7.5000000000
4 5 7 344064.000000 0.00007887212996 4 -8.2500000000
4 5 8 393216.000000 0.00002355787910 4 -9.0000000000
4 5 9 442368.000000 0.00000644596685 3 -10.0000000000
4 5 10 491520.000000 0.00000171935619 3 -11.0000000000
4 5 11 540672.000000 0.00000038215521 3 -12.0000000000
4 5 12 589824.000000 0.00000009542691 3 -13.0000000000
4 5 13 638976.000000 0.00000002547986 3 -14.0000000000
4 5 14 688128.000000 0.00000000619582 3 -15.0000000000
4 5 15 737280.000000 0.00000000147237 3 -16.0000000000
4 5 16 786432.000000 0.00000000041454 3 -17.0000000000
4 6 0 0.000000 0.00230043311603 0 -5.0000000000
4 6 1 49152.000000 0.00132760370616 0 -5.0000000000
4 6 2 98304.000000 0.00040372592048 3 -6.0000000000
4 6 3 147456.000000 0.00014988231123 4 -6.7500000000
4 6 4 196608.000000 0.00006307457807 5 -7.2500000000
4 6 5 245760.000000 0.00002632494034 5 -7.7500000000
4 6 6 294912.000000 0.00000944173462 4 -8.5000000000
4 6 7 344064.000000 0.00000318700381 4 -9.2500000000
4 6 8 393216.000000 0.00000088733373 4 -10.0000000000
4 6 9 442368.000000 0.00000029061044 4 -10.7500000000
4 6 10 491520.000000 0.00000007047330 3 -11.7500000000
4 6 11 540672.000000 0.00000001881976 3 -12.7500000000
4 6 12 589824.000000 0.00000000536682 3 -13.7500000000
4 6 13 638976.000000 0.00000000132338 3 -14.7500000000
4 6 14 688128.000000 0.00000000028061 3 -15.7500000000
4 6 15 737280.000000 0.00000000007573 3 -16.7500000000
4 6 16 786432.000000 0.00000000001887 3 -17.7500000000
4 7 0 0.000000 0.03793685138226 0 -5.0000000000
4 7 1 49152.000000 0.01578559726477 2 -4.5000000000
4 7 2 98304.000000 0.00333818024956 5 -5.0000000000
4 7 3 147456.000000 0.00102298182901 3 -6.0000000000
4 7 4 196608.000000 0.00040666596033 4 -6.7500000000
4 7 5 245760.000000 0.00013450566621 4 -7.5000000000
4 7 6 294912.000000 0.00004841493501 5 -8.0000000000
4 7 7 344064.000000 0.00001328663984 3 -9.0000000000
4 7 8 393216.000000 0.00000445409933 4 -9.7500000000
4 7 9 442368.000000 0.00000122164749 3 -10.7500000000
4 7 10 491520.000000 0.00000029389588 3 -11.7500000000
4 7 11 540672.000000 0.00000006626429 3 -12.7500000000
4 7 12 589824.000000 0.00000001782934 3 -13.7500000000
4 7 13 638976.000000 0.00000000404455 3 -14.7500000000
4 7 14 688128.000000 0.00000000105992 3 -15.7500000000
4 7 15 737280.000000 0.00000000026467 3 -16.7500000000
4 7 16 786432.000000 0.00000000006189 3 -17.7500000000
4 8 0 0.000000 4.82986021041870 0 -3.0000000000
4 8 1 49152.000000 4.28837299346924 0 -3.0000000000
4 8 2 98304.000000 0.51491034030914 3 -4.0000000000
4 8 3 147456.000000 0.13187299668789 6 -4.2500000000
4 8 4 196608.000000 0.04772952944040 4 -5.0000000000
4 8 5 245760.000000 0.01845615170896 4 -5.7500000000
4 8 6 294912.000000 0.00610141316429 5 -6.2500000000
4 8 7 344064.000000 0.00199727015570 3 -7.2500000000
4 8 8 393216.000000 0.00047214169172 4 -8.0000000000
4 8 9 442368.000000 0.00013837858569 3 -9.0000000000
4 8 10 491520.000000 0.00004575907587 4 -9.7500000000
4 8 11 540672.000000 0.00000998455471 3 -10.7500000000
4 8 12 589824.000000 0.00000235765856 3 -11.7500000000
4 8 13 638976.000000 0.00000061574889 3 -12.7500000000
4 8 14 688128.000000 0.00000014930674 3 -13.7500000000
4 8 15 737280.000000 0.00000003741889 3 -14.7500000000
4 8 16 786432.000000 0.00000000932591 3 -15.7500000000
