1 0 0 0.000000 0.00035108279553 0 -6.0000000000
1 0 1 12288.000000 0.00013176469656 2 -5.5000000000
1 0 2 24576.000000 0.00002974318704 3 -6.5000000000
1 0 3 36864.000000 0.00000869901214 5 -7.0000000000
1 0 4 49152.000000 0.00000296342341 3 -8.0000000000
1 0 5 61440.000000 0.00000095957887 4 -8.7500000000
1 0 6 73728.000000 0.00000026768907 5 -9.2500000000
1 0 7 86016.000000 0.00000007926525 3 -10.2500000000
1 0 8 98304.000000 0.00000002579951 4 -11.0000000000
1 0 9 110592.000000 0.00000000638107 3 -12.0000000000
1 0 10 122880.000000 0.00000000158452 3 -13.0000000000
1 0 11 135168.000000 0.00000000043801 3 -14.0000000000
1 0 12 147456.000000 0.00000000009826 3 -15.0000000000
1 0 13 159744.000000 0.00000000002696 3 -16.0000000000
1 0 14 172032.000000 0.00000000000778 3 -17.0000000000
1 0 15 184320.000000 0.00000000000287 3 -18.0000000000
1 0 16 196608.000000 0.00000000000149 3 -19.0000000000
1 1 0 0.000000 0.00124270562083 0 -5.0000000000
1 1 1 12288.000000 0.00070338213118 0 -5.0000000000
1 1 2 24576.000000 0.00013004295761 3 -6.0000000000
1 1 3 36864.000000 0.00003780806946 3 -7.0000000000
1 1 4 49152.000000 0.00001043224529 4 -7.7500000000
1 1 5 61440.000000 0.00000326367876 4 -8.5000000000
1 1 6 73728.000000 0.00000109820303 4 -9.2500000000
1 1 7 86016.000000 0.00000031477708 3 -10.2500000000
1 1 8 98304.000000 0.00000008678560 4 -11.0000000000
1 1 9 110592.000000 0.00000002186886 3 -12.0000000000
1 1 10 122880.000000 0.00000000518772 3 -13.0000000000
1 1 11 135168.000000 0.00000000121275 3 -14.0000000000
1 1 12 147456.000000 0.00000000029063 3 -15.0000000000
1 1 13 159744.000000 0.00000000008850 3 -16.0000000000
1 1 14 172032.000000 0.00000000002826 3 -17.0000000000
1 1 15 184320.000000 0.00000000000543 3 -18.0000000000
1 1 16 196608.000000 0.00000000000218 3 -19.0000000000
1 2 0 0.000000 0.00275610433891 0 -5.0000000000
1 2 1 12288.000000 0.00163195829373 1 -4.7500000000
1 2 2 24576.000000 0.00056614144705 3 -5.7500000000
1 2 3 36864.000000 0.00018206032109 6 -6.0000000000
1 2 4 49152.000000 0.00005764197340 5 -6.5000000000
1 2 5 61440.000000 0.00001987257201 4 -7.2500000000
1 2 6 73728.000000 0.00000542231373 3 -8.2500000000
1 2 7 86016.000000 0.00000179966537 4 -9.0000000000
1 2 8 98304.000000 0.00000040741466 3 -10.0000000000
1 2 9 110592.000000 0.00000010292904 3 -11.0000000000
1 2 10 122880.000000 0.00000002578214 3 -12.0000000000
1 2 11 135168.000000 0.00000000727237 3 -13.0000000000
1 2 12 147456.000000 0.00000000164568 3 -14.0000000000
1 2 13 159744.000000 0.00000000039854 3 -15.0000000000
1 2 14 172032.000000 0.00000000009562 3 -16.0000000000
1 2 15 184320.000000 0.00000000002694 3 -17.0000000000
1 2 16 196608.000000 0.00000000000775 3 -18.0000000000
1 3 0 0.000000 0.01379289757460 0 -4.0000000000
1 3 1 12288.000000 0.00742884771898 0 -4.0000000000
1 3 2 24576.000000 0.00157194305211 4 -4.7500000000
1 3 3 36864.000000 0.00060505134752 5 -5.2500000000
1 3 4 49152.000000 0.00019794130640 3 -6.2500000000
1 3 5 61440.000000 0.00006565908552 5 -6.7500000000
1 3 6 73728.000000 0.00001962656097 3 -7.7500000000
1 3 7 86016.000000 0.00000619214416 4 -8.5000000000
1 3 8 98304.000000 0.00000150109167 3 -9.5000000000
1 3 9 110592.000000 0.00000042632419 3 -10.5000000000
1 3 10 122880.000000 0.00000010376019 3 -11.5000000000
1 3 11 135168.000000 0.00000003359852 4 -12.2500000000
1 3 12 147456.000000 0.00000000777257 3 -13.2500000000
1 3 13 159744.000000 0.00000000204254 3 -14.2500000000
1 3 14 172032.000000 0.00000000049616 3 -15.2500000000
1 3 15 184320.000000 0.00000000013184 3 -16.2500000000
1 3 16 196608.000000 0.00000000003178 3 -17.2500000000
1 4 0 0.000000 0.65219432115555 0 -3.0000000000
1 4 1 12288.000000 0.40844222903252 0 -3.0000000000
1 4 2 24576.000000 0.09596116095781 4 -3.7500000000
1 4 3 36864.000000 0.01642779633403 4 -4.5000000000
1 4 4 49152.000000 0.00352360447869 4 -5.2500000000
1 4 5 61440.000000 0.00149996648543 5 -5.7500000000
1 4 6 73728.000000 0.00047349164379 3 -6.7500000000
1 4 7 86016.000000 0.00012108871306 3 -7.7500000000
1 4 8 98304.000000 0.00003596007809 4 -8.5000000000
1 4 9 110592.000000 0.00000960084708 3 -9.5000000000
1 4 10 122880.000000 0.00000286018599 3 -10.5000000000
1 4 11 135168.000000 0.00000075875761 3 -11.5000000000
1 4 12 147456.000000 0.00000014738605 3 -12.5000000000
1 4 13 159744.000000 0.00000003371732 3 -13.5000000000
1 4 14 172032.000000 0.00000001206609 3 -14.5000000000
1 4 15 184320.000000 0.00000000284757 3 -15.5000000000
1 4 16 196608.000000 0.00000000065023 3 -16.5000000000
1 5 0 0.000000 0.00014028059377 0 -6.0000000000
1 5 1 12288.000000 0.00007737018313 1 -5.7500000000
1 5 2 24576.000000 0.00002618144026 3 -6.7500000000
1 5 3 36864.000000 0.00000888113027 6 -7.0000000000
1 5 4 49152.000000 0.00000292928667 4 -7.7500000000
1 5 5 61440.000000 0.00000097722693 4 -8.5000000000
1 5 6 73728.000000 0.00000026936567 3 -9.5000000000
1 5 7 86016.000000 0.00000007382217 4 -10.2500000000
1 5 8 98304.000000 0.00000001953969 3 -11.2500000000
1 5 9 110592.000000 0.00000000492599 3 -12.2500000000
1 5 10 122880.000000 0.00000000128194 3 -13.2500000000
1 5 11 135168.000000 0.00000000028927 3 -14.2500000000
1 5 12 147456.000000 0.00000000007287 3 -15.2500000000
1 5 13 159744.000000 0.00000000001945 3 -16.2500000000
1 5 14 172032.000000 0.00000000000539 3 -17.2500000000
1 5 15 184320.000000 0.00000000000225 3 -18.2500000000
1 5 16 196608.000000 0.00000000000120 4 -19.0000000000
1 6 0 0.000000 0.00090947694844 0 -5.0000000000
1 6 1 12288.000000 0.00057913828641 0 -5.0000000000
1 6 2 24576.000000 0.00014262493642 4 -5.7500000000
1 6 3 36864.000000 0.00004724627797 4 -6.5000000000
1 6 4 49152.000000 0.00001508183504 4 -7.2500000000
1 6 5 61440.000000 0.00000502040848 4 -8.0000000000
1 6 6 73728.000000 0.00000134912193 3 -9.0000000000
1 6 7 86016.000000 0.00000043117453 4 -9.7500000000
1 6 8 98304.000000 0.00000012067731 3 -10.7500000000
1 6 9 110592.000000 0.00000003471242 4 -11.5000000000
1 6 10 122880.000000 0.00000000887544 3 -12.5000000000
1 6 11 135168.000000 0.00000000216364 3 -13.5000000000
1 6 12 147456.000000 0.00000000052445 3 -14.5000000000
1 6 13 159744.000000 0.00000000013010 3 -15.5000000000
1 6 14 172032.000000 0.00000000003758 3 -16.5000000000
1 6 15 184320.000000 0.00000000000931 3 -17.5000000000
1 6 16 196608.000000 0.00000000000313 3 -18.5000000000
1 7 0 0.000000 0.00216091400944 0 -5.0000000000
1 7 1 12288.000000 0.00115190981887 0 -5.0000000000
1 7 2 24576.000000 0.00035015167668 5 -5.5000000000
1 7 3 36864.000000 0.00011532007193 5 -6.0000000000
1 7 4 49152.000000 0.00003939407179 4 -6.7500000000
1 7 5 61440.000000 0.00001302483361 4 -7.5000000000
1 7 6 73728.000000 0.00000383832185 4 -8.2500000000
1 7 7 86016.000000 0.00000138832127 4 -9.0000000000
1 7 8 98304.000000 0.00000034913160 3 -10.0000000000
1 7 9 110592.000000 0.00000008466456 3 -11.0000000000
1 7 10 122880.000000 0.00000002033847 3 -12.0000000000
1 7 11 135168.000000 0.00000000531141 3 -13.0000000000
1 7 12 147456.000000 0.00000000172882 3 -14.0000000000
1 7 13 159744.000000 0.00000000042932 4 -14.7500000000
1 7 14 172032.000000 0.00000000010891 3 -15.7500000000
1 7 15 184320.000000 0.00000000002793 3 -16.7500000000
1 7 16 196608.000000 0.00000000000811 3 -17.7500000000
1 8 0 0.000000 0.01737212948501 0 -4.0000000000
1 8 1 12288.000000 0.00867786537856 0 -4.0000000000
1 8 2 24576.000000 0.00223130825907 4 -4.7500000000
1 8 3 36864.000000 0.00078762910562 4 -5.5000000000
1 8 4 49152.000000 0.00025007163640 4 -6.2500000000
1 8 5 61440.000000 0.00008105712186 4 -7.0000000000
1 8 6 73728.000000 0.00002179845978 4 -7.7500000000
1 8 7 86016.000000 0.00000729963222 3 -8.7500000000
1 8 8 98304.000000 0.00000178266987 4 -9.5000000000
1 8 9 110592.000000 0.00000047379348 3 -10.5000000000
1 8 10 122880.000000 0.00000011662176 3 -11.5000000000
1 8 11 135168.000000 0.00000002960203 3 -12.5000000000
1 8 12 147456.000000 0.00000000725587 3 -13.5000000000
1 8 13 159744.000000 0.00000000209920 3 -14.5000000000
1 8 14 172032.000000 0.00000000042951 3 -15.5000000000
1 8 15 184320.000000 0.00000000011565 3 -16.5000000000
1 8 16 196608.000000 0.00000000003336 3 -17.5000000000
1 9 0 0.000000 0.49192932248116 0 -3.0000000000
1 9 1 12288.000000 0.35186260938644 0 -3.0000000000
1 9 2 24576.000000 0.06241993233562 4 -3.7500000000
1 9 3 36864.000000 0.01034052204341 4 -4.5000000000
1 9 4 49152.000000 0.00258326670155 3 -5.5000000000
1 9 5 61440.000000 0.00069666060153 4 -6.2500000000
1 9 6 73728.000000 0.00026170880301 4 -7.0000000000
1 9 7 86016.000000 0.00006805139856 3 -8.0000000000
1 9 8 98304.000000 0.00001932853047 3 -9.0000000000
1 9 9 110592.000000 0.00000397725489 3 -10.0000000000
1 9 10 122880.000000 0.00000092345772 3 -11.0000000000
1 9 11 135168.000000 0.00000025468287 3 -12.0000000000
1 9 12 147456.000000 0.00000006211322 3 -13.0000000000
1 9 13 159744.000000 0.00000001449270 3 -14.0000000000
1 9 14 172032.000000 0.00000000390023 3 -15.0000000000
1 9 15 184320.000000 0.00000000096219 3 -16.0000000000
1 9 16 196608.000000 0.00000000024616 3 -17.0000000000
1 10 0 0.000000 0.00012687871640 0 -6.0000000000
1 10 1 12288.000000 0.00007645814185 0 -6.0000000000
1 10 2 24576.000000 0.00002104821942 5 -6.5000000000
1 10 3 36864.000000 0.00000742415250 4 -7.2500000000
1 10 4 49152.000000 0.00000227300416 4 -8.0000000000
1 10 5 61440.000000 0.00000077413534 4 -8.7500000000
1 10 6 73728.000000 0.00000025428736 4 -9.5000000000
1 10 7 86016.000000 0.00000007739391 4 -10.2500000000
1 10 8 98304.000000 0.00000001984435 3 -11.2500000000
1 10 9 110592.000000 0.00000000491137 3 -12.2500000000
1 10 10 122880.000000 0.00000000116036 3 -13.2500000000
1 10 11 135168.000000 0.00000000035144 3 -14.2500000000
1 10 12 147456.000000 0.00000000011076 4 -15.0000000000
1 10 13 159744.000000 0.00000000002737 3 -16.0000000000
1 10 14 172032.000000 0.00000000000728 3 -17.0000000000
1 10 15 184320.000000 0.00000000000269 3 -18.0000000000
1 10 16 196608.000000 0.00000000000132 3 -19.0000000000
1 11 0 0.000000 0.00088833336486 0 -5.0000000000
1 11 1 12288.000000 0.00056669744663 0 -5.0000000000
1 11 2 24576.000000 0.00012931560923 4 -5.7500000000
1 11 3 36864.000000 0.00004532673847 4 -6.5000000000
1 11 4 49152.000000 0.00001430980774 4 -7.2500000000
1 11 5 61440.000000 0.00000470022951 4 -8.0000000000
1 11 6 73728.000000 0.00000137447716 3 -9.0000000000
1 11 7 86016.000000 0.00000036522695 4 -9.7500000000
1 11 8 98304.000000 0.00000009922135 3 -10.7500000000
1 11 9 110592.000000 0.00000002954643 3 -11.7500000000
1 11 10 122880.000000 0.00000000792615 4 -12.5000000000
1 11 11 135168.000000 0.00000000213380 3 -13.5000000000
1 11 12 147456.000000 0.00000000052656 3 -14.5000000000
1 11 13 159744.000000 0.00000000013354 3 -15.5000000000
1 11 14 172032.000000 0.00000000003278 3 -16.5000000000
1 11 15 184320.000000 0.00000000000968 3 -17.5000000000
1 11 16 196608.000000 0.00000000000304 3 -18.5000000000
1 12 0 0.000000 0.02157610096037 0 -4.0000000000
1 12 1 12288.000000 0.01287094876170 1 -3.7500000000
1 12 2 24576.000000 0.00191724696197 2 -5.0000000000
1 12 3 36864.000000 0.00061333173653 5 -5.5000000000
1 12 4 49152.000000 0.00024030450732 4 -6.2500000000
1 12 5 61440.000000 0.00007266300236 4 -7.0000000000
1 12 6 73728.000000 0.00001944934411 4 -7.7500000000
1 12 7 86016.000000 0.00000664669233 3 -8.7500000000
1 12 8 98304.000000 0.00000152057657 4 -9.5000000000
1 12 9 110592.000000 0.00000047997383 3 -10.5000000000
1 12 10 122880.000000 0.00000011364749 3 -11.5000000000
1 12 11 135168.000000 0.00000002701470 3 -12.5000000000
1 12 12 147456.000000 0.00000000821943 3 -13.5000000000
1 12 13 159744.000000 0.00000000210380 3 -14.5000000000
1 12 14 172032.000000 0.00000000039155 3 -15.5000000000
1 12 15 184320.000000 0.00000000011570 3 -16.5000000000
1 12 16 196608.000000 0.00000000003127 3 -17.5000000000
1 13 0 0.000000 0.02081649377942 0 -4.0000000000
1 13 1 12288.000000 0.01060510054231 0 -4.0000000000
1 13 2 24576.000000 0.00279255257919 5 -4.5000000000
1 13 3 36864.000000 0.00087190675549 4 -5.2500000000
1 13 4 49152.000000 0.00024706049589 4 -6.0000000000
1 13 5 61440.000000 0.00007315677067 4 -6.7500000000
1 13 6 73728.000000 0.00002153223431 3 -7.7500000000
1 13 7 86016.000000 0.00000650517177 4 -8.5000000000
1 13 8 98304.000000 0.00000166084544 3 -9.5000000000
1 13 9 110592.000000 0.00000040711370 3 -10.5000000000
1 13 10 122880.000000 0.00000010518274 3 -11.5000000000
1 13 11 135168.000000 0.00000003722947 4 -12.2500000000
1 13 12 147456.000000 0.00000000914381 3 -13.2500000000
1 13 13 159744.000000 0.00000000246626 3 -14.2500000000
1 13 14 172032.000000 0.00000000056534 3 -15.2500000000
1 13 15 184320.000000 0.00000000016126 3 -16.2500000000
1 13 16 196608.000000 0.00000000003585 3 -17.2500000000
1 14 0 0.000000 0.45981106162071 0 -3.0000000000
1 14 1 12288.000000 0.18021316826344 2 -2.5000000000
1 14 2 24576.000000 0.03960222750902 4 -3.2500000000
1 14 3 36864.000000 0.01485208887607 4 -4.0000000000
1 14 4 49152.000000 0.00490244524553 4 -4.7500000000
1 14 5 61440.000000 0.00160594726913 4 -5.5000000000
1 14 6 73728.000000 0.00051684863865 4 -6.2500000000
1 14 7 86016.000000 0.00017204786127 4 -7.0000000000
1 14 8 98304.000000 0.00004042362707 3 -8.0000000000
1 14 9 110592.000000 0.00001385865835 4 -8.7500000000
1 14 10 122880.000000 0.00000304648734 3 -9.7500000000
1 14 11 135168.000000 0.00000077825422 3 -10.7500000000
1 14 12 147456.000000 0.00000016789021 3 -11.7500000000
1 14 13 159744.000000 0.00000004953066 3 -12.7500000000
1 14 14 172032.000000 0.00000001207604 3 -13.7500000000
1 14 15 184320.000000 0.00000000344340 3 -14.7500000000
1 14 16 196608.000000 0.00000000080976 3 -15.7500000000
1 15 0 0.000000 0.00024299035431 0 -6.0000000000
1 15 1 12288.000000 0.00013151051826 0 -6.0000000000
1 15 2 24576.000000 0.00003296864452 6 -6.2500000000
1 15 3 36864.000000 0.00000954404914 4 -7.0000000000
1 15 4 49152.000000 0.00000289615332 3 -8.0000000000
1 15 5 61440.000000 0.00000088324816 4 -8.7500000000
1 15 6 73728.000000 0.00000026809681 3 -9.7500000000
1 15 7 86016.000000 0.00000007534166 4 -10.5000000000
1 15 8 98304.000000 0.00000001943639 3 -11.5000000000
1 15 9 110592.000000 0.00000000525544 3 -12.5000000000
1 15 10 122880.000000 0.00000000137130 3 -13.5000000000
1 15 11 135168.000000 0.00000000040500 4 -14.2500000000
1 15 12 147456.000000 0.00000000010214 3 -15.2500000000
1 15 13 159744.000000 0.00000000002721 3 -16.2500000000
1 15 14 172032.000000 0.00000000000712 3 -17.2500000000
1 15 15 184320.000000 0.00000000000248 3 -18.2500000000
1 15 16 196608.000000 0.00000000000128 3 -19.2500000000
1 16 0 0.000000 0.00092143012444 0 -5.0000000000
1 16 1 12288.000000 0.00055930711096 1 -4.7500000000
1 16 2 24576.000000 0.00015518201690 4 -5.5000000000
1 16 3 36864.000000 0.00005364706885 3 -6.5000000000
1 16 4 49152.000000 0.00001878318108 5 -7.0000000000
1 16 5 61440.000000 0.00000568422956 4 -7.7500000000
1 16 6 73728.000000 0.00000156856652 3 -8.7500000000
1 16 7 86016.000000 0.00000047373538 4 -9.5000000000
1 16 8 98304.000000 0.00000010877840 3 -10.5000000000
1 16 9 110592.000000 0.00000003163604 3 -11.5000000000
1 16 10 122880.000000 0.00000000788489 3 -12.5000000000
1 16 11 135168.000000 0.00000000184489 3 -13.5000000000
1 16 12 147456.000000 0.00000000050051 3 -14.5000000000
1 16 13 159744.000000 0.00000000011401 3 -15.5000000000
1 16 14 172032.000000 0.00000000002892 3 -16.5000000000
1 16 15 184320.000000 0.00000000000834 3 -17.5000000000
1 16 16 196608.000000 0.00000000000279 3 -18.5000000000
1 17 0 0.000000 0.01299502328038 0 -4.0000000000
1 17 1 12288.000000 0.00812937784940 0 -4.0000000000
1 17 2 24576.000000 0.00172833388206 4 -4.7500000000
1 17 3 36864.000000 0.00066445482662 4 -5.5000000000
1 17 4 49152.000000 0.00020942193805 4 -6.2500000000
1 17 5 61440.000000 0.00005889547901 5 -6.7500000000
1 17 6 73728.000000 0.00001834239629 3 -7.7500000000
1 17 7 86016.000000 0.00000595767960 3 -8.7500000000
1 17 8 98304.000000 0.00000147202593 4 -9.5000000000
1 17 9 110592.000000 0.00000030715154 3 -10.5000000000
1 17 10 122880.000000 0.00000008475823 3 -11.5000000000
1 17 11 135168.000000 0.00000002138114 3 -12.5000000000
1 17 12 147456.000000 0.00000000569755 3 -13.5000000000
1 17 13 159744.000000 0.00000000171494 3 -14.5000000000
1 17 14 172032.000000 0.00000000045654 3 -15.5000000000
1 17 15 184320.000000 0.00000000009529 3 -16.5000000000
1 17 16 196608.000000 0.00000000002319 3 -17.5000000000
1 18 0 0.000000 0.02142486907542 0 -4.0000000000
1 18 1 12288.000000 0.00970989093184 0 -4.0000000000
1 18 2 24576.000000 0.00238139927387 5 -4.5000000000
1 18 3 36864.000000 0.00069987744791 4 -5.2500000000
1 18 4 49152.000000 0.00026089136372 4 -6.0000000000
1 18 5 61440.000000 0.00008042330592 4 -6.7500000000
1 18 6 73728.000000 0.00002597160892 3 -7.7500000000
1 18 7 86016.000000 0.00000726190319 4 -8.5000000000
1 18 8 98304.000000 0.00000202143178 3 -9.5000000000
1 18 9 110592.000000 0.00000060081447 4 -10.2500000000
1 18 10 122880.000000 0.00000013788429 3 -11.2500000000
1 18 11 135168.000000 0.00000003322059 3 -12.2500000000
1 18 12 147456.000000 0.00000000978390 3 -13.2500000000
1 18 13 159744.000000 0.00000000247070 3 -14.2500000000
1 18 14 172032.000000 0.00000000062068 3 -15.2500000000
1 18 15 184320.000000 0.00000000013520 3 -16.2500000000
1 18 16 196608.000000 0.00000000003586 3 -17.2500000000
1 19 0 0.000000 0.47738793492317 0 -3.0000000000
1 19 1 12288.000000 0.19183562695980 0 -3.0000000000
1 19 2 24576.000000 0.04224298521876 6 -3.2500000000
1 19 3 36864.000000 0.01333435159177 4 -4.0000000000
1 19 4 49152.000000 0.00459836702794 4 -4.7500000000
1 19 5 61440.000000 0.00176240678411 4 -5.5000000000
1 19 6 73728.000000 0.00050510303117 4 -6.2500000000
1 19 7 86016.000000 0.00015910361253 4 -7.0000000000
1 19 8 98304.000000 0.00004323410394 3 -8.0000000000
1 19 9 110592.000000 0.00001526732376 4 -8.7500000000
1 19 10 122880.000000 0.00000345410626 3 -9.7500000000
1 19 11 135168.000000 0.00000090153230 3 -10.7500000000
1 19 12 147456.000000 0.00000021217105 3 -11.7500000000
1 19 13 159744.000000 0.00000005765889 3 -12.7500000000
1 19 14 172032.000000 0.00000001273425 3 -13.7500000000
1 19 15 184320.000000 0.00000000314702 3 -14.7500000000
1 19 16 196608.000000 0.00000000080275 3 -15.7500000000
1 20 0 0.000000 0.00125089474022 0 -5.0000000000
1 20 1 12288.000000 0.00081377418246 0 -5.0000000000
1 20 2 24576.000000 0.00012169593538 3 -6.0000000000
1 20 3 36864.000000 0.00003631494837 3 -7.0000000000
1 20 4 49152.000000 0.00001130782493 5 -7.5000000000
1 20 5 61440.000000 0.00000389721163 4 -8.2500000000
1 20 6 73728.000000 0.00000109100779 3 -9.2500000000
1 20 7 86016.000000 0.00000036269728 4 -10.0000000000
1 20 8 98304.000000 0.00000010181869 4 -10.7500000000
1 20 9 110592.000000 0.00000002664536 3 -11.7500000000
1 20 10 122880.000000 0.00000000782069 3 -12.7500000000
1 20 11 135168.000000 0.00000000153622 3 -13.7500000000
1 20 12 147456.000000 0.00000000040004 3 -14.7500000000
1 20 13 159744.000000 0.00000000010056 3 -15.7500000000
1 20 14 172032.000000 0.00000000003624 3 -16.7500000000
1 20 15 184320.000000 0.00000000000830 3 -17.7500000000
1 20 16 196608.000000 0.00000000000292 3 -18.7500000000
1 21 0 0.000000 0.00093176565133 0 -5.0000000000
1 21 1 12288.000000 0.00046318740351 0 -5.0000000000
1 21 2 24576.000000 0.00014244709746 4 -5.7500000000
1 21 3 36864.000000 0.00004489913044 4 -6.5000000000
1 21 4 49152.000000 0.00001393048569 4 -7.2500000000
1 21 5 61440.000000 0.00000424752534 4 -8.0000000000
1 21 6 73728.000000 0.00000126045245 3 -9.0000000000
1 21 7 86016.000000 0.00000037152358 4 -9.7500000000
1 21 8 98304.000000 0.00000010125847 3 -10.7500000000
1 21 9 110592.000000 0.00000002920592 4 -11.5000000000
1 21 10 122880.000000 0.00000000821017 3 -12.5000000000
1 21 11 135168.000000 0.00000000198367 3 -13.5000000000
1 21 12 147456.000000 0.00000000051049 3 -14.5000000000
1 21 13 159744.000000 0.00000000011586 3 -15.5000000000
1 21 14 172032.000000 0.00000000003130 3 -16.5000000000
1 21 15 184320.000000 0.00000000000883 3 -17.5000000000
1 21 16 196608.000000 0.00000000000296 3 -18.5000000000
1 22 0 0.000000 0.02575091645122 0 -4.0000000000
1 22 1 12288.000000 0.01303250994533 0 -4.0000000000
1 22 2 24576.000000 0.00210625817999 2 -5.2500000000
1 22 3 36864.000000 0.00090666435426 4 -6.0000000000
1 22 4 49152.000000 0.00026446543052 5 -6.5000000000
1 22 5 61440.000000 0.00008566362521 5 -7.0000000000
1 22 6 73728.000000 0.00002975072130 3 -8.0000000000
1 22 7 86016.000000 0.00000718671845 4 -8.7500000000
1 22 8 98304.000000 0.00000184257851 3 -9.7500000000
1 22 9 110592.000000 0.00000067432046 4 -10.5000000000
1 22 10 122880.000000 0.00000019876288 3 -11.5000000000
1 22 11 135168.000000 0.00000005342583 4 -12.2500000000
1 22 12 147456.000000 0.00000001147615 2 -13.5000000000
1 22 13 159744.000000 0.00000000261091 3 -14.5000000000
1 22 14 172032.000000 0.00000000081687 3 -15.5000000000
1 22 15 184320.000000 0.00000000021791 3 -16.5000000000
1 22 16 196608.000000 0.00000000004095 3 -17.5000000000
1 23 0 0.000000 0.10182105749846 0 -4.0000000000
1 23 1 12288.000000 0.05311271175742 2 -3.5000000000
1 23 2 24576.000000 0.01707121543586 4 -4.2500000000
1 23 3 36864.000000 0.00645108288154 5 -4.7500000000
1 23 4 49152.000000 0.00185653474182 5 -5.2500000000
1 23 5 61440.000000 0.00055327761220 4 -6.0000000000
1 23 6 73728.000000 0.00016236533702 3 -7.0000000000
1 23 7 86016.000000 0.00004735163384 4 -7.7500000000
1 23 8 98304.000000 0.00001158311352 3 -8.7500000000
1 23 9 110592.000000 0.00000247923685 3 -9.7500000000
1 23 10 122880.000000 0.00000066995187 3 -10.7500000000
1 23 11 135168.000000 0.00000017452011 3 -11.7500000000
1 23 12 147456.000000 0.00000004037635 3 -12.7500000000
1 23 13 159744.000000 0.00000001108448 3 -13.7500000000
1 23 14 172032.000000 0.00000000238814 3 -14.7500000000
1 23 15 184320.000000 0.00000000063202 3 -15.7500000000
1 23 16 196608.000000 0.00000000017500 3 -16.7500000000
1 24 0 0.000000 5.70895862579346 0 -2.0000000000
1 24 1 12288.000000 4.45372581481934 0 -2.0000000000
1 24 2 24576.000000 0.91256773471832 2 -3.2500000000
1 24 3 36864.000000 0.20988611876965 6 -3.5000000000
1 24 4 49152.000000 0.04961199313402 4 -4.2500000000
1 24 5 61440.000000 0.01251989975572 3 -5.2500000000
1 24 6 73728.000000 0.00457647116855 4 -6.0000000000
1 24 7 86016.000000 0.00133263273165 3 -7.0000000000
1 24 8 98304.000000 0.00046219871729 4 -7.7500000000
1 24 9 110592.000000 0.00009137995949 3 -8.7500000000
1 24 10 122880.000000 0.00002256367225 3 -9.7500000000
1 24 11 135168.000000 0.00000556786381 3 -10.7500000000
1 24 12 147456.000000 0.00000173859144 3 -11.7500000000
1 24 13 159744.000000 0.00000038038246 3 -12.7500000000
1 24 14 172032.000000 0.00000013020768 4 -13.5000000000
1 24 15 184320.000000 0.00000002426336 2 -14.7500000000
1 24 16 196608.000000 0.00000000518370 3 -15.7500000000
