2 0 0 0.000000 0.00126548123080 0 -6.0000000000
2 0 1 98304.000000 0.00063268432859 0 -6.0000000000
2 0 2 196608.000000 0.00013364697224 5 -6.5000000000
2 0 3 294912.000000 0.00004641546548 5 -7.0000000000
2 0 4 393216.000000 0.00001775202327 5 -7.5000000000
2 0 5 491520.000000 0.00000681902338 4 -8.2500000000
2 0 6 589824.000000 0.00000271564431 5 -8.7500000000
2 0 7 688128.000000 0.00000076440682 4 -9.5000000000
2 0 8 786432.000000 0.00000022355056 3 -10.5000000000
2 0 9 884736.000000 0.00000006924841 3 -11.5000000000
2 0 10 983040.000000 0.00000002167662 4 -12.2500000000
2 0 11 1081344.000000 0.00000000506894 3 -13.2500000000
2 0 12 1179648.000000 0.00000000114812 3 -14.2500000000
2 0 13 1277952.000000 0.00000000029093 3 -15.2500000000
2 0 14 1376256.000000 0.00000000007060 3 -16.2500000000
2 0 15 1474560.000000 0.00000000001923 3 -17.2500000000
2 0 16 1572864.000000 0.00000000000502 3 -18.2500000000
2 1 0 0.000000 0.02316450141370 0 -5.0000000000
2 1 1 98304.000000 0.01080595701933 0 -5.0000000000
2 1 2 196608.000000 0.00247964821756 6 -5.2500000000
2 1 3 294912.000000 0.00084441644140 4 -6.0000000000
2 1 4 393216.000000 0.00036514675594 5 -6.5000000000
2 1 5 491520.000000 0.00013546150876 4 -7.2500000000
2 1 6 589824.000000 0.00005279412653 4 -8.0000000000
2 1 7 688128.000000 0.00002122260594 5 -8.5000000000
2 1 8 786432.000000 0.00000632360388 4 -9.2500000000
2 1 9 884736.000000 0.00000158918306 3 -10.2500000000
2 1 10 983040.000000 0.00000043263969 3 -11.2500000000
2 1 11 1081344.000000 0.00000012816166 3 -12.2500000000
2 1 12 1179648.000000 0.00000003498993 4 -13.0000000000
2 1 13 1277952.000000 0.00000000915753 3 -14.0000000000
2 1 14 1376256.000000 0.00000000222621 3 -15.0000000000
2 1 15 1474560.000000 0.00000000055653 3 -16.0000000000
2 1 16 1572864.000000 0.00000000013636 3 -17.0000000000
2 2 0 0.000000 0.40170389413834 0 -4.0000000000
2 2 1 98304.000000 0.16141423583031 0 -4.0000000000
2 2 2 196608.000000 0.02656494826078 5 -4.5000000000
2 2 3 294912.000000 0.00935659557581 4 -5.2500000000
2 2 4 393216.000000 0.00362204387784 4 -6.0000000000
2 2 5 491520.000000 0.00122379697859 5 -6.5000000000
2 2 6 589824.000000 0.00043981982162 4 -7.2500000000
2 2 7 688128.000000 0.00016368078650 4 -8.0000000000
2 2 8 786432.000000 0.00004744534090 4 -8.7500000000
2 2 9 884736.000000 0.00001518956196 4 -9.5000000000
2 2 10 983040.000000 0.00000364895232 3 -10.5000000000
2 2 11 1081344.000000 0.00000099138708 3 -11.5000000000
2 2 12 1179648.000000 0.00000022140568 3 -12.5000000000
2 2 13 1277952.000000 0.00000005853022 3 -13.5000000000
2 2 14 1376256.000000 0.00000001351460 3 -14.5000000000
2 2 15 1474560.000000 0.00000000369429 3 -15.5000000000
2 2 16 1572864.000000 0.00000000091021 3 -16.5000000000
2 3 0 0.000000 0.00306589109823 0 -5.0000000000
2 3 1 98304.000000 0.00169000623282 0 -5.0000000000
2 3 2 196608.000000 0.00032766585355 3 -6.0000000000
2 3 3 294912.000000 0.00011734580767 4 -6.7500000000
2 3 4 393216.000000 0.00004011779674 5 -7.2500000000
2 3 5 491520.000000 0.00001511682603 4 -8.0000000000
2 3 6 589824.000000 0.00000524952111 4 -8.7500000000
2 3 7 688128.000000 0.00000167914163 4 -9.5000000000
2 3 8 786432.000000 0.00000048044848 4 -10.2500000000
2 3 9 884736.000000 0.00000012783612 3 -11.2500000000
2 3 10 983040.000000 0.00000003908637 3 -12.2500000000
2 3 11 1081344.000000 0.00000001022894 4 -13.0000000000
2 3 12 1179648.000000 0.00000000268938 3 -14.0000000000
2 3 13 1277952.000000 0.00000000067436 3 -15.0000000000
2 3 14 1376256.000000 0.00000000018566 3 -16.0000000000
2 3 15 1474560.000000 0.00000000004610 3 -17.0000000000
2 3 16 1572864.000000 0.00000000001125 3 -18.0000000000
2 4 0 0.000000 0.10068679600954 0 -5.0000000000
2 4 1 98304.000000 0.05070486664772 0 -5.0000000000
2 4 2 196608.000000 0.01347519736737 8 -4.7500000000
2 4 3 294912.000000 0.00547861866653 5 -5.2500000000
2 4 4 393216.000000 0.00215895869769 5 -5.7500000000
2 4 5 491520.000000 0.00081616983516 5 -6.2500000000
2 4 6 589824.000000 0.00025763243320 4 -7.0000000000
2 4 7 688128.000000 0.00008163228631 3 -8.0000000000
2 4 8 786432.000000 0.00002243691961 4 -8.7500000000
2 4 9 884736.000000 0.00000583726705 3 -9.7500000000
2 4 10 983040.000000 0.00000140729276 3 -10.7500000000
2 4 11 1081344.000000 0.00000032352881 3 -11.7500000000
2 4 12 1179648.000000 0.00000007925146 3 -12.7500000000
2 4 13 1277952.000000 0.00000002146821 3 -13.7500000000
2 4 14 1376256.000000 0.00000000497277 3 -14.7500000000
2 4 15 1474560.000000 0.00000000121940 3 -15.7500000000
2 4 16 1572864.000000 0.00000000032773 3 -16.7500000000
2 5 0 0.000000 0.37094339728355 0 -4.0000000000
2 5 1 98304.000000 0.14833377301693 0 -4.0000000000
2 5 2 196608.000000 0.03002099320292 5 -4.5000000000
2 5 3 294912.000000 0.01004531420767 4 -5.2500000000
2 5 4 393216.000000 0.00395714491606 6 -5.5000000000
2 5 5 491520.000000 0.00156997889280 3 -6.5000000000
2 5 6 589824.000000 0.00058732036268 5 -7.0000000000
2 5 7 688128.000000 0.00017201904848 4 -7.7500000000
2 5 8 786432.000000 0.00005944911391 3 -8.7500000000
2 5 9 884736.000000 0.00001517664896 4 -9.5000000000
2 5 10 983040.000000 0.00000377731135 3 -10.5000000000
2 5 11 1081344.000000 0.00000087524342 3 -11.5000000000
2 5 12 1179648.000000 0.00000021741387 3 -12.5000000000
2 5 13 1277952.000000 0.00000006321050 3 -13.5000000000
2 5 14 1376256.000000 0.00000001390638 3 -14.5000000000
2 5 15 1474560.000000 0.00000000356120 3 -15.5000000000
2 5 16 1572864.000000 0.00000000098211 3 -16.5000000000
2 6 0 0.000000 0.00301887700334 0 -5.0000000000
2 6 1 98304.000000 0.00157082243823 0 -5.0000000000
2 6 2 196608.000000 0.00032064938569 3 -6.0000000000
2 6 3 294912.000000 0.00009774876526 4 -6.7500000000
2 6 4 393216.000000 0.00003937750080 5 -7.2500000000
2 6 5 491520.000000 0.00001361068280 3 -8.2500000000
2 6 6 589824.000000 0.00000454922520 5 -8.7500000000
2 6 7 688128.000000 0.00000154329553 4 -9.5000000000
2 6 8 786432.000000 0.00000048273114 3 -10.5000000000
2 6 9 884736.000000 0.00000012709395 4 -11.2500000000
2 6 10 983040.000000 0.00000003247148 3 -12.2500000000
2 6 11 1081344.000000 0.00000000718018 3 -13.2500000000
2 6 12 1179648.000000 0.00000000193819 3 -14.2500000000
2 6 13 1277952.000000 0.00000000048690 3 -15.2500000000
2 6 14 1376256.000000 0.00000000013265 3 -16.2500000000
2 6 15 1474560.000000 0.00000000003152 3 -17.2500000000
2 6 16 1572864.000000 0.00000000000813 3 -18.2500000000
2 7 0 0.000000 0.05894558131695 0 -5.0000000000
2 7 1 98304.000000 0.02453954517841 1 -4.7500000000
2 7 2 196608.000000 0.00582619523630 5 -5.2500000000
2 7 3 294912.000000 0.00219658506103 5 -5.7500000000
2 7 4 393216.000000 0.00083577260375 5 -6.2500000000
2 7 5 491520.000000 0.00032407874824 4 -7.0000000000
2 7 6 589824.000000 0.00011589212227 4 -7.7500000000
2 7 7 688128.000000 0.00004127840657 4 -8.5000000000
2 7 8 786432.000000 0.00001422007335 5 -9.0000000000
2 7 9 884736.000000 0.00000333699882 3 -10.0000000000
2 7 10 983040.000000 0.00000102385377 3 -11.0000000000
2 7 11 1081344.000000 0.00000029555045 4 -11.7500000000
2 7 12 1179648.000000 0.00000007260632 3 -12.7500000000
2 7 13 1277952.000000 0.00000001790470 3 -13.7500000000
2 7 14 1376256.000000 0.00000000451938 3 -14.7500000000
2 7 15 1474560.000000 0.00000000109685 3 -15.7500000000
2 7 16 1572864.000000 0.00000000028835 3 -16.7500000000
2 8 0 0.000000 5.40826129913330 0 -4.0000000000
2 8 1 98304.000000 3.02957248687744 0 -4.0000000000
2 8 2 196608.000000 0.46818855404854 6 -4.2500000000
2 8 3 294912.000000 0.15549960732460 6 -4.5000000000
2 8 4 393216.000000 0.05230721086264 4 -5.2500000000
2 8 5 491520.000000 0.01807896047831 4 -6.0000000000
2 8 6 589824.000000 0.00636221980676 4 -6.7500000000
2 8 7 688128.000000 0.00191291212104 5 -7.2500000000
2 8 8 786432.000000 0.00057206104975 3 -8.2500000000
2 8 9 884736.000000 0.00015524028277 3 -9.2500000000
2 8 10 983040.000000 0.00004456269380 3 -10.2500000000
2 8 11 1081344.000000 0.00001135889306 4 -11.0000000000
2 8 12 1179648.000000 0.00000295752943 3 -12.0000000000
2 8 13 1277952.000000 0.00000076797261 3 -13.0000000000
2 8 14 1376256.000000 0.00000018835460 3 -14.0000000000
2 8 15 1474560.000000 0.00000004675220 3 -15.0000000000
2 8 16 1572864.000000 0.00000001138508 3 -16.0000000000
