3 0 0 0.000000 0.00096899195341 0 -6.0000000000
3 0 1 73728.000000 0.00048587622587 0 -6.0000000000
3 0 2 147456.000000 0.00013643740385 6 -6.2500000000
3 0 3 221184.000000 0.00004596963845 4 -7.0000000000
3 0 4 294912.000000 0.00001743614666 4 -7.7500000000
3 0 5 368640.000000 0.00000600045269 5 -8.2500000000
3 0 6 442368.000000 0.00000213307612 4 -9.0000000000
3 0 7 516096.000000 0.00000071753686 4 -9.7500000000
3 0 8 589824.000000 0.00000019022681 3 -10.7500000000
3 0 9 663552.000000 0.00000005873640 4 -11.5000000000
3 0 10 737280.000000 0.00000001373757 3 -12.5000000000
3 0 11 811008.000000 0.00000000357769 3 -13.5000000000
3 0 12 884736.000000 0.00000000092427 3 -14.5000000000
3 0 13 958464.000000 0.00000000021987 3 -15.5000000000
3 0 14 1032192.000000 0.00000000005395 3 -16.5000000000
3 0 15 1105920.000000 0.00000000001453 3 -17.5000000000
3 0 16 1179648.000000 0.00000000000399 3 -18.5000000000
3 1 0 0.000000 0.01988979801536 0 -5.0000000000
3 1 1 73728.000000 0.00956576131284 0 -5.0000000000
3 1 2 147456.000000 0.00223696324974 5 -5.5000000000
3 1 3 221184.000000 0.00083569297567 4 -6.2500000000
3 1 4 294912.000000 0.00034031094401 5 -6.7500000000
3 1 5 368640.000000 0.00013803452021 4 -7.5000000000
3 1 6 442368.000000 0.00005184115798 5 -8.0000000000
3 1 7 516096.000000 0.00001609328319 4 -8.7500000000
3 1 8 589824.000000 0.00000460941010 3 -9.7500000000
3 1 9 663552.000000 0.00000110352937 4 -10.5000000000
3 1 10 737280.000000 0.00000030993451 3 -11.5000000000
3 1 11 811008.000000 0.00000008080691 3 -12.5000000000
3 1 12 884736.000000 0.00000001873858 3 -13.5000000000
3 1 13 958464.000000 0.00000000492496 3 -14.5000000000
3 1 14 1032192.000000 0.00000000117269 3 -15.5000000000
3 1 15 1105920.000000 0.00000000028549 3 -16.5000000000
3 1 16 1179648.000000 0.00000000006729 3 -17.5000000000
3 2 0 0.000000 0.35743257403374 0 -4.0000000000
3 2 1 73728.000000 0.15677902102470 0 -4.0000000000
3 2 2 147456.000000 0.02555575035512 4 -4.7500000000
3 2 3 221184.000000 0.00971530657262 5 -5.2500000000
3 2 4 294912.000000 0.00350461876951 4 -6.0000000000
3 2 5 368640.000000 0.00121353694703 5 -6.5000000000
3 2 6 442368.000000 0.00038809987018 4 -7.2500000000
3 2 7 516096.000000 0.00010421189654 3 -8.2500000000
3 2 8 589824.000000 0.00002975183452 3 -9.2500000000
3 2 9 663552.000000 0.00000878549054 4 -10.0000000000
3 2 10 737280.000000 0.00000216345052 3 -11.0000000000
3 2 11 811008.000000 0.00000051416748 3 -12.0000000000
3 2 12 884736.000000 0.00000014466958 3 -13.0000000000
3 2 13 958464.000000 0.00000003142186 3 -14.0000000000
3 2 14 1032192.000000 0.00000000871227 3 -15.0000000000
3 2 15 1105920.000000 0.00000000205306 3 -16.0000000000
3 2 16 1179648.000000 0.00000000052034 3 -17.0000000000
3 3 0 0.000000 0.00259330356494 0 -5.0000000000
3 3 1 73728.000000 0.00152065546717 0 -5.0000000000
3 3 2 147456.000000 0.00034164846875 3 -6.0000000000
3 3 3 221184.000000 0.00011555520905 3 -7.0000000000
3 3 4 294912.000000 0.00004100439037 5 -7.5000000000
3 3 5 368640.000000 0.00001553887887 4 -8.2500000000
3 3 6 442368.000000 0.00000548940852 5 -8.7500000000
3 3 7 516096.000000 0.00000225151462 4 -9.5000000000
3 3 8 589824.000000 0.00000059746355 4 -10.2500000000
3 3 9 663552.000000 0.00000018662095 3 -11.2500000000
3 3 10 737280.000000 0.00000005296417 4 -12.0000000000
3 3 11 811008.000000 0.00000001255773 3 -13.0000000000
3 3 12 884736.000000 0.00000000323740 3 -14.0000000000
3 3 13 958464.000000 0.00000000078858 3 -15.0000000000
3 3 14 1032192.000000 0.00000000018492 3 -16.0000000000
3 3 15 1105920.000000 0.00000000004740 3 -17.0000000000
3 3 16 1179648.000000 0.00000000001280 3 -18.0000000000
3 4 0 0.000000 0.06161333620548 0 -4.0000000000
3 4 1 73728.000000 0.03477136790752 0 -4.0000000000
3 4 2 147456.000000 0.00793378520757 2 -5.2500000000
3 4 3 221184.000000 0.00373806664720 5 -5.7500000000
3 4 4 294912.000000 0.00167642137967 5 -6.2500000000
3 4 5 368640.000000 0.00066067418084 6 -6.5000000000
3 4 6 442368.000000 0.00018957632710 4 -7.2500000000
3 4 7 516096.000000 0.00005664121272 3 -8.2500000000
3 4 8 589824.000000 0.00001615463771 4 -9.0000000000
3 4 9 663552.000000 0.00000398957445 3 -10.0000000000
3 4 10 737280.000000 0.00000103522882 3 -11.0000000000
3 4 11 811008.000000 0.00000031660258 3 -12.0000000000
3 4 12 884736.000000 0.00000008542212 4 -12.7500000000
3 4 13 958464.000000 0.00000002108361 3 -13.7500000000
3 4 14 1032192.000000 0.00000000488459 3 -14.7500000000
3 4 15 1105920.000000 0.00000000126862 3 -15.7500000000
3 4 16 1179648.000000 0.00000000034434 3 -16.7500000000
3 5 0 0.000000 0.34806808829308 0 -4.0000000000
3 5 1 73728.000000 0.15463824570179 0 -4.0000000000
3 5 2 147456.000000 0.02851008810103 5 -4.5000000000
3 5 3 221184.000000 0.01117422897369 4 -5.2500000000
3 5 4 294912.000000 0.00392773700878 4 -6.0000000000
3 5 5 368640.000000 0.00152900803369 4 -6.7500000000
3 5 6 442368.000000 0.00064757408109 5 -7.2500000000
3 5 7 516096.000000 0.00021348369773 5 -7.7500000000
3 5 8 589824.000000 0.00005754980884 3 -8.7500000000
3 5 9 663552.000000 0.00001755374251 4 -9.5000000000
3 5 10 737280.000000 0.00000442492137 3 -10.5000000000
3 5 11 811008.000000 0.00000108215499 3 -11.5000000000
3 5 12 884736.000000 0.00000029941319 3 -12.5000000000
3 5 13 958464.000000 0.00000007381477 3 -13.5000000000
3 5 14 1032192.000000 0.00000001611686 3 -14.5000000000
3 5 15 1105920.000000 0.00000000425706 3 -15.5000000000
3 5 16 1179648.000000 0.00000000105561 3 -16.5000000000
3 6 0 0.000000 0.00253829872236 0 -5.0000000000
3 6 1 73728.000000 0.00144687760621 0 -5.0000000000
3 6 2 147456.000000 0.00036638596794 3 -6.0000000000
3 6 3 221184.000000 0.00013230931654 4 -6.7500000000
3 6 4 294912.000000 0.00005886757208 5 -7.2500000000
3 6 5 368640.000000 0.00002407694410 4 -8.0000000000
3 6 6 442368.000000 0.00000923764946 5 -8.5000000000
3 6 7 516096.000000 0.00000390158812 5 -9.0000000000
3 6 8 589824.000000 0.00000122927247 4 -9.7500000000
3 6 9 663552.000000 0.00000033190358 3 -10.7500000000
3 6 10 737280.000000 0.00000010092574 4 -11.5000000000
3 6 11 811008.000000 0.00000002556969 3 -12.5000000000
3 6 12 884736.000000 0.00000000631634 3 -13.5000000000
3 6 13 958464.000000 0.00000000161043 3 -14.5000000000
3 6 14 1032192.000000 0.00000000040709 3 -15.5000000000
3 6 15 1105920.000000 0.00000000011219 3 -16.5000000000
3 6 16 1179648.000000 0.00000000002555 3 -17.5000000000
3 7 0 0.000000 0.04475934058428 0 -4.0000000000
3 7 1 73728.000000 0.02642421796918 0 -4.0000000000
3 7 2 147456.000000 0.00457664066926 2 -5.2500000000
3 7 3 221184.000000 0.00164681591559 4 -6.0000000000
3 7 4 294912.000000 0.00059039489133 5 -6.5000000000
3 7 5 368640.000000 0.00025097565958 3 -7.5000000000
3 7 6 442368.000000 0.00008658669685 6 -7.7500000000
3 7 7 516096.000000 0.00002533338011 3 -8.7500000000
3 7 8 589824.000000 0.00000762364971 4 -9.5000000000
3 7 9 663552.000000 0.00000181161420 3 -10.5000000000
3 7 10 737280.000000 0.00000044437289 3 -11.5000000000
3 7 11 811008.000000 0.00000010472043 3 -12.5000000000
3 7 12 884736.000000 0.00000002780028 3 -13.5000000000
3 7 13 958464.000000 0.00000000711508 3 -14.5000000000
3 7 14 1032192.000000 0.00000000205408 3 -15.5000000000
3 7 15 1105920.000000 0.00000000052892 4 -16.2500000000
3 7 16 1179648.000000 0.00000000015028 3 -17.2500000000
3 8 0 0.000000 4.19681072235107 0 -4.0000000000
3 8 1 73728.000000 1.92237603664398 0 -4.0000000000
3 8 2 147456.000000 0.23774483799934 6 -4.2500000000
3 8 3 221184.000000 0.07511157542467 3 -5.2500000000
3 8 4 294912.000000 0.03467834368348 5 -5.7500000000
3 8 5 368640.000000 0.01322543900460 5 -6.2500000000
3 8 6 442368.000000 0.00519194034860 5 -6.7500000000
3 8 7 516096.000000 0.00164863828104 4 -7.5000000000
3 8 8 589824.000000 0.00045586345368 3 -8.5000000000
3 8 9 663552.000000 0.00013221940026 4 -9.2500000000
3 8 10 737280.000000 0.00003344813013 3 -10.2500000000
3 8 11 811008.000000 0.00000811780774 3 -11.2500000000
3 8 12 884736.000000 0.00000232238108 3 -12.2500000000
3 8 13 958464.000000 0.00000052431000 3 -13.2500000000
3 8 14 1032192.000000 0.00000013570468 3 -14.2500000000
3 8 15 1105920.000000 0.00000003523168 3 -15.2500000000
3 8 16 1179648.000000 0.00000000838303 3 -16.2500000000
