3 0 0 0.000000 0.03519000113010 0 -2.0000000000
3 0 1 73728.000000 0.02687481418252 0 -2.0000000000
3 0 2 147456.000000 0.00324691925198 1 -3.5000000000
3 0 3 221184.000000 0.00110779248644 2 -4.7500000000
3 0 4 294912.000000 0.00047330543748 4 -5.5000000000
3 0 5 368640.000000 0.00014682182518 6 -5.7500000000
3 0 6 442368.000000 0.00005615204645 4 -6.5000000000
3 0 7 516096.000000 0.00002516083987 5 -7.0000000000
3 0 8 589824.000000 0.00001326158326 3 -8.0000000000
3 0 9 663552.000000 0.00000518768911 6 -8.2500000000
3 0 10 737280.000000 0.00000215660179 4 -9.0000000000
3 0 11 811008.000000 0.00000074443722 5 -9.5000000000
3 0 12 884736.000000 0.00000025429091 4 -10.2500000000
3 0 13 958464.000000 0.00000006698645 4 -11.0000000000
3 0 14 1032192.000000 0.00000001739023 3 -12.0000000000
3 0 15 1105920.000000 0.00000000542146 3 -13.0000000000
3 0 16 1179648.000000 0.00000000126782 3 -14.0000000000
3 1 0 0.000000 0.01595881208777 0 -1.0000000000
3 1 1 73728.000000 0.01346898358315 1 -0.7500000000
3 1 2 147456.000000 0.00722789205611 0 -2.5000000000
3 1 3 221184.000000 0.00183832773473 0 -4.2500000000
3 1 4 294912.000000 0.00089896842837 6 -4.5000000000
3 1 5 368640.000000 0.00052706472343 4 -5.2500000000
3 1 6 442368.000000 0.00022747612093 6 -5.5000000000
3 1 7 516096.000000 0.00009691194282 6 -5.7500000000
3 1 8 589824.000000 0.00004804042328 4 -6.5000000000
3 1 9 663552.000000 0.00001988568147 5 -7.0000000000
3 1 10 737280.000000 0.00000636786217 5 -7.5000000000
3 1 11 811008.000000 0.00000204883122 4 -8.2500000000
3 1 12 884736.000000 0.00000053405000 3 -9.2500000000
3 1 13 958464.000000 0.00000013974855 3 -10.2500000000
3 1 14 1032192.000000 0.00000004200103 3 -11.2500000000
3 1 15 1105920.000000 0.00000000916004 3 -12.2500000000
3 1 16 1179648.000000 0.00000000273898 4 -13.0000000000
3 2 0 0.000000 0.01658751256764 0 -1.0000000000
3 2 1 73728.000000 0.01191637199372 0 -1.0000000000
3 2 2 147456.000000 0.00514988042414 0 -2.7500000000
3 2 3 221184.000000 0.00221910374239 4 -3.5000000000
3 2 4 294912.000000 0.00127899297513 6 -3.7500000000
3 2 5 368640.000000 0.00059036753373 4 -4.5000000000
3 2 6 442368.000000 0.00024545227643 7 -4.5000000000
3 2 7 516096.000000 0.00010364381887 4 -5.2500000000
3 2 8 589824.000000 0.00003213670789 4 -6.0000000000
3 2 9 663552.000000 0.00001106018226 4 -6.7500000000
3 2 10 737280.000000 0.00000302325725 3 -7.7500000000
3 2 11 811008.000000 0.00000065838134 3 -8.7500000000
3 2 12 884736.000000 0.00000021863620 3 -9.7500000000
3 2 13 958464.000000 0.00000005903102 4 -10.5000000000
3 2 14 1032192.000000 0.00000001638798 3 -11.5000000000
3 2 15 1105920.000000 0.00000000400194 3 -12.5000000000
3 2 16 1179648.000000 0.00000000094844 3 -13.5000000000
3 3 0 0.000000 0.02534483373165 0 0.0000000000
3 3 1 73728.000000 0.01411646232009 0 0.0000000000
3 3 2 147456.000000 0.00537677062675 4 -0.7500000000
3 3 3 221184.000000 0.00325904297642 3 -1.7500000000
3 3 4 294912.000000 0.00172992167063 2 -3.0000000000
3 3 5 368640.000000 0.00089215941262 5 -3.5000000000
3 3 6 442368.000000 0.00041662852163 4 -4.2500000000
3 3 7 516096.000000 0.00017407147971 5 -4.7500000000
3 3 8 589824.000000 0.00006977174053 5 -5.2500000000
3 3 9 663552.000000 0.00002508259968 5 -5.7500000000
3 3 10 737280.000000 0.00000787048612 4 -6.5000000000
3 3 11 811008.000000 0.00000222454764 3 -7.5000000000
3 3 12 884736.000000 0.00000051276663 3 -8.5000000000
3 3 13 958464.000000 0.00000013448361 3 -9.5000000000
3 3 14 1032192.000000 0.00000003086554 3 -10.5000000000
3 3 15 1105920.000000 0.00000000829754 3 -11.5000000000
3 3 16 1179648.000000 0.00000000206775 3 -12.5000000000
3 4 0 0.000000 0.08183521777391 0 0.0000000000
3 4 1 73728.000000 0.03764879330993 0 0.0000000000
3 4 2 147456.000000 0.00680188089609 7 0.0000000000
3 4 3 221184.000000 0.00263718375936 4 -0.7500000000
3 4 4 294912.000000 0.00126463978086 4 -1.5000000000
3 4 5 368640.000000 0.00075322098564 4 -2.2500000000
3 4 6 442368.000000 0.00040477814036 3 -3.2500000000
3 4 7 516096.000000 0.00017167191254 4 -4.0000000000
3 4 8 589824.000000 0.00006561946066 4 -4.7500000000
3 4 9 663552.000000 0.00001725593029 4 -5.5000000000
3 4 10 737280.000000 0.00000461433274 3 -6.5000000000
3 4 11 811008.000000 0.00000148560832 3 -7.5000000000
3 4 12 884736.000000 0.00000038867591 4 -8.2500000000
3 4 13 958464.000000 0.00000011378717 3 -9.2500000000
3 4 14 1032192.000000 0.00000002384101 3 -10.2500000000
3 4 15 1105920.000000 0.00000000616067 3 -11.2500000000
3 4 16 1179648.000000 0.00000000152705 3 -12.2500000000
3 5 0 0.000000 0.09475262463093 0 1.0000000000
3 5 1 73728.000000 0.04293225705624 0 1.0000000000
3 5 2 147456.000000 0.00880976580083 4 0.2500000000
3 5 3 221184.000000 0.00317789195105 3 -0.7500000000
3 5 4 294912.000000 0.00156410189811 5 -1.2500000000
3 5 5 368640.000000 0.00088975531980 4 -2.0000000000
3 5 6 442368.000000 0.00044861881179 3 -3.0000000000
3 5 7 516096.000000 0.00020226577180 4 -3.7500000000
3 5 8 589824.000000 0.00007856555749 5 -4.2500000000
3 5 9 663552.000000 0.00002791616498 4 -5.0000000000
3 5 10 737280.000000 0.00000594465746 3 -6.0000000000
3 5 11 811008.000000 0.00000150706455 3 -7.0000000000
3 5 12 884736.000000 0.00000039259996 3 -8.0000000000
3 5 13 958464.000000 0.00000010286060 3 -9.0000000000
3 5 14 1032192.000000 0.00000002679616 3 -10.0000000000
3 5 15 1105920.000000 0.00000000622296 3 -11.0000000000
3 5 16 1179648.000000 0.00000000161936 3 -12.0000000000
3 6 0 0.000000 0.30559897422791 0 1.0000000000
3 6 1 73728.000000 0.12262967973948 0 1.0000000000
3 6 2 147456.000000 0.02697250247002 6 0.7500000000
3 6 3 221184.000000 0.01265431288630 4 0.0000000000
3 6 4 294912.000000 0.00602108379826 4 -0.7500000000
3 6 5 368640.000000 0.00257177581079 6 -1.0000000000
3 6 6 442368.000000 0.00125335215125 3 -2.0000000000
3 6 7 516096.000000 0.00049173773732 5 -2.5000000000
3 6 8 589824.000000 0.00021803262644 5 -3.0000000000
3 6 9 663552.000000 0.00007981342060 3 -4.0000000000
3 6 10 737280.000000 0.00002290326120 3 -5.0000000000
3 6 11 811008.000000 0.00000488760315 3 -6.0000000000
3 6 12 884736.000000 0.00000124378460 3 -7.0000000000
3 6 13 958464.000000 0.00000035833591 3 -8.0000000000
3 6 14 1032192.000000 0.00000009218628 3 -9.0000000000
3 6 15 1105920.000000 0.00000002108022 3 -10.0000000000
3 6 16 1179648.000000 0.00000000532022 3 -11.0000000000
3 7 0 0.000000 0.30233696103096 0 1.0000000000
3 7 1 73728.000000 0.14265701174736 0 1.0000000000
3 7 2 147456.000000 0.02684192918241 7 1.0000000000
3 7 3 221184.000000 0.00888532772660 3 0.0000000000
3 7 4 294912.000000 0.00375280738808 5 -0.5000000000
3 7 5 368640.000000 0.00158550275955 5 -1.0000000000
3 7 6 442368.000000 0.00050470302813 4 -1.7500000000
3 7 7 516096.000000 0.00020983653667 3 -2.7500000000
3 7 8 589824.000000 0.00007701392315 3 -3.7500000000
3 7 9 663552.000000 0.00002425824459 4 -4.5000000000
3 7 10 737280.000000 0.00000797209395 3 -5.5000000000
3 7 11 811008.000000 0.00000212013174 4 -6.2500000000
3 7 12 884736.000000 0.00000060173767 3 -7.2500000000
3 7 13 958464.000000 0.00000014387616 3 -8.2500000000
3 7 14 1032192.000000 0.00000003574505 3 -9.2500000000
3 7 15 1105920.000000 0.00000000910361 3 -10.2500000000
3 7 16 1179648.000000 0.00000000236839 3 -11.2500000000
3 8 0 0.000000 3.08862876892090 0 2.0000000000
3 8 1 73728.000000 1.42634689807892 0 2.0000000000
3 8 2 147456.000000 0.19222666323185 5 1.5000000000
3 8 3 221184.000000 0.06043796241283 4 0.7500000000
3 8 4 294912.000000 0.02435477450490 4 0.0000000000
3 8 5 368640.000000 0.00745840743184 5 -0.5000000000
3 8 6 442368.000000 0.00273303058930 3 -1.5000000000
3 8 7 516096.000000 0.00090494280448 5 -2.0000000000
3 8 8 589824.000000 0.00031795245013 3 -3.0000000000
3 8 9 663552.000000 0.00010505320824 4 -3.7500000000
3 8 10 737280.000000 0.00003649980135 3 -4.7500000000
3 8 11 811008.000000 0.00001045229419 4 -5.5000000000
3 8 12 884736.000000 0.00000245474894 3 -6.5000000000
3 8 13 958464.000000 0.00000060108664 3 -7.5000000000
3 8 14 1032192.000000 0.00000014552100 3 -8.5000000000
3 8 15 1105920.000000 0.00000003772339 3 -9.5000000000
3 8 16 1179648.000000 0.00000001005467 3 -10.5000000000
