1 0 0 0.000000 0.00005241587132 0 -2.0000000000
1 0 1 12288.000000 0.00003259696678 0 -2.0000000000
1 0 2 24576.000000 0.00001309698473 5 -2.5000000000
1 0 3 36864.000000 0.00000665112748 4 -3.2500000000
1 0 4 49152.000000 0.00000281497955 4 -4.0000000000
1 0 5 61440.000000 0.00000113895089 6 -4.2500000000
1 0 6 73728.000000 0.00000041102007 4 -5.0000000000
1 0 7 86016.000000 0.00000011484775 3 -6.0000000000
1 0 8 98304.000000 0.00000003517610 4 -6.7500000000
1 0 9 110592.000000 0.00000000782191 3 -7.7500000000
1 0 10 122880.000000 0.00000000185419 3 -8.7500000000
1 0 11 135168.000000 0.00000000050934 3 -9.7500000000
1 0 12 147456.000000 0.00000000011783 3 -10.7500000000
1 0 13 159744.000000 0.00000000003499 3 -11.7500000000
1 0 14 172032.000000 0.00000000000919 3 -12.7500000000
1 0 15 184320.000000 0.00000000000324 3 -13.7500000000
1 0 16 196608.000000 0.00000000000143 3 -14.7500000000
1 1 0 0.000000 0.00006150278205 0 -2.0000000000
1 1 1 12288.000000 0.00004030036871 0 -2.0000000000
1 1 2 24576.000000 0.00001495248671 4 -2.7500000000
1 1 3 36864.000000 0.00000577297760 4 -3.5000000000
1 1 4 49152.000000 0.00000218864238 5 -4.0000000000
1 1 5 61440.000000 0.00000083773159 5 -4.5000000000
1 1 6 73728.000000 0.00000030343193 4 -5.2500000000
1 1 7 86016.000000 0.00000009309986 4 -6.0000000000
1 1 8 98304.000000 0.00000002437694 3 -7.0000000000
1 1 9 110592.000000 0.00000000739202 3 -8.0000000000
1 1 10 122880.000000 0.00000000196735 4 -8.7500000000
1 1 11 135168.000000 0.00000000048550 3 -9.7500000000
1 1 12 147456.000000 0.00000000012696 3 -10.7500000000
1 1 13 159744.000000 0.00000000003400 3 -11.7500000000
1 1 14 172032.000000 0.00000000000869 3 -12.7500000000
1 1 15 184320.000000 0.00000000000308 3 -13.7500000000
1 1 16 196608.000000 0.00000000000150 3 -14.7500000000
1 2 0 0.000000 0.00013497710461 0 -2.0000000000
1 2 1 12288.000000 0.00008361868095 1 -1.7500000000
1 2 2 24576.000000 0.00003327471495 5 -2.2500000000
1 2 3 36864.000000 0.00001481947584 6 -2.5000000000
1 2 4 49152.000000 0.00000654585529 4 -3.2500000000
1 2 5 61440.000000 0.00000242095734 5 -3.7500000000
1 2 6 73728.000000 0.00000076770425 4 -4.5000000000
1 2 7 86016.000000 0.00000025491943 4 -5.2500000000
1 2 8 98304.000000 0.00000006246537 3 -6.2500000000
1 2 9 110592.000000 0.00000001650039 3 -7.2500000000
1 2 10 122880.000000 0.00000000406708 3 -8.2500000000
1 2 11 135168.000000 0.00000000102197 3 -9.2500000000
1 2 12 147456.000000 0.00000000026323 3 -10.2500000000
1 2 13 159744.000000 0.00000000008854 4 -11.0000000000
1 2 14 172032.000000 0.00000000002310 3 -12.0000000000
1 2 15 184320.000000 0.00000000000664 3 -13.0000000000
1 2 16 196608.000000 0.00000000000259 3 -14.0000000000
1 3 0 0.000000 0.00032289928640 0 -1.0000000000
1 3 1 12288.000000 0.00018568297673 3 -0.2500000000
1 3 2 24576.000000 0.00007218405517 2 -1.5000000000
1 3 3 36864.000000 0.00003207680857 5 -2.0000000000
1 3 4 49152.000000 0.00001522772709 4 -2.7500000000
1 3 5 61440.000000 0.00000619800676 5 -3.2500000000
1 3 6 73728.000000 0.00000223882398 5 -3.7500000000
1 3 7 86016.000000 0.00000068764393 3 -4.7500000000
1 3 8 98304.000000 0.00000019623343 4 -5.5000000000
1 3 9 110592.000000 0.00000004866950 3 -6.5000000000
1 3 10 122880.000000 0.00000001173701 3 -7.5000000000
1 3 11 135168.000000 0.00000000304726 3 -8.5000000000
1 3 12 147456.000000 0.00000000070184 3 -9.5000000000
1 3 13 159744.000000 0.00000000020956 3 -10.5000000000
1 3 14 172032.000000 0.00000000004998 3 -11.5000000000
1 3 15 184320.000000 0.00000000001358 3 -12.5000000000
1 3 16 196608.000000 0.00000000000420 3 -13.5000000000
1 4 0 0.000000 0.00040669486043 0 -1.0000000000
1 4 1 12288.000000 0.00023180306016 0 -1.0000000000
1 4 2 24576.000000 0.00009257102647 5 -1.5000000000
1 4 3 36864.000000 0.00004537497443 4 -2.2500000000
1 4 4 49152.000000 0.00001707344381 6 -2.5000000000
1 4 5 61440.000000 0.00000780518440 4 -3.2500000000
1 4 6 73728.000000 0.00000266406983 5 -3.7500000000
1 4 7 86016.000000 0.00000083844492 4 -4.5000000000
1 4 8 98304.000000 0.00000026252596 4 -5.2500000000
1 4 9 110592.000000 0.00000006671137 3 -6.2500000000
1 4 10 122880.000000 0.00000001765395 3 -7.2500000000
1 4 11 135168.000000 0.00000000419024 3 -8.2500000000
1 4 12 147456.000000 0.00000000110639 3 -9.2500000000
1 4 13 159744.000000 0.00000000027099 3 -10.2500000000
1 4 14 172032.000000 0.00000000006206 3 -11.2500000000
1 4 15 184320.000000 0.00000000001646 3 -12.2500000000
1 4 16 196608.000000 0.00000000000518 3 -13.2500000000
1 5 0 0.000000 0.00071948888944 0 -1.0000000000
1 5 1 12288.000000 0.00042278514593 1 -0.7500000000
1 5 2 24576.000000 0.00013757665874 7 -0.7500000000
1 5 3 36864.000000 0.00004910409552 3 -1.7500000000
1 5 4 49152.000000 0.00001794027594 4 -2.5000000000
1 5 5 61440.000000 0.00000653893539 4 -3.2500000000
1 5 6 73728.000000 0.00000223331017 4 -4.0000000000
1 5 7 86016.000000 0.00000071374717 4 -4.7500000000
1 5 8 98304.000000 0.00000019933097 4 -5.5000000000
1 5 9 110592.000000 0.00000005377034 3 -6.5000000000
1 5 10 122880.000000 0.00000001327858 3 -7.5000000000
1 5 11 135168.000000 0.00000000313226 3 -8.5000000000
1 5 12 147456.000000 0.00000000110815 3 -9.5000000000
1 5 13 159744.000000 0.00000000025525 4 -10.2500000000
1 5 14 172032.000000 0.00000000007231 3 -11.2500000000
1 5 15 184320.000000 0.00000000001848 3 -12.2500000000
1 5 16 196608.000000 0.00000000000541 3 -13.2500000000
1 6 0 0.000000 0.00070138514275 0 -1.0000000000
1 6 1 12288.000000 0.00038110694732 2 -0.5000000000
1 6 2 24576.000000 0.00011820293730 5 -1.0000000000
1 6 3 36864.000000 0.00004442686986 4 -1.7500000000
1 6 4 49152.000000 0.00001797044388 4 -2.5000000000
1 6 5 61440.000000 0.00000603903663 4 -3.2500000000
1 6 6 73728.000000 0.00000189998957 4 -4.0000000000
1 6 7 86016.000000 0.00000056724588 4 -4.7500000000
1 6 8 98304.000000 0.00000014074077 3 -5.7500000000
1 6 9 110592.000000 0.00000004576416 3 -6.7500000000
1 6 10 122880.000000 0.00000001131481 4 -7.5000000000
1 6 11 135168.000000 0.00000000280592 3 -8.5000000000
1 6 12 147456.000000 0.00000000068148 3 -9.5000000000
1 6 13 159744.000000 0.00000000016981 3 -10.5000000000
1 6 14 172032.000000 0.00000000004188 3 -11.5000000000
1 6 15 184320.000000 0.00000000001204 3 -12.5000000000
1 6 16 196608.000000 0.00000000000392 3 -13.5000000000
1 7 0 0.000000 0.00145035947207 0 0.0000000000
1 7 1 12288.000000 0.00086542061763 0 0.0000000000
1 7 2 24576.000000 0.00031643101829 6 -0.2500000000
1 7 3 36864.000000 0.00012559874449 4 -1.0000000000
1 7 4 49152.000000 0.00005367658014 4 -1.7500000000
1 7 5 61440.000000 0.00001594392779 5 -2.2500000000
1 7 6 73728.000000 0.00000560185617 4 -3.0000000000
1 7 7 86016.000000 0.00000154778036 3 -4.0000000000
1 7 8 98304.000000 0.00000035572674 3 -5.0000000000
1 7 9 110592.000000 0.00000010238239 3 -6.0000000000
1 7 10 122880.000000 0.00000002449116 3 -7.0000000000
1 7 11 135168.000000 0.00000000616208 3 -8.0000000000
1 7 12 147456.000000 0.00000000144533 3 -9.0000000000
1 7 13 159744.000000 0.00000000035284 3 -10.0000000000
1 7 14 172032.000000 0.00000000008604 3 -11.0000000000
1 7 15 184320.000000 0.00000000002437 3 -12.0000000000
1 7 16 196608.000000 0.00000000000764 3 -13.0000000000
1 8 0 0.000000 0.00176300841849 0 0.0000000000
1 8 1 12288.000000 0.00105481350329 1 0.2500000000
1 8 2 24576.000000 0.00033157833968 5 -0.2500000000
1 8 3 36864.000000 0.00013014390424 4 -1.0000000000
1 8 4 49152.000000 0.00004840563633 4 -1.7500000000
1 8 5 61440.000000 0.00001585563587 5 -2.2500000000
1 8 6 73728.000000 0.00000596587552 3 -3.2500000000
1 8 7 86016.000000 0.00000173276032 4 -4.0000000000
1 8 8 98304.000000 0.00000046528064 3 -5.0000000000
1 8 9 110592.000000 0.00000013459550 4 -5.7500000000
1 8 10 122880.000000 0.00000003362527 3 -6.7500000000
1 8 11 135168.000000 0.00000000807536 3 -7.7500000000
1 8 12 147456.000000 0.00000000189916 3 -8.7500000000
1 8 13 159744.000000 0.00000000051915 3 -9.7500000000
1 8 14 172032.000000 0.00000000013664 3 -10.7500000000
1 8 15 184320.000000 0.00000000003024 3 -11.7500000000
1 8 16 196608.000000 0.00000000000915 3 -12.7500000000
1 9 0 0.000000 0.00200820574537 0 0.0000000000
1 9 1 12288.000000 0.00105566508137 0 0.0000000000
1 9 2 24576.000000 0.00033235808951 5 -0.5000000000
1 9 3 36864.000000 0.00012030374637 5 -1.0000000000
1 9 4 49152.000000 0.00004018904656 4 -1.7500000000
1 9 5 61440.000000 0.00001343267286 4 -2.5000000000
1 9 6 73728.000000 0.00000411896826 4 -3.2500000000
1 9 7 86016.000000 0.00000117973457 3 -4.2500000000
1 9 8 98304.000000 0.00000031188205 3 -5.2500000000
1 9 9 110592.000000 0.00000010143228 4 -6.0000000000
1 9 10 122880.000000 0.00000002488252 3 -7.0000000000
1 9 11 135168.000000 0.00000000559433 3 -8.0000000000
1 9 12 147456.000000 0.00000000154690 3 -9.0000000000
1 9 13 159744.000000 0.00000000038227 3 -10.0000000000
1 9 14 172032.000000 0.00000000008908 3 -11.0000000000
1 9 15 184320.000000 0.00000000002356 3 -12.0000000000
1 9 16 196608.000000 0.00000000000683 3 -13.0000000000
1 10 0 0.000000 0.00420981505886 0 0.0000000000
1 10 1 12288.000000 0.00216990057379 3 0.7500000000
1 10 2 24576.000000 0.00062368850922 6 0.5000000000
1 10 3 36864.000000 0.00023688856163 2 -0.7500000000
1 10 4 49152.000000 0.00007994296175 4 -1.5000000000
1 10 5 61440.000000 0.00002585913717 5 -2.0000000000
1 10 6 73728.000000 0.00000795101005 3 -3.0000000000
1 10 7 86016.000000 0.00000206827622 4 -3.7500000000
1 10 8 98304.000000 0.00000054401482 3 -4.7500000000
1 10 9 110592.000000 0.00000014055068 3 -5.7500000000
1 10 10 122880.000000 0.00000003680598 3 -6.7500000000
1 10 11 135168.000000 0.00000000830953 3 -7.7500000000
1 10 12 147456.000000 0.00000000209713 3 -8.7500000000
1 10 13 159744.000000 0.00000000052544 3 -9.7500000000
1 10 14 172032.000000 0.00000000013762 3 -10.7500000000
1 10 15 184320.000000 0.00000000003331 3 -11.7500000000
1 10 16 196608.000000 0.00000000000935 3 -12.7500000000
1 11 0 0.000000 0.00315432413481 0 0.0000000000
1 11 1 12288.000000 0.00172494107392 2 0.5000000000
1 11 2 24576.000000 0.00047707316116 5 0.0000000000
1 11 3 36864.000000 0.00016335761757 4 -0.7500000000
1 11 4 49152.000000 0.00006046655835 3 -1.7500000000
1 11 5 61440.000000 0.00002046919326 5 -2.2500000000
1 11 6 73728.000000 0.00000600292014 4 -3.0000000000
1 11 7 86016.000000 0.00000163745517 3 -4.0000000000
1 11 8 98304.000000 0.00000035553649 3 -5.0000000000
1 11 9 110592.000000 0.00000011560027 3 -6.0000000000
1 11 10 122880.000000 0.00000003468631 4 -6.7500000000
1 11 11 135168.000000 0.00000000871506 3 -7.7500000000
1 11 12 147456.000000 0.00000000218093 3 -8.7500000000
1 11 13 159744.000000 0.00000000051379 3 -9.7500000000
1 11 14 172032.000000 0.00000000012887 3 -10.7500000000
1 11 15 184320.000000 0.00000000003416 3 -11.7500000000
1 11 16 196608.000000 0.00000000000889 3 -12.7500000000
1 12 0 0.000000 0.00460624648258 0 1.0000000000
1 12 1 12288.000000 0.00245010014623 0 1.0000000000
1 12 2 24576.000000 0.00063827069243 3 0.0000000000
1 12 3 36864.000000 0.00021519149595 5 -0.5000000000
1 12 4 49152.000000 0.00006934936391 3 -1.5000000000
1 12 5 61440.000000 0.00002197885806 4 -2.2500000000
1 12 6 73728.000000 0.00000659694751 4 -3.0000000000
1 12 7 86016.000000 0.00000176977937 3 -4.0000000000
1 12 8 98304.000000 0.00000048349466 4 -4.7500000000
1 12 9 110592.000000 0.00000014761508 3 -5.7500000000
1 12 10 122880.000000 0.00000003765338 3 -6.7500000000
1 12 11 135168.000000 0.00000000857301 3 -7.7500000000
1 12 12 147456.000000 0.00000000206208 3 -8.7500000000
1 12 13 159744.000000 0.00000000054083 3 -9.7500000000
1 12 14 172032.000000 0.00000000013934 3 -10.7500000000
1 12 15 184320.000000 0.00000000003664 3 -11.7500000000
1 12 16 196608.000000 0.00000000000930 3 -12.7500000000
1 13 0 0.000000 0.00686961738393 0 1.0000000000
1 13 1 12288.000000 0.00396981369704 0 1.0000000000
1 13 2 24576.000000 0.00128915254027 5 0.5000000000
1 13 3 36864.000000 0.00056188210147 5 0.0000000000
1 13 4 49152.000000 0.00020257414144 4 -0.7500000000
1 13 5 61440.000000 0.00008129441267 5 -1.2500000000
1 13 6 73728.000000 0.00002487247184 4 -2.0000000000
1 13 7 86016.000000 0.00000853671099 4 -2.7500000000
1 13 8 98304.000000 0.00000214648753 3 -3.7500000000
1 13 9 110592.000000 0.00000056367310 3 -4.7500000000
1 13 10 122880.000000 0.00000014032651 3 -5.7500000000
1 13 11 135168.000000 0.00000003074789 3 -6.7500000000
1 13 12 147456.000000 0.00000000917379 3 -7.7500000000
1 13 13 159744.000000 0.00000000220945 3 -8.7500000000
1 13 14 172032.000000 0.00000000054902 3 -9.7500000000
1 13 15 184320.000000 0.00000000012620 3 -10.7500000000
1 13 16 196608.000000 0.00000000003252 3 -11.7500000000
1 14 0 0.000000 0.00647699320689 0 1.0000000000
1 14 1 12288.000000 0.00368886440992 1 1.2500000000
1 14 2 24576.000000 0.00089032150572 3 0.2500000000
1 14 3 36864.000000 0.00029008879210 4 -0.5000000000
1 14 4 49152.000000 0.00011421171075 5 -1.0000000000
1 14 5 61440.000000 0.00004149227971 4 -1.7500000000
1 14 6 73728.000000 0.00001222057926 4 -2.5000000000
1 14 7 86016.000000 0.00000337042661 3 -3.5000000000
1 14 8 98304.000000 0.00000104929131 3 -4.5000000000
1 14 9 110592.000000 0.00000028713160 4 -5.2500000000
1 14 10 122880.000000 0.00000006912851 3 -6.2500000000
1 14 11 135168.000000 0.00000001809160 3 -7.2500000000
1 14 12 147456.000000 0.00000000465329 3 -8.2500000000
1 14 13 159744.000000 0.00000000113500 3 -9.2500000000
1 14 14 172032.000000 0.00000000026266 3 -10.2500000000
1 14 15 184320.000000 0.00000000006645 3 -11.2500000000
1 14 16 196608.000000 0.00000000001872 3 -12.2500000000
1 15 0 0.000000 0.00695910910144 0 1.0000000000
1 15 1 12288.000000 0.00326852803119 0 1.0000000000
1 15 2 24576.000000 0.00091541738948 5 0.5000000000
1 15 3 36864.000000 0.00036894856021 4 -0.2500000000
1 15 4 49152.000000 0.00011412121967 4 -1.0000000000
1 15 5 61440.000000 0.00004049732161 4 -1.7500000000
1 15 6 73728.000000 0.00001172441262 4 -2.5000000000
1 15 7 86016.000000 0.00000378910818 4 -3.2500000000
1 15 8 98304.000000 0.00000096208362 3 -4.2500000000
1 15 9 110592.000000 0.00000026547778 3 -5.2500000000
1 15 10 122880.000000 0.00000006509169 3 -6.2500000000
1 15 11 135168.000000 0.00000001694553 3 -7.2500000000
1 15 12 147456.000000 0.00000000385002 3 -8.2500000000
1 15 13 159744.000000 0.00000000099027 3 -9.2500000000
1 15 14 172032.000000 0.00000000023061 3 -10.2500000000
1 15 15 184320.000000 0.00000000006181 3 -11.2500000000
1 15 16 196608.000000 0.00000000001610 3 -12.2500000000
1 16 0 0.000000 0.00937388837337 0 1.0000000000
1 16 1 12288.000000 0.00519918650389 1 1.2500000000
1 16 2 24576.000000 0.00116625742521 4 0.5000000000
1 16 3 36864.000000 0.00039727703552 4 -0.2500000000
1 16 4 49152.000000 0.00014415678743 4 -1.0000000000
1 16 5 61440.000000 0.00004272256774 4 -1.7500000000
1 16 6 73728.000000 0.00001246197735 4 -2.5000000000
1 16 7 86016.000000 0.00000319877540 3 -3.5000000000
1 16 8 98304.000000 0.00000098449061 4 -4.2500000000
1 16 9 110592.000000 0.00000023629565 3 -5.2500000000
1 16 10 122880.000000 0.00000006855547 3 -6.2500000000
1 16 11 135168.000000 0.00000001527416 3 -7.2500000000
1 16 12 147456.000000 0.00000000403563 3 -8.2500000000
1 16 13 159744.000000 0.00000000093997 3 -9.2500000000
1 16 14 172032.000000 0.00000000024494 3 -10.2500000000
1 16 15 184320.000000 0.00000000006218 3 -11.2500000000
1 16 16 196608.000000 0.00000000001613 3 -12.2500000000
1 17 0 0.000000 0.01450746599585 0 1.0000000000
1 17 1 12288.000000 0.00699741626158 1 1.2500000000
1 17 2 24576.000000 0.00174392410554 5 0.7500000000
1 17 3 36864.000000 0.00058188504772 4 0.0000000000
1 17 4 49152.000000 0.00017690664390 4 -0.7500000000
1 17 5 61440.000000 0.00005652587788 4 -1.5000000000
1 17 6 73728.000000 0.00001985111157 5 -2.0000000000
1 17 7 86016.000000 0.00000599655095 3 -3.0000000000
1 17 8 98304.000000 0.00000143750015 3 -4.0000000000
1 17 9 110592.000000 0.00000042341844 3 -5.0000000000
1 17 10 122880.000000 0.00000012655843 4 -5.7500000000
1 17 11 135168.000000 0.00000003324641 3 -6.7500000000
1 17 12 147456.000000 0.00000000756590 3 -7.7500000000
1 17 13 159744.000000 0.00000000178057 3 -8.7500000000
1 17 14 172032.000000 0.00000000053860 3 -9.7500000000
1 17 15 184320.000000 0.00000000012605 3 -10.7500000000
1 17 16 196608.000000 0.00000000003353 3 -11.7500000000
1 18 0 0.000000 0.02572091482580 0 2.0000000000
1 18 1 12288.000000 0.01293281093240 0 2.0000000000
1 18 2 24576.000000 0.00253042369150 4 1.2500000000
1 18 3 36864.000000 0.00082803558325 3 0.2500000000
1 18 4 49152.000000 0.00028574321186 4 -0.5000000000
1 18 5 61440.000000 0.00009058283467 4 -1.2500000000
1 18 6 73728.000000 0.00002593018689 4 -2.0000000000
1 18 7 86016.000000 0.00000798518886 3 -3.0000000000
1 18 8 98304.000000 0.00000203149716 4 -3.7500000000
1 18 9 110592.000000 0.00000052315886 3 -4.7500000000
1 18 10 122880.000000 0.00000012923981 3 -5.7500000000
1 18 11 135168.000000 0.00000003506627 3 -6.7500000000
1 18 12 147456.000000 0.00000000843711 3 -7.7500000000
1 18 13 159744.000000 0.00000000214182 3 -8.7500000000
1 18 14 172032.000000 0.00000000053894 3 -9.7500000000
1 18 15 184320.000000 0.00000000013066 3 -10.7500000000
1 18 16 196608.000000 0.00000000003527 3 -11.7500000000
1 19 0 0.000000 0.03081698901951 0 2.0000000000
1 19 1 12288.000000 0.01629064418375 0 2.0000000000
1 19 2 24576.000000 0.00384288025089 4 1.2500000000
1 19 3 36864.000000 0.00134775950573 5 0.7500000000
1 19 4 49152.000000 0.00055669661378 3 -0.2500000000
1 19 5 61440.000000 0.00024209573166 5 -0.7500000000
1 19 6 73728.000000 0.00009015508840 5 -1.2500000000
1 19 7 86016.000000 0.00002705674888 4 -2.0000000000
1 19 8 98304.000000 0.00000609684048 3 -3.0000000000
1 19 9 110592.000000 0.00000171003421 3 -4.0000000000
1 19 10 122880.000000 0.00000050262992 4 -4.7500000000
1 19 11 135168.000000 0.00000013490974 3 -5.7500000000
1 19 12 147456.000000 0.00000003523283 3 -6.7500000000
1 19 13 159744.000000 0.00000000896711 3 -7.7500000000
1 19 14 172032.000000 0.00000000212822 3 -8.7500000000
1 19 15 184320.000000 0.00000000050705 3 -9.7500000000
1 19 16 196608.000000 0.00000000014021 3 -10.7500000000
1 20 0 0.000000 0.07109278440475 0 2.0000000000
1 20 1 12288.000000 0.04315728694201 0 2.0000000000
1 20 2 24576.000000 0.00865771342069 6 1.7500000000
1 20 3 36864.000000 0.00251892721280 4 1.0000000000
1 20 4 49152.000000 0.00093013833975 4 0.2500000000
1 20 5 61440.000000 0.00030660835910 5 -0.2500000000
1 20 6 73728.000000 0.00009093137487 3 -1.2500000000
1 20 7 86016.000000 0.00002828487959 4 -2.0000000000
1 20 8 98304.000000 0.00000675827005 3 -3.0000000000
1 20 9 110592.000000 0.00000170241890 3 -4.0000000000
1 20 10 122880.000000 0.00000043543619 3 -5.0000000000
1 20 11 135168.000000 0.00000010855678 3 -6.0000000000
1 20 12 147456.000000 0.00000002799900 3 -7.0000000000
1 20 13 159744.000000 0.00000000741236 3 -8.0000000000
1 20 14 172032.000000 0.00000000173868 3 -9.0000000000
1 20 15 184320.000000 0.00000000043655 3 -10.0000000000
1 20 16 196608.000000 0.00000000011953 3 -11.0000000000
1 21 0 0.000000 0.25330489873886 0 3.0000000000
1 21 1 12288.000000 0.12510026991367 0 3.0000000000
1 21 2 24576.000000 0.01973306573927 3 2.0000000000
1 21 3 36864.000000 0.00690714595839 5 1.5000000000
1 21 4 49152.000000 0.00338660832494 4 0.7500000000
1 21 5 61440.000000 0.00129445409402 6 0.5000000000
1 21 6 73728.000000 0.00035182404099 4 -0.2500000000
1 21 7 86016.000000 0.00010831547115 4 -1.0000000000
1 21 8 98304.000000 0.00002958589539 3 -2.0000000000
1 21 9 110592.000000 0.00000747787999 3 -3.0000000000
1 21 10 122880.000000 0.00000189952300 3 -4.0000000000
1 21 11 135168.000000 0.00000059623437 3 -5.0000000000
1 21 12 147456.000000 0.00000012247077 3 -6.0000000000
1 21 13 159744.000000 0.00000003422680 3 -7.0000000000
1 21 14 172032.000000 0.00000000825593 3 -8.0000000000
1 21 15 184320.000000 0.00000000182362 3 -9.0000000000
1 21 16 196608.000000 0.00000000044038 3 -10.0000000000
1 22 0 0.000000 0.35867741703987 0 3.0000000000
1 22 1 12288.000000 0.16171658039093 1 3.2500000000
1 22 2 24576.000000 0.03653623163700 4 2.5000000000
1 22 3 36864.000000 0.01045402511954 4 1.7500000000
1 22 4 49152.000000 0.00376752647571 5 1.2500000000
1 22 5 61440.000000 0.00133311189711 3 0.2500000000
1 22 6 73728.000000 0.00043896705029 5 -0.2500000000
1 22 7 86016.000000 0.00014155465760 4 -1.0000000000
1 22 8 98304.000000 0.00003957421359 3 -2.0000000000
1 22 9 110592.000000 0.00001308343690 4 -2.7500000000
1 22 10 122880.000000 0.00000337645997 3 -3.7500000000
1 22 11 135168.000000 0.00000080424576 3 -4.7500000000
1 22 12 147456.000000 0.00000020628335 3 -5.7500000000
1 22 13 159744.000000 0.00000004712656 3 -6.7500000000
1 22 14 172032.000000 0.00000001225067 3 -7.7500000000
1 22 15 184320.000000 0.00000000339221 3 -8.7500000000
1 22 16 196608.000000 0.00000000078528 3 -9.7500000000
1 23 0 0.000000 0.50581568479538 0 3.0000000000
1 23 1 12288.000000 0.21344195306301 2 3.5000000000
1 23 2 24576.000000 0.04096573218703 5 3.0000000000
1 23 3 36864.000000 0.01375880837440 4 2.2500000000
1 23 4 49152.000000 0.00530049949884 5 1.7500000000
1 23 5 61440.000000 0.00196697167121 3 0.7500000000
1 23 6 73728.000000 0.00070571829565 5 0.2500000000
1 23 7 86016.000000 0.00022752660152 4 -0.5000000000
1 23 8 98304.000000 0.00005979782509 3 -1.5000000000
1 23 9 110592.000000 0.00002061850864 4 -2.2500000000
1 23 10 122880.000000 0.00000521016591 3 -3.2500000000
1 23 11 135168.000000 0.00000128511158 3 -4.2500000000
1 23 12 147456.000000 0.00000029081011 3 -5.2500000000
1 23 13 159744.000000 0.00000007401121 3 -6.2500000000
1 23 14 172032.000000 0.00000001889520 3 -7.2500000000
1 23 15 184320.000000 0.00000000462154 3 -8.2500000000
1 23 16 196608.000000 0.00000000115078 3 -9.2500000000
1 24 0 0.000000 3.19399118423462 0 5.0000000000
1 24 1 12288.000000 3.03943181037903 3 5.7500000000
1 24 2 24576.000000 0.81733655929565 0 4.0000000000
1 24 3 36864.000000 0.14881241321564 4 3.2500000000
1 24 4 49152.000000 0.05446908250451 5 2.7500000000
1 24 5 61440.000000 0.02003303170204 5 2.2500000000
1 24 6 73728.000000 0.00698228040710 3 1.2500000000
1 24 7 86016.000000 0.00175371463411 4 0.5000000000
1 24 8 98304.000000 0.00044146232540 3 -0.5000000000
1 24 9 110592.000000 0.00012615486048 3 -1.5000000000
1 24 10 122880.000000 0.00003608012776 3 -2.5000000000
1 24 11 135168.000000 0.00000617729347 3 -3.5000000000
1 24 12 147456.000000 0.00000207632297 3 -4.5000000000
1 24 13 159744.000000 0.00000040482209 3 -5.5000000000
1 24 14 172032.000000 0.00000011765990 3 -6.5000000000
1 24 15 184320.000000 0.00000004047109 3 -7.5000000000
1 24 16 196608.000000 0.00000000757521 3 -8.5000000000
