2 0 0 0.000000 0.00726176565513 0 -2.0000000000
2 0 1 98304.000000 0.00578556396067 0 -2.0000000000
2 0 2 196608.000000 0.00080640078522 0 -3.7500000000
2 0 3 294912.000000 0.00028483598726 3 -4.7500000000
2 0 4 393216.000000 0.00009655454778 5 -5.2500000000
2 0 5 491520.000000 0.00004176286166 4 -6.0000000000
2 0 6 589824.000000 0.00001785933091 4 -6.7500000000
2 0 7 688128.000000 0.00000835772244 6 -7.0000000000
2 0 8 786432.000000 0.00000384792975 5 -7.5000000000
2 0 9 884736.000000 0.00000149205596 4 -8.2500000000
2 0 10 983040.000000 0.00000061955296 4 -9.0000000000
2 0 11 1081344.000000 0.00000018533446 5 -9.5000000000
2 0 12 1179648.000000 0.00000006059383 4 -10.2500000000
2 0 13 1277952.000000 0.00000001854386 3 -11.2500000000
2 0 14 1376256.000000 0.00000000505827 3 -12.2500000000
2 0 15 1474560.000000 0.00000000142881 4 -13.0000000000
2 0 16 1572864.000000 0.00000000036044 3 -14.0000000000
2 1 0 0.000000 0.00595331378281 0 -1.0000000000
2 1 1 98304.000000 0.00366643466987 0 -1.0000000000
2 1 2 196608.000000 0.00197629071772 4 -1.7500000000
2 1 3 294912.000000 0.00094800733496 1 -3.2500000000
2 1 4 393216.000000 0.00042754082824 5 -3.7500000000
2 1 5 491520.000000 0.00018656974135 6 -4.0000000000
2 1 6 589824.000000 0.00008106444147 4 -4.7500000000
2 1 7 688128.000000 0.00003156745515 5 -5.2500000000
2 1 8 786432.000000 0.00001398285076 4 -6.0000000000
2 1 9 884736.000000 0.00000605793775 4 -6.7500000000
2 1 10 983040.000000 0.00000231054491 5 -7.2500000000
2 1 11 1081344.000000 0.00000073584727 4 -8.0000000000
2 1 12 1179648.000000 0.00000021243721 4 -8.7500000000
2 1 13 1277952.000000 0.00000004822650 3 -9.7500000000
2 1 14 1376256.000000 0.00000001149682 3 -10.7500000000
2 1 15 1474560.000000 0.00000000297205 3 -11.7500000000
2 1 16 1572864.000000 0.00000000078050 3 -12.7500000000
2 2 0 0.000000 0.00912838522345 0 -1.0000000000
2 2 1 98304.000000 0.00411433540285 2 -0.5000000000
2 2 2 196608.000000 0.00143890886102 6 -0.7500000000
2 2 3 294912.000000 0.00077168119606 4 -1.5000000000
2 2 4 393216.000000 0.00042238589958 1 -3.0000000000
2 2 5 491520.000000 0.00020001802477 4 -3.7500000000
2 2 6 589824.000000 0.00007321293378 5 -4.2500000000
2 2 7 688128.000000 0.00002521377974 5 -4.7500000000
2 2 8 786432.000000 0.00000706949049 3 -5.7500000000
2 2 9 884736.000000 0.00000228239173 4 -6.5000000000
2 2 10 983040.000000 0.00000065889662 3 -7.5000000000
2 2 11 1081344.000000 0.00000016040549 3 -8.5000000000
2 2 12 1179648.000000 0.00000003744543 3 -9.5000000000
2 2 13 1277952.000000 0.00000001176796 3 -10.5000000000
2 2 14 1376256.000000 0.00000000335891 4 -11.2500000000
2 2 15 1474560.000000 0.00000000081971 3 -12.2500000000
2 2 16 1572864.000000 0.00000000024131 3 -13.2500000000
2 3 0 0.000000 0.02997417561710 0 0.0000000000
2 3 1 98304.000000 0.01429046131670 1 0.2500000000
2 3 2 196608.000000 0.00314468680881 5 -0.2500000000
2 3 3 294912.000000 0.00119033642113 4 -1.0000000000
2 3 4 393216.000000 0.00051381660160 4 -1.7500000000
2 3 5 491520.000000 0.00025064116926 3 -2.7500000000
2 3 6 589824.000000 0.00013232629863 4 -3.5000000000
2 3 7 688128.000000 0.00005979180423 5 -4.0000000000
2 3 8 786432.000000 0.00002285877963 4 -4.7500000000
2 3 9 884736.000000 0.00000643428484 4 -5.5000000000
2 3 10 983040.000000 0.00000194875111 3 -6.5000000000
2 3 11 1081344.000000 0.00000049991678 4 -7.2500000000
2 3 12 1179648.000000 0.00000014110057 3 -8.2500000000
2 3 13 1277952.000000 0.00000003718030 3 -9.2500000000
2 3 14 1376256.000000 0.00000000884427 3 -10.2500000000
2 3 15 1474560.000000 0.00000000210438 3 -11.2500000000
2 3 16 1572864.000000 0.00000000049342 3 -12.2500000000
2 4 0 0.000000 0.04921904206276 0 0.0000000000
2 4 1 98304.000000 0.02389433421195 1 0.2500000000
2 4 2 196608.000000 0.00466823577881 7 0.2500000000
2 4 3 294912.000000 0.00151676009409 4 -0.5000000000
2 4 4 393216.000000 0.00071405229392 3 -1.5000000000
2 4 5 491520.000000 0.00035251941881 5 -2.0000000000
2 4 6 589824.000000 0.00019891359261 7 -2.0000000000
2 4 7 688128.000000 0.00009991053230 4 -2.7500000000
2 4 8 786432.000000 0.00004426711166 3 -3.7500000000
2 4 9 884736.000000 0.00001460538897 3 -4.7500000000
2 4 10 983040.000000 0.00000454232941 3 -5.7500000000
2 4 11 1081344.000000 0.00000126481177 4 -6.5000000000
2 4 12 1179648.000000 0.00000031089834 3 -7.5000000000
2 4 13 1277952.000000 0.00000006937906 3 -8.5000000000
2 4 14 1376256.000000 0.00000001953332 3 -9.5000000000
2 4 15 1474560.000000 0.00000000473649 3 -10.5000000000
2 4 16 1572864.000000 0.00000000119445 3 -11.5000000000
2 5 0 0.000000 0.12870247662067 0 1.0000000000
2 5 1 98304.000000 0.05242041125894 0 1.0000000000
2 5 2 196608.000000 0.01108534913510 4 0.2500000000
2 5 3 294912.000000 0.00394758209586 5 -0.2500000000
2 5 4 393216.000000 0.00154711131472 5 -0.7500000000
2 5 5 491520.000000 0.00070091459202 4 -1.5000000000
2 5 6 589824.000000 0.00026814427110 5 -2.0000000000
2 5 7 688128.000000 0.00012002745643 4 -2.7500000000
2 5 8 786432.000000 0.00004411653208 4 -3.5000000000
2 5 9 884736.000000 0.00001388547753 3 -4.5000000000
2 5 10 983040.000000 0.00000470283203 3 -5.5000000000
2 5 11 1081344.000000 0.00000133815024 4 -6.2500000000
2 5 12 1179648.000000 0.00000030723703 3 -7.2500000000
2 5 13 1277952.000000 0.00000008448240 3 -8.2500000000
2 5 14 1376256.000000 0.00000002030048 3 -9.2500000000
2 5 15 1474560.000000 0.00000000454731 3 -10.2500000000
2 5 16 1572864.000000 0.00000000127638 3 -11.2500000000
2 6 0 0.000000 0.30520346760750 0 1.0000000000
2 6 1 98304.000000 0.12767845392227 1 1.2500000000
2 6 2 196608.000000 0.02992300316691 6 1.0000000000
2 6 3 294912.000000 0.01271247398108 4 0.2500000000
2 6 4 393216.000000 0.00482908263803 5 -0.2500000000
2 6 5 491520.000000 0.00206697662361 5 -0.7500000000
2 6 6 589824.000000 0.00061634468148 4 -1.5000000000
2 6 7 688128.000000 0.00019579047512 4 -2.2500000000
2 6 8 786432.000000 0.00005825904736 3 -3.2500000000
2 6 9 884736.000000 0.00001811255061 4 -4.0000000000
2 6 10 983040.000000 0.00000554382086 3 -5.0000000000
2 6 11 1081344.000000 0.00000124954704 3 -6.0000000000
2 6 12 1179648.000000 0.00000030709927 3 -7.0000000000
2 6 13 1277952.000000 0.00000007940572 3 -8.0000000000
2 6 14 1376256.000000 0.00000001885904 3 -9.0000000000
2 6 15 1474560.000000 0.00000000475202 3 -10.0000000000
2 6 16 1572864.000000 0.00000000116917 3 -11.0000000000
2 7 0 0.000000 0.32709875702858 0 2.0000000000
2 7 1 98304.000000 0.15378274023533 0 2.0000000000
2 7 2 196608.000000 0.02938430756330 4 1.2500000000
2 7 3 294912.000000 0.01008794549853 5 0.7500000000
2 7 4 393216.000000 0.00391094619408 5 0.2500000000
2 7 5 491520.000000 0.00141698576044 4 -0.5000000000
2 7 6 589824.000000 0.00047525588889 4 -1.2500000000
2 7 7 688128.000000 0.00016210376634 3 -2.2500000000
2 7 8 786432.000000 0.00004707396511 4 -3.0000000000
2 7 9 884736.000000 0.00001513571351 4 -3.7500000000
2 7 10 983040.000000 0.00000409883887 3 -4.7500000000
2 7 11 1081344.000000 0.00000107310711 3 -5.7500000000
2 7 12 1179648.000000 0.00000026274103 3 -6.7500000000
2 7 13 1277952.000000 0.00000007280808 3 -7.7500000000
2 7 14 1376256.000000 0.00000001721184 3 -8.7500000000
2 7 15 1474560.000000 0.00000000416649 3 -9.7500000000
2 7 16 1572864.000000 0.00000000105072 3 -10.7500000000
2 8 0 0.000000 4.16583633422852 0 3.0000000000
2 8 1 98304.000000 3.00099158287048 0 3.0000000000
2 8 2 196608.000000 0.39399391412735 3 2.0000000000
2 8 3 294912.000000 0.12210860103369 5 1.5000000000
2 8 4 393216.000000 0.04103732854128 6 1.2500000000
2 8 5 491520.000000 0.01606298983097 4 0.5000000000
2 8 6 589824.000000 0.00509098311886 4 -0.2500000000
2 8 7 688128.000000 0.00180051091593 3 -1.2500000000
2 8 8 786432.000000 0.00054999312852 4 -2.0000000000
2 8 9 884736.000000 0.00015650903515 4 -2.7500000000
2 8 10 983040.000000 0.00003931417086 3 -3.7500000000
2 8 11 1081344.000000 0.00000984335838 3 -4.7500000000
2 8 12 1179648.000000 0.00000250309677 3 -5.7500000000
2 8 13 1277952.000000 0.00000064349490 3 -6.7500000000
2 8 14 1376256.000000 0.00000015976542 3 -7.7500000000
2 8 15 1474560.000000 0.00000003831240 3 -8.7500000000
2 8 16 1572864.000000 0.00000001014380 3 -9.7500000000
