4 0 0 0.000000 0.01494138874114 0 -2.0000000000
4 0 1 49152.000000 0.01222092658281 0 -2.0000000000
4 0 2 98304.000000 0.00302824587561 2 -3.2500000000
4 0 3 147456.000000 0.00090225599706 6 -3.5000000000
4 0 4 196608.000000 0.00025078112958 3 -4.5000000000
4 0 5 245760.000000 0.00009677348135 3 -5.5000000000
4 0 6 294912.000000 0.00005232509648 4 -6.2500000000
4 0 7 344064.000000 0.00002848240911 8 -6.0000000000
4 0 8 393216.000000 0.00001043830525 4 -6.7500000000
4 0 9 442368.000000 0.00000338668769 4 -7.5000000000
4 0 10 491520.000000 0.00000106275388 3 -8.5000000000
4 0 11 540672.000000 0.00000027108300 4 -9.2500000000
4 0 12 589824.000000 0.00000006374156 3 -10.2500000000
4 0 13 638976.000000 0.00000001478001 3 -11.2500000000
4 0 14 688128.000000 0.00000000375819 3 -12.2500000000
4 0 15 737280.000000 0.00000000108595 3 -13.2500000000
4 0 16 786432.000000 0.00000000027666 3 -14.2500000000
4 1 0 0.000000 0.00414259964600 0 -2.0000000000
4 1 1 49152.000000 0.00254712160677 0 -2.0000000000
4 1 2 98304.000000 0.00083618232748 2 -3.2500000000
4 1 3 147456.000000 0.00034662388498 5 -3.7500000000
4 1 4 196608.000000 0.00015500014706 4 -4.5000000000
4 1 5 245760.000000 0.00006456422125 5 -5.0000000000
4 1 6 294912.000000 0.00002847903306 5 -5.5000000000
4 1 7 344064.000000 0.00001010861251 4 -6.2500000000
4 1 8 393216.000000 0.00000259119543 4 -7.0000000000
4 1 9 442368.000000 0.00000083793128 4 -7.7500000000
4 1 10 491520.000000 0.00000018863501 3 -8.7500000000
4 1 11 540672.000000 0.00000005397271 3 -9.7500000000
4 1 12 589824.000000 0.00000001368066 3 -10.7500000000
4 1 13 638976.000000 0.00000000327172 3 -11.7500000000
4 1 14 688128.000000 0.00000000081264 3 -12.7500000000
4 1 15 737280.000000 0.00000000019789 3 -13.7500000000
4 1 16 786432.000000 0.00000000004865 3 -14.7500000000
4 2 0 0.000000 0.00389594002627 0 -2.0000000000
4 2 1 49152.000000 0.00217902823351 0 -2.0000000000
4 2 2 98304.000000 0.00082256074529 4 -2.7500000000
4 2 3 147456.000000 0.00033089172211 3 -3.7500000000
4 2 4 196608.000000 0.00015101872850 6 -4.0000000000
4 2 5 245760.000000 0.00005996397158 4 -4.7500000000
4 2 6 294912.000000 0.00002052708078 5 -5.2500000000
4 2 7 344064.000000 0.00000748157254 4 -6.0000000000
4 2 8 393216.000000 0.00000256497015 3 -7.0000000000
4 2 9 442368.000000 0.00000071222661 4 -7.7500000000
4 2 10 491520.000000 0.00000022465983 4 -8.5000000000
4 2 11 540672.000000 0.00000005226145 3 -9.5000000000
4 2 12 589824.000000 0.00000001353156 3 -10.5000000000
4 2 13 638976.000000 0.00000000334798 3 -11.5000000000
4 2 14 688128.000000 0.00000000082118 3 -12.5000000000
4 2 15 737280.000000 0.00000000018883 3 -13.5000000000
4 2 16 786432.000000 0.00000000005140 3 -14.5000000000
4 3 0 0.000000 0.01409609150141 0 -1.0000000000
4 3 1 49152.000000 0.00728599727154 0 -1.0000000000
4 3 2 98304.000000 0.00196287082508 4 -1.7500000000
4 3 3 147456.000000 0.00072716578143 4 -2.5000000000
4 3 4 196608.000000 0.00035142933484 5 -3.0000000000
4 3 5 245760.000000 0.00014262607147 3 -4.0000000000
4 3 6 294912.000000 0.00005258834790 4 -4.7500000000
4 3 7 344064.000000 0.00001938896094 4 -5.5000000000
4 3 8 393216.000000 0.00000637758922 4 -6.2500000000
4 3 9 442368.000000 0.00000181188523 4 -7.0000000000
4 3 10 491520.000000 0.00000043574735 3 -8.0000000000
4 3 11 540672.000000 0.00000011541717 3 -9.0000000000
4 3 12 589824.000000 0.00000002590905 3 -10.0000000000
4 3 13 638976.000000 0.00000000665102 3 -11.0000000000
4 3 14 688128.000000 0.00000000165840 3 -12.0000000000
4 3 15 737280.000000 0.00000000045408 3 -13.0000000000
4 3 16 786432.000000 0.00000000010669 3 -14.0000000000
4 4 0 0.000000 0.04831102117896 0 -1.0000000000
4 4 1 49152.000000 0.02859242632985 2 -0.5000000000
4 4 2 98304.000000 0.00516073405743 5 -1.0000000000
4 4 3 147456.000000 0.00162773823831 5 -1.5000000000
4 4 4 196608.000000 0.00049383152509 3 -2.5000000000
4 4 5 245760.000000 0.00018708914286 4 -3.2500000000
4 4 6 294912.000000 0.00006146639498 3 -4.2500000000
4 4 7 344064.000000 0.00001946385783 4 -5.0000000000
4 4 8 393216.000000 0.00000606473759 3 -6.0000000000
4 4 9 442368.000000 0.00000164665187 4 -6.7500000000
4 4 10 491520.000000 0.00000039468065 3 -7.7500000000
4 4 11 540672.000000 0.00000010157306 3 -8.7500000000
4 4 12 589824.000000 0.00000002914341 3 -9.7500000000
4 4 13 638976.000000 0.00000000649988 3 -10.7500000000
4 4 14 688128.000000 0.00000000166725 3 -11.7500000000
4 4 15 737280.000000 0.00000000042377 3 -12.7500000000
4 4 16 786432.000000 0.00000000010182 3 -13.7500000000
4 5 0 0.000000 0.05368515476584 0 0.0000000000
4 5 1 49152.000000 0.02004681527615 0 0.0000000000
4 5 2 98304.000000 0.00459234090522 4 -0.7500000000
4 5 3 147456.000000 0.00147316756193 4 -1.5000000000
4 5 4 196608.000000 0.00060081796255 4 -2.2500000000
4 5 5 245760.000000 0.00028385274345 3 -3.2500000000
4 5 6 294912.000000 0.00012914779654 5 -3.7500000000
4 5 7 344064.000000 0.00005812136078 4 -4.5000000000
4 5 8 393216.000000 0.00001739837353 5 -5.0000000000
4 5 9 442368.000000 0.00000577456103 3 -6.0000000000
4 5 10 491520.000000 0.00000142986926 4 -6.7500000000
4 5 11 540672.000000 0.00000035342444 3 -7.7500000000
4 5 12 589824.000000 0.00000009850331 3 -8.7500000000
4 5 13 638976.000000 0.00000002442036 3 -9.7500000000
4 5 14 688128.000000 0.00000000600597 3 -10.7500000000
4 5 15 737280.000000 0.00000000152370 3 -11.7500000000
4 5 16 786432.000000 0.00000000037303 3 -12.7500000000
4 6 0 0.000000 0.20733240246773 0 1.0000000000
4 6 1 49152.000000 0.11345303803682 0 1.0000000000
4 6 2 98304.000000 0.01505120564252 3 0.0000000000
4 6 3 147456.000000 0.00531189935282 3 -1.0000000000
4 6 4 196608.000000 0.00193120317999 4 -1.7500000000
4 6 5 245760.000000 0.00078970001778 5 -2.2500000000
4 6 6 294912.000000 0.00025712221395 4 -3.0000000000
4 6 7 344064.000000 0.00008872047329 4 -3.7500000000
4 6 8 393216.000000 0.00002425377170 3 -4.7500000000
4 6 9 442368.000000 0.00000726513099 3 -5.7500000000
4 6 10 491520.000000 0.00000177574407 4 -6.5000000000
4 6 11 540672.000000 0.00000048943332 3 -7.5000000000
4 6 12 589824.000000 0.00000011349996 3 -8.5000000000
4 6 13 638976.000000 0.00000003178521 3 -9.5000000000
4 6 14 688128.000000 0.00000000724373 3 -10.5000000000
4 6 15 737280.000000 0.00000000190623 3 -11.5000000000
4 6 16 786432.000000 0.00000000043467 3 -12.5000000000
4 7 0 0.000000 0.13336426019669 0 1.0000000000
4 7 1 49152.000000 0.06847318261862 0 1.0000000000
4 7 2 98304.000000 0.01234781462699 2 -0.2500000000
4 7 3 147456.000000 0.00513996137306 5 -0.7500000000
4 7 4 196608.000000 0.00228737969883 4 -1.5000000000
4 7 5 245760.000000 0.00092584447702 5 -2.0000000000
4 7 6 294912.000000 0.00036317395279 5 -2.5000000000
4 7 7 344064.000000 0.00013088175911 3 -3.5000000000
4 7 8 393216.000000 0.00003942891271 4 -4.2500000000
4 7 9 442368.000000 0.00001096668257 3 -5.2500000000
4 7 10 491520.000000 0.00000272654643 3 -6.2500000000
4 7 11 540672.000000 0.00000085852122 3 -7.2500000000
4 7 12 589824.000000 0.00000020255018 4 -8.0000000000
4 7 13 638976.000000 0.00000005215243 3 -9.0000000000
4 7 14 688128.000000 0.00000001282337 3 -10.0000000000
4 7 15 737280.000000 0.00000000363433 3 -11.0000000000
4 7 16 786432.000000 0.00000000080287 3 -12.0000000000
4 8 0 0.000000 4.42172384262085 0 2.0000000000
4 8 1 49152.000000 3.60824775695801 0 2.0000000000
4 8 2 98304.000000 0.36619493365288 4 1.2500000000
4 8 3 147456.000000 0.09357301145792 5 0.7500000000
4 8 4 196608.000000 0.03361658379436 4 0.0000000000
4 8 5 245760.000000 0.00992252212018 4 -0.7500000000
4 8 6 294912.000000 0.00263547128998 4 -1.5000000000
4 8 7 344064.000000 0.00075100525282 3 -2.5000000000
4 8 8 393216.000000 0.00024007094908 4 -3.2500000000
4 8 9 442368.000000 0.00006480410229 3 -4.2500000000
4 8 10 491520.000000 0.00001791478826 3 -5.2500000000
4 8 11 540672.000000 0.00000431298076 3 -6.2500000000
4 8 12 589824.000000 0.00000108182542 3 -7.2500000000
4 8 13 638976.000000 0.00000025177209 3 -8.2500000000
4 8 14 688128.000000 0.00000005638555 3 -9.2500000000
4 8 15 737280.000000 0.00000001459905 3 -10.2500000000
4 8 16 786432.000000 0.00000000378478 3 -11.2500000000
