1 0 0 0.000000 0.00181324034929 0 -6.0000000000
1 0 1 12288.000000 0.00014356129395 0 -6.0000000000
1 0 2 24576.000000 0.00005880066965 4 -6.7500000000
1 0 3 36864.000000 0.00001772184260 6 -7.0000000000
1 0 4 49152.000000 0.00000848775835 5 -7.5000000000
1 0 5 61440.000000 0.00000223349025 2 -8.7500000000
1 0 6 73728.000000 0.00000074788602 4 -9.5000000000
1 0 7 86016.000000 0.00000020530520 4 -10.2500000000
1 0 8 98304.000000 0.00000006042195 4 -11.0000000000
1 0 9 110592.000000 0.00000002135780 3 -12.0000000000
1 0 10 122880.000000 0.00000000449179 4 -12.7500000000
1 1 0 0.000000 0.00014750230184 0 -6.0000000000
1 1 1 12288.000000 0.00003447906420 0 -6.0000000000
1 1 2 24576.000000 0.00001671764221 3 -7.0000000000
1 1 3 36864.000000 0.00000610185270 5 -7.5000000000
1 1 4 49152.000000 0.00000229241232 5 -8.0000000000
1 1 5 61440.000000 0.00000074604787 4 -8.7500000000
1 1 6 73728.000000 0.00000024093544 4 -9.5000000000
1 1 7 86016.000000 0.00000007274200 3 -10.5000000000
1 1 8 98304.000000 0.00000002236235 4 -11.2500000000
1 1 9 110592.000000 0.00000000479762 3 -12.2500000000
1 1 10 122880.000000 0.00000000123168 3 -13.2500000000
1 2 0 0.000000 0.00012195961608 0 -6.0000000000
1 2 1 12288.000000 0.00003394165105 0 -6.0000000000
1 2 2 24576.000000 0.00001490424620 4 -6.7500000000
1 2 3 36864.000000 0.00000646898570 5 -7.2500000000
1 2 4 49152.000000 0.00000263799257 5 -7.7500000000
1 2 5 61440.000000 0.00000092384784 4 -8.5000000000
1 2 6 73728.000000 0.00000028964567 4 -9.2500000000
1 2 7 86016.000000 0.00000007959667 3 -10.2500000000
1 2 8 98304.000000 0.00000002002916 3 -11.2500000000
1 2 9 110592.000000 0.00000000486850 3 -12.2500000000
1 2 10 122880.000000 0.00000000118203 3 -13.2500000000
1 3 0 0.000000 0.00024578539887 0 -6.0000000000
1 3 1 12288.000000 0.00005441386747 0 -6.0000000000
1 3 2 24576.000000 0.00002518249312 5 -6.5000000000
1 3 3 36864.000000 0.00001194365541 4 -7.2500000000
1 3 4 49152.000000 0.00000546803403 5 -7.7500000000
1 3 5 61440.000000 0.00000233466835 5 -8.2500000000
1 3 6 73728.000000 0.00000079309808 4 -9.0000000000
1 3 7 86016.000000 0.00000029680859 5 -9.5000000000
1 3 8 98304.000000 0.00000006936673 3 -10.5000000000
1 3 9 110592.000000 0.00000002254881 3 -11.5000000000
1 3 10 122880.000000 0.00000000612138 4 -12.2500000000
1 4 0 0.000000 0.00648479023948 0 -5.0000000000
1 4 1 12288.000000 0.00126274733339 0 -5.0000000000
1 4 2 24576.000000 0.00021882039437 3 -6.0000000000
1 4 3 36864.000000 0.00011912338232 4 -6.7500000000
1 4 4 49152.000000 0.00003373346408 4 -7.5000000000
1 4 5 61440.000000 0.00001053518918 3 -8.5000000000
1 4 6 73728.000000 0.00000396074574 4 -9.2500000000
1 4 7 86016.000000 0.00000102606691 4 -9.7500000000
1 4 8 98304.000000 0.00000043816206 2 -11.0000000000
1 4 9 110592.000000 0.00000011422914 2 -11.7500000000
1 4 10 122880.000000 0.00000003548757 3 -12.7500000000
1 5 0 0.000000 0.00912993308157 0 -5.0000000000
1 5 1 12288.000000 0.00162933941465 0 -5.0000000000
1 5 2 24576.000000 0.00058433524100 4 -5.7500000000
1 5 3 36864.000000 0.00016262657300 2 -7.0000000000
1 5 4 49152.000000 0.00005877143849 5 -7.5000000000
1 5 5 61440.000000 0.00001937932939 4 -8.2500000000
1 5 6 73728.000000 0.00000666522556 3 -9.2500000000
1 5 7 86016.000000 0.00000167735698 4 -9.7500000000
1 5 8 98304.000000 0.00000076309971 4 -10.5000000000
1 5 9 110592.000000 0.00000019832227 3 -11.5000000000
1 5 10 122880.000000 0.00000005613122 4 -12.2500000000
1 6 0 0.000000 0.00115764269140 0 -5.0000000000
1 6 1 12288.000000 0.00033466529567 0 -5.0000000000
1 6 2 24576.000000 0.00017059710808 2 -6.2500000000
1 6 3 36864.000000 0.00007648605242 6 -6.5000000000
1 6 4 49152.000000 0.00004002229252 6 -6.7500000000
1 6 5 61440.000000 0.00001657407120 4 -7.5000000000
1 6 6 73728.000000 0.00000641701990 5 -8.0000000000
1 6 7 86016.000000 0.00000207572498 4 -8.7500000000
1 6 8 98304.000000 0.00000059888646 4 -9.5000000000
1 6 9 110592.000000 0.00000015827396 3 -10.5000000000
1 6 10 122880.000000 0.00000004564752 3 -11.5000000000
1 7 0 0.000000 0.00127957377117 0 -5.0000000000
1 7 1 12288.000000 0.00034692318877 0 -5.0000000000
1 7 2 24576.000000 0.00016222021077 3 -6.0000000000
1 7 3 36864.000000 0.00008307450480 5 -6.5000000000
1 7 4 49152.000000 0.00003557611853 4 -7.2500000000
1 7 5 61440.000000 0.00001427463758 5 -7.7500000000
1 7 6 73728.000000 0.00000537636242 5 -8.2500000000
1 7 7 86016.000000 0.00000188212732 4 -9.0000000000
1 7 8 98304.000000 0.00000046846077 4 -9.7500000000
1 7 9 110592.000000 0.00000012885580 3 -10.7500000000
1 7 10 122880.000000 0.00000003337654 3 -11.7500000000
1 8 0 0.000000 0.00108632154297 0 -5.0000000000
1 8 1 12288.000000 0.00026886811247 0 -5.0000000000
1 8 2 24576.000000 0.00010848577222 4 -5.7500000000
1 8 3 36864.000000 0.00004780311065 4 -6.5000000000
1 8 4 49152.000000 0.00001892576256 5 -7.0000000000
1 8 5 61440.000000 0.00000654261521 4 -7.7500000000
1 8 6 73728.000000 0.00000217928960 3 -8.7500000000
1 8 7 86016.000000 0.00000069548770 4 -9.5000000000
1 8 8 98304.000000 0.00000018075339 4 -10.2500000000
1 8 9 110592.000000 0.00000004972604 3 -11.2500000000
1 8 10 122880.000000 0.00000001203354 3 -12.2500000000
1 9 0 0.000000 0.00092512980336 0 -5.0000000000
1 9 1 12288.000000 0.00028932254645 0 -5.0000000000
1 9 2 24576.000000 0.00011686114158 2 -6.2500000000
1 9 3 36864.000000 0.00004862343485 5 -6.7500000000
1 9 4 49152.000000 0.00002148678868 6 -7.0000000000
1 9 5 61440.000000 0.00000695830113 4 -7.7500000000
1 9 6 73728.000000 0.00000237852555 3 -8.7500000000
1 9 7 86016.000000 0.00000069928387 4 -9.5000000000
1 9 8 98304.000000 0.00000020151492 4 -10.2500000000
1 9 9 110592.000000 0.00000005616134 3 -11.2500000000
1 9 10 122880.000000 0.00000001265281 3 -12.2500000000
1 10 0 0.000000 0.03795639052987 0 -5.0000000000
1 10 1 12288.000000 0.00489858351648 0 -5.0000000000
1 10 2 24576.000000 0.00237160455436 4 -5.7500000000
1 10 3 36864.000000 0.00112191319931 7 -5.7500000000
1 10 4 49152.000000 0.00074052659329 3 -6.7500000000
1 10 5 61440.000000 0.00027076312108 7 -6.7500000000
1 10 6 73728.000000 0.00012240867363 3 -7.7500000000
1 10 7 86016.000000 0.00003009782631 4 -8.5000000000
1 10 8 98304.000000 0.00000635212382 4 -9.2500000000
1 10 9 110592.000000 0.00000205941183 3 -10.2500000000
1 10 10 122880.000000 0.00000042821213 3 -11.2500000000
1 11 0 0.000000 0.00374290766194 0 -5.0000000000
1 11 1 12288.000000 0.00100502953865 0 -5.0000000000
1 11 2 24576.000000 0.00047188499593 6 -5.2500000000
1 11 3 36864.000000 0.00020477651560 5 -5.7500000000
1 11 4 49152.000000 0.00009790377953 5 -6.2500000000
1 11 5 61440.000000 0.00003587970423 4 -7.0000000000
1 11 6 73728.000000 0.00000854179598 4 -7.7500000000
1 11 7 86016.000000 0.00000238950111 3 -8.7500000000
1 11 8 98304.000000 0.00000067256371 3 -9.7500000000
1 11 9 110592.000000 0.00000020915007 4 -10.5000000000
1 11 10 122880.000000 0.00000004873395 3 -11.5000000000
1 12 0 0.000000 0.07584101706743 0 -4.0000000000
1 12 1 12288.000000 0.01460412330925 0 -4.0000000000
1 12 2 24576.000000 0.00676200073212 1 -5.5000000000
1 12 3 36864.000000 0.00187171541620 6 -5.7500000000
1 12 4 49152.000000 0.00063214980764 5 -6.2500000000
1 12 5 61440.000000 0.00019886161317 3 -7.2500000000
1 12 6 73728.000000 0.00008532304491 5 -7.7500000000
1 12 7 86016.000000 0.00003815581658 2 -9.0000000000
1 12 8 98304.000000 0.00000625682787 2 -9.5000000000
1 12 9 110592.000000 0.00000221018195 4 -10.2500000000
1 12 10 122880.000000 0.00000043840780 2 -11.5000000000
1 13 0 0.000000 0.10783471912146 0 -4.0000000000
1 13 1 12288.000000 0.02332489937544 0 -4.0000000000
1 13 2 24576.000000 0.00553691294044 1 -5.5000000000
1 13 3 36864.000000 0.00158757751342 7 -5.5000000000
1 13 4 49152.000000 0.00072126294253 4 -6.2500000000
1 13 5 61440.000000 0.00025651478791 5 -6.7500000000
1 13 6 73728.000000 0.00008608745702 3 -7.7500000000
1 13 7 86016.000000 0.00003261800157 4 -8.5000000000
1 13 8 98304.000000 0.00000820083187 3 -9.5000000000
1 13 9 110592.000000 0.00000122406391 3 -10.2500000000
1 13 10 122880.000000 0.00000053580584 4 -11.0000000000
1 14 0 0.000000 0.20930545032024 0 -4.0000000000
1 14 1 12288.000000 0.03336359560490 0 -4.0000000000
1 14 2 24576.000000 0.00758884102106 2 -5.2500000000
1 14 3 36864.000000 0.00350494775921 6 -5.5000000000
1 14 4 49152.000000 0.00111292162910 4 -6.2500000000
1 14 5 61440.000000 0.00035282399040 4 -7.0000000000
1 14 6 73728.000000 0.00018030605861 4 -7.7500000000
1 14 7 86016.000000 0.00005365403558 3 -8.7500000000
1 14 8 98304.000000 0.00001533144314 3 -9.2500000000
1 14 9 110592.000000 0.00000494139158 2 -10.2500000000
1 14 10 122880.000000 0.00000155286352 3 -11.0000000000
1 15 0 0.000000 0.02189927920699 0 -4.0000000000
1 15 1 12288.000000 0.00424421485513 0 -4.0000000000
1 15 2 24576.000000 0.00171768618748 3 -5.0000000000
1 15 3 36864.000000 0.00068019772880 4 -5.7500000000
1 15 4 49152.000000 0.00023419008357 6 -6.0000000000
1 15 5 61440.000000 0.00008151018119 3 -7.0000000000
1 15 6 73728.000000 0.00002797907291 4 -7.7500000000
1 15 7 86016.000000 0.00000748779166 3 -8.7500000000
1 15 8 98304.000000 0.00000213950989 4 -9.5000000000
1 15 9 110592.000000 0.00000054610615 3 -10.5000000000
1 15 10 122880.000000 0.00000014770171 3 -11.5000000000
1 16 0 0.000000 0.02040748856962 0 -4.0000000000
1 16 1 12288.000000 0.00395938428119 0 -4.0000000000
1 16 2 24576.000000 0.00171786441933 2 -5.2500000000
1 16 3 36864.000000 0.00069817848271 6 -5.5000000000
1 16 4 49152.000000 0.00022187075228 4 -6.2500000000
1 16 5 61440.000000 0.00008351029101 5 -6.7500000000
1 16 6 73728.000000 0.00002569764365 3 -7.7500000000
1 16 7 86016.000000 0.00000758537999 4 -8.5000000000
1 16 8 98304.000000 0.00000296299913 4 -9.2500000000
1 16 9 110592.000000 0.00000080261037 3 -10.2500000000
1 16 10 122880.000000 0.00000018133709 3 -11.2500000000
1 17 0 0.000000 0.02311491779983 0 -4.0000000000
1 17 1 12288.000000 0.00505405105650 0 -4.0000000000
1 17 2 24576.000000 0.00204169377685 3 -5.0000000000
1 17 3 36864.000000 0.00080186041305 4 -5.7500000000
1 17 4 49152.000000 0.00027325691190 5 -6.2500000000
1 17 5 61440.000000 0.00008877925575 4 -7.0000000000
1 17 6 73728.000000 0.00002636518002 4 -7.7500000000
1 17 7 86016.000000 0.00000969322082 4 -8.5000000000
1 17 8 98304.000000 0.00000241719067 3 -9.5000000000
1 17 9 110592.000000 0.00000080183440 3 -10.5000000000
1 17 10 122880.000000 0.00000018390558 4 -11.2500000000
1 18 0 0.000000 0.01720708049834 0 -4.0000000000
1 18 1 12288.000000 0.00501749012619 0 -4.0000000000
1 18 2 24576.000000 0.00154365121853 3 -5.0000000000
1 18 3 36864.000000 0.00064116570866 5 -5.5000000000
1 18 4 49152.000000 0.00024674242013 4 -6.2500000000
1 18 5 61440.000000 0.00008088801405 4 -7.0000000000
1 18 6 73728.000000 0.00002615899393 4 -7.7500000000
1 18 7 86016.000000 0.00000725148448 4 -8.5000000000
1 18 8 98304.000000 0.00000179024380 3 -9.5000000000
1 18 9 110592.000000 0.00000055420787 3 -10.5000000000
1 18 10 122880.000000 0.00000016391189 4 -11.2500000000
1 19 0 0.000000 0.68084919452667 0 -4.0000000000
1 19 1 12288.000000 0.11857660859823 1 -3.7500000000
1 19 2 24576.000000 0.04950273036957 5 -4.2500000000
1 19 3 36864.000000 0.01869663223624 5 -4.7500000000
1 19 4 49152.000000 0.00639291247353 5 -5.2500000000
1 19 5 61440.000000 0.00192117539700 3 -6.2500000000
1 19 6 73728.000000 0.00068334070966 4 -7.0000000000
1 19 7 86016.000000 0.00023372667783 3 -8.0000000000
1 19 8 98304.000000 0.00004770701707 4 -8.7500000000
1 19 9 110592.000000 0.00001060946670 3 -9.7500000000
1 19 10 122880.000000 0.00000329470390 3 -10.7500000000
1 20 0 0.000000 3.35007119178772 0 -3.0000000000
1 20 1 12288.000000 0.74000716209412 0 -3.0000000000
1 20 2 24576.000000 0.16621251404285 1 -4.5000000000
1 20 3 36864.000000 0.05422108992934 5 -5.0000000000
1 20 4 49152.000000 0.01395802758634 5 -5.5000000000
1 20 5 61440.000000 0.00402871146798 5 -6.0000000000
1 20 6 73728.000000 0.00172310543712 3 -7.0000000000
1 20 7 86016.000000 0.00037227378925 3 -8.0000000000
1 20 8 98304.000000 0.00010473100701 4 -8.7500000000
1 20 9 110592.000000 0.00003228968490 3 -9.7500000000
1 20 10 122880.000000 0.00001009755943 3 -10.7500000000
1 21 0 0.000000 1.24546563625336 0 -3.0000000000
1 21 1 12288.000000 0.29561364650726 0 -3.0000000000
1 21 2 24576.000000 0.10099123418331 2 -4.2500000000
1 21 3 36864.000000 0.04275716841221 3 -5.2500000000
1 21 4 49152.000000 0.01669733040035 7 -5.2500000000
1 21 5 61440.000000 0.00504795648158 3 -6.2500000000
1 21 6 73728.000000 0.00140875333454 4 -7.0000000000
1 21 7 86016.000000 0.00044472483569 4 -7.7500000000
1 21 8 98304.000000 0.00014551478671 4 -8.5000000000
1 21 9 110592.000000 0.00003269007721 3 -9.5000000000
1 21 10 122880.000000 0.00001177854392 3 -10.5000000000
1 22 0 0.000000 0.50015443563461 0 -3.0000000000
1 22 1 12288.000000 0.07878545671701 1 -2.7500000000
1 22 2 24576.000000 0.04192394390702 2 -4.0000000000
1 22 3 36864.000000 0.01534886471927 7 -4.0000000000
1 22 4 49152.000000 0.00504904752597 4 -4.7500000000
1 22 5 61440.000000 0.00196149898693 4 -5.5000000000
1 22 6 73728.000000 0.00065883959178 4 -6.2500000000
1 22 7 86016.000000 0.00026407683617 5 -6.7500000000
1 22 8 98304.000000 0.00008062267443 3 -7.7500000000
1 22 9 110592.000000 0.00001894374691 4 -8.5000000000
1 22 10 122880.000000 0.00000523705376 3 -9.5000000000
1 23 0 0.000000 0.46300914883614 0 -3.0000000000
1 23 1 12288.000000 0.06368713825941 0 -3.0000000000
1 23 2 24576.000000 0.03190002590418 3 -4.0000000000
1 23 3 36864.000000 0.01405430864543 5 -4.5000000000
1 23 4 49152.000000 0.00422806479037 6 -4.7500000000
1 23 5 61440.000000 0.00153677165508 3 -5.7500000000
1 23 6 73728.000000 0.00046985462541 4 -6.5000000000
1 23 7 86016.000000 0.00014253242989 4 -7.2500000000
1 23 8 98304.000000 0.00004925973917 4 -8.0000000000
1 23 9 110592.000000 0.00001453719051 3 -9.0000000000
1 23 10 122880.000000 0.00000456214411 3 -9.7500000000
1 24 0 0.000000 8.22788906097412 0 -2.0000000000
1 24 1 12288.000000 8.12791347503662 0 -2.0000000000
1 24 2 24576.000000 0.93119943141937 1 -3.5000000000
1 24 3 36864.000000 0.32884606719017 5 -4.0000000000
1 24 4 49152.000000 0.12906092405319 4 -4.7500000000
1 24 5 61440.000000 0.03940830007195 4 -5.5000000000
1 24 6 73728.000000 0.01136970706284 4 -6.2500000000
1 24 7 86016.000000 0.00350534799509 2 -7.5000000000
1 24 8 98304.000000 0.00076296669431 3 -8.2500000000
1 24 9 110592.000000 0.00019040374900 3 -9.2500000000
1 24 10 122880.000000 0.00006460348959 3 -10.2500000000
