4 0 0 0.000000 0.00106851023156 0 -5.0000000000
4 0 1 49152.000000 0.00063711858820 0 -5.0000000000
4 0 2 98304.000000 0.00016844562197 1 -6.5000000000
4 0 3 147456.000000 0.00006087983638 6 -6.7500000000
4 0 4 196608.000000 0.00002289142867 4 -7.5000000000
4 0 5 245760.000000 0.00001017923023 5 -8.0000000000
4 0 6 294912.000000 0.00000351575068 4 -8.7500000000
4 0 7 344064.000000 0.00000145339607 4 -9.5000000000
4 0 8 393216.000000 0.00000044032205 4 -10.2500000000
4 0 9 442368.000000 0.00000011871577 4 -11.0000000000
4 0 10 491520.000000 0.00000002971794 3 -12.0000000000
4 0 11 540672.000000 0.00000000706850 3 -13.0000000000
4 0 12 589824.000000 0.00000000186937 3 -14.0000000000
4 0 13 638976.000000 0.00000000045914 3 -15.0000000000
4 0 14 688128.000000 0.00000000012665 3 -16.0000000000
4 0 15 737280.000000 0.00000000002756 3 -17.0000000000
4 0 16 786432.000000 0.00000000000719 3 -18.0000000000
4 1 0 0.000000 0.01355624757707 0 -5.0000000000
4 1 1 49152.000000 0.00686657708138 0 -5.0000000000
4 1 2 98304.000000 0.00174974149559 5 -5.5000000000
4 1 3 147456.000000 0.00056139746448 4 -6.2500000000
4 1 4 196608.000000 0.00022831431124 4 -7.0000000000
4 1 5 245760.000000 0.00008420734230 4 -7.7500000000
4 1 6 294912.000000 0.00002938545003 5 -8.2500000000
4 1 7 344064.000000 0.00000990508761 4 -9.0000000000
4 1 8 393216.000000 0.00000295859104 3 -10.0000000000
4 1 9 442368.000000 0.00000079726135 4 -10.7500000000
4 1 10 491520.000000 0.00000019388978 3 -11.7500000000
4 1 11 540672.000000 0.00000004700214 3 -12.7500000000
4 1 12 589824.000000 0.00000001104953 3 -13.7500000000
4 1 13 638976.000000 0.00000000306003 3 -14.7500000000
4 1 14 688128.000000 0.00000000086757 3 -15.7500000000
4 1 15 737280.000000 0.00000000026202 4 -16.5000000000
4 1 16 786432.000000 0.00000000006281 3 -17.5000000000
4 2 0 0.000000 0.15520051121712 0 -4.0000000000
4 2 1 49152.000000 0.06866589188576 0 -4.0000000000
4 2 2 98304.000000 0.01273110508919 3 -5.0000000000
4 2 3 147456.000000 0.00476188817993 5 -5.5000000000
4 2 4 196608.000000 0.00163297052495 3 -6.5000000000
4 2 5 245760.000000 0.00055818905821 5 -7.0000000000
4 2 6 294912.000000 0.00017810109421 4 -7.7500000000
4 2 7 344064.000000 0.00006565757212 4 -8.5000000000
4 2 8 393216.000000 0.00001789945054 3 -9.5000000000
4 2 9 442368.000000 0.00000461450509 4 -10.2500000000
4 2 10 491520.000000 0.00000116343233 3 -11.2500000000
4 2 11 540672.000000 0.00000031932714 3 -12.2500000000
4 2 12 589824.000000 0.00000007217208 3 -13.2500000000
4 2 13 638976.000000 0.00000002027828 3 -14.2500000000
4 2 14 688128.000000 0.00000000497767 3 -15.2500000000
4 2 15 737280.000000 0.00000000115935 3 -16.2500000000
4 2 16 786432.000000 0.00000000030222 3 -17.2500000000
4 3 0 0.000000 0.00244046561420 0 -5.0000000000
4 3 1 49152.000000 0.00135898147710 0 -5.0000000000
4 3 2 98304.000000 0.00037181697553 2 -6.2500000000
4 3 3 147456.000000 0.00014068905148 5 -6.7500000000
4 3 4 196608.000000 0.00006617658801 4 -7.5000000000
4 3 5 245760.000000 0.00002681588921 5 -8.0000000000
4 3 6 294912.000000 0.00001107800745 6 -8.2500000000
4 3 7 344064.000000 0.00000381290829 4 -9.0000000000
4 3 8 393216.000000 0.00000089684085 3 -10.0000000000
4 3 9 442368.000000 0.00000027829500 3 -11.0000000000
4 3 10 491520.000000 0.00000008015908 4 -11.7500000000
4 3 11 540672.000000 0.00000002082474 3 -12.7500000000
4 3 12 589824.000000 0.00000000519437 3 -13.7500000000
4 3 13 638976.000000 0.00000000122381 3 -14.7500000000
4 3 14 688128.000000 0.00000000030630 3 -15.7500000000
4 3 15 737280.000000 0.00000000007797 3 -16.7500000000
4 3 16 786432.000000 0.00000000001956 3 -17.7500000000
4 4 0 0.000000 0.04022004082799 0 -5.0000000000
4 4 1 49152.000000 0.01829373091459 1 -4.7500000000
4 4 2 98304.000000 0.00394831318408 4 -5.5000000000
4 4 3 147456.000000 0.00110153516289 4 -6.2500000000
4 4 4 196608.000000 0.00031348183984 4 -7.0000000000
4 4 5 245760.000000 0.00009795431833 4 -7.7500000000
4 4 6 294912.000000 0.00003165930684 4 -8.5000000000
4 4 7 344064.000000 0.00000953292329 3 -9.5000000000
4 4 8 393216.000000 0.00000264586606 4 -10.2500000000
4 4 9 442368.000000 0.00000091888467 4 -11.0000000000
4 4 10 491520.000000 0.00000023587920 3 -12.0000000000
4 4 11 540672.000000 0.00000006581065 3 -13.0000000000
4 4 12 589824.000000 0.00000001967265 4 -13.7500000000
4 4 13 638976.000000 0.00000000494726 3 -14.7500000000
4 4 14 688128.000000 0.00000000117702 3 -15.7500000000
4 4 15 737280.000000 0.00000000032887 3 -16.7500000000
4 4 16 786432.000000 0.00000000007982 3 -17.7500000000
4 5 0 0.000000 0.14455279707909 0 -4.0000000000
4 5 1 49152.000000 0.06835204362869 0 -4.0000000000
4 5 2 98304.000000 0.01258073374629 3 -5.0000000000
4 5 3 147456.000000 0.00388226378709 4 -5.7500000000
4 5 4 196608.000000 0.00150691869203 5 -6.2500000000
4 5 5 245760.000000 0.00062609126326 4 -7.0000000000
4 5 6 294912.000000 0.00026351376437 4 -7.7500000000
4 5 7 344064.000000 0.00008188386710 5 -8.2500000000
4 5 8 393216.000000 0.00002493414468 4 -9.0000000000
4 5 9 442368.000000 0.00000686934163 3 -10.0000000000
4 5 10 491520.000000 0.00000175941273 3 -11.0000000000
4 5 11 540672.000000 0.00000041068427 3 -12.0000000000
4 5 12 589824.000000 0.00000010122521 3 -13.0000000000
4 5 13 638976.000000 0.00000002658219 3 -14.0000000000
4 5 14 688128.000000 0.00000000658166 3 -15.0000000000
4 5 15 737280.000000 0.00000000152450 3 -16.0000000000
4 5 16 786432.000000 0.00000000042383 3 -17.0000000000
4 6 0 0.000000 0.00231078104116 0 -5.0000000000
4 6 1 49152.000000 0.00135910476092 0 -5.0000000000
4 6 2 98304.000000 0.00040806972538 3 -6.0000000000
4 6 3 147456.000000 0.00015372099006 4 -6.7500000000
4 6 4 196608.000000 0.00006317423686 5 -7.2500000000
4 6 5 245760.000000 0.00002631097595 5 -7.7500000000
4 6 6 294912.000000 0.00000964214087 4 -8.5000000000
4 6 7 344064.000000 0.00000323438576 4 -9.2500000000
4 6 8 393216.000000 0.00000090323931 4 -10.0000000000
4 6 9 442368.000000 0.00000029657380 4 -10.7500000000
4 6 10 491520.000000 0.00000007141387 3 -11.7500000000
4 6 11 540672.000000 0.00000001883384 3 -12.7500000000
4 6 12 589824.000000 0.00000000543869 3 -13.7500000000
4 6 13 638976.000000 0.00000000132623 3 -14.7500000000
4 6 14 688128.000000 0.00000000028078 3 -15.7500000000
4 6 15 737280.000000 0.00000000007675 3 -16.7500000000
4 6 16 786432.000000 0.00000000001912 3 -17.7500000000
4 7 0 0.000000 0.04363853856921 0 -5.0000000000
4 7 1 49152.000000 0.01677213795483 1 -4.7500000000
4 7 2 98304.000000 0.00390389841050 6 -5.0000000000
4 7 3 147456.000000 0.00113754591439 2 -6.2500000000
4 7 4 196608.000000 0.00041975275963 4 -7.0000000000
4 7 5 245760.000000 0.00015048240311 5 -7.5000000000
4 7 6 294912.000000 0.00005614438851 4 -8.2500000000
4 7 7 344064.000000 0.00001490674094 4 -9.0000000000
4 7 8 393216.000000 0.00000524511097 4 -9.7500000000
4 7 9 442368.000000 0.00000143621844 3 -10.7500000000
4 7 10 491520.000000 0.00000034772395 3 -11.7500000000
4 7 11 540672.000000 0.00000007260275 3 -12.7500000000
4 7 12 589824.000000 0.00000002109965 3 -13.7500000000
4 7 13 638976.000000 0.00000000493354 3 -14.7500000000
4 7 14 688128.000000 0.00000000123718 3 -15.7500000000
4 7 15 737280.000000 0.00000000031086 3 -16.7500000000
4 7 16 786432.000000 0.00000000007263 3 -17.7500000000
4 8 0 0.000000 6.29268503189087 0 -3.0000000000
4 8 1 49152.000000 4.69848489761353 0 -3.0000000000
4 8 2 98304.000000 0.78159505128860 4 -3.7500000000
4 8 3 147456.000000 0.21602471172810 4 -4.5000000000
4 8 4 196608.000000 0.07133731991053 5 -5.0000000000
4 8 5 245760.000000 0.03014457784593 4 -5.7500000000
4 8 6 294912.000000 0.01197239477187 4 -6.5000000000
4 8 7 344064.000000 0.00327966897748 4 -7.2500000000
4 8 8 393216.000000 0.00094901025295 4 -8.0000000000
4 8 9 442368.000000 0.00023173996306 3 -9.0000000000
4 8 10 491520.000000 0.00008349460404 4 -9.7500000000
4 8 11 540672.000000 0.00001824399988 3 -10.7500000000
4 8 12 589824.000000 0.00000429525699 3 -11.7500000000
4 8 13 638976.000000 0.00000123889095 3 -12.7500000000
4 8 14 688128.000000 0.00000029149339 3 -13.7500000000
4 8 15 737280.000000 0.00000006799523 3 -14.7500000000
4 8 16 786432.000000 0.00000001675864 3 -15.7500000000
