3 0 0 0.000000 0.00164679018781 0 -6.0000000000
3 0 1 73728.000000 0.00071583909448 1 -5.7500000000
3 0 2 147456.000000 0.00017006084090 5 -6.2500000000
3 0 3 221184.000000 0.00005815580516 4 -7.0000000000
3 0 4 294912.000000 0.00002485617006 5 -7.5000000000
3 0 5 368640.000000 0.00000787448607 4 -8.2500000000
3 0 6 442368.000000 0.00000297648876 3 -9.2500000000
3 0 7 516096.000000 0.00000097220925 5 -9.7500000000
3 0 8 589824.000000 0.00000024091707 3 -10.7500000000
3 0 9 663552.000000 0.00000007161938 4 -11.5000000000
3 0 10 737280.000000 0.00000001598622 3 -12.5000000000
3 0 11 811008.000000 0.00000000403625 3 -13.5000000000
3 0 12 884736.000000 0.00000000121592 3 -14.5000000000
3 0 13 958464.000000 0.00000000030244 3 -15.5000000000
3 0 14 1032192.000000 0.00000000007116 3 -16.5000000000
3 0 15 1105920.000000 0.00000000001883 3 -17.5000000000
3 0 16 1179648.000000 0.00000000000471 3 -18.5000000000
3 1 0 0.000000 0.03529323637486 0 -5.0000000000
3 1 1 73728.000000 0.01447682082653 1 -4.7500000000
3 1 2 147456.000000 0.00308708497323 5 -5.2500000000
3 1 3 221184.000000 0.00107012235094 3 -6.2500000000
3 1 4 294912.000000 0.00042950565694 5 -6.7500000000
3 1 5 368640.000000 0.00017258238222 4 -7.5000000000
3 1 6 442368.000000 0.00006317342923 5 -8.0000000000
3 1 7 516096.000000 0.00001999566848 4 -8.7500000000
3 1 8 589824.000000 0.00000591355138 3 -9.7500000000
3 1 9 663552.000000 0.00000135005871 4 -10.5000000000
3 1 10 737280.000000 0.00000037232005 3 -11.5000000000
3 1 11 811008.000000 0.00000010882063 3 -12.5000000000
3 1 12 884736.000000 0.00000002161384 3 -13.5000000000
3 1 13 958464.000000 0.00000000568586 3 -14.5000000000
3 1 14 1032192.000000 0.00000000151938 3 -15.5000000000
3 1 15 1105920.000000 0.00000000035184 3 -16.5000000000
3 1 16 1179648.000000 0.00000000009312 3 -17.5000000000
3 2 0 0.000000 0.36923137307167 0 -4.0000000000
3 2 1 73728.000000 0.17544579505920 0 -4.0000000000
3 2 2 147456.000000 0.02703180909157 5 -4.5000000000
3 2 3 221184.000000 0.00982733070850 3 -5.5000000000
3 2 4 294912.000000 0.00391699420288 5 -6.0000000000
3 2 5 368640.000000 0.00146637065336 5 -6.5000000000
3 2 6 442368.000000 0.00041512501775 4 -7.2500000000
3 2 7 516096.000000 0.00011783546506 3 -8.2500000000
3 2 8 589824.000000 0.00003266152999 3 -9.2500000000
3 2 9 663552.000000 0.00000969597022 4 -10.0000000000
3 2 10 737280.000000 0.00000233567857 3 -11.0000000000
3 2 11 811008.000000 0.00000056828935 3 -12.0000000000
3 2 12 884736.000000 0.00000014615645 3 -13.0000000000
3 2 13 958464.000000 0.00000003411699 3 -14.0000000000
3 2 14 1032192.000000 0.00000000938621 3 -15.0000000000
3 2 15 1105920.000000 0.00000000223739 3 -16.0000000000
3 2 16 1179648.000000 0.00000000055122 3 -17.0000000000
3 3 0 0.000000 0.00266613392159 0 -5.0000000000
3 3 1 73728.000000 0.00157210149337 0 -5.0000000000
3 3 2 147456.000000 0.00035146879964 3 -6.0000000000
3 3 3 221184.000000 0.00011953768990 3 -7.0000000000
3 3 4 294912.000000 0.00004387154695 6 -7.2500000000
3 3 5 368640.000000 0.00001615071596 3 -8.2500000000
3 3 6 442368.000000 0.00000571934243 5 -8.7500000000
3 3 7 516096.000000 0.00000235047742 4 -9.5000000000
3 3 8 589824.000000 0.00000065192984 4 -10.2500000000
3 3 9 663552.000000 0.00000019221997 3 -11.2500000000
3 3 10 737280.000000 0.00000005408783 4 -12.0000000000
3 3 11 811008.000000 0.00000001333585 3 -13.0000000000
3 3 12 884736.000000 0.00000000342111 3 -14.0000000000
3 3 13 958464.000000 0.00000000084039 3 -15.0000000000
3 3 14 1032192.000000 0.00000000019528 3 -16.0000000000
3 3 15 1105920.000000 0.00000000005211 3 -17.0000000000
3 3 16 1179648.000000 0.00000000001318 3 -18.0000000000
3 4 0 0.000000 0.15087370574474 0 -4.0000000000
3 4 1 73728.000000 0.08641176670790 0 -4.0000000000
3 4 2 147456.000000 0.01397713646293 3 -5.0000000000
3 4 3 221184.000000 0.00636156974360 5 -5.5000000000
3 4 4 294912.000000 0.00260119209997 5 -6.0000000000
3 4 5 368640.000000 0.00101546000224 5 -6.5000000000
3 4 6 442368.000000 0.00031875842251 4 -7.2500000000
3 4 7 516096.000000 0.00008217537834 4 -8.0000000000
3 4 8 589824.000000 0.00002278184184 3 -9.0000000000
3 4 9 663552.000000 0.00000678320748 3 -10.0000000000
3 4 10 737280.000000 0.00000162338461 3 -11.0000000000
3 4 11 811008.000000 0.00000046752265 3 -12.0000000000
3 4 12 884736.000000 0.00000014264064 4 -12.7500000000
3 4 13 958464.000000 0.00000003261037 3 -13.7500000000
3 4 14 1032192.000000 0.00000000783130 3 -14.7500000000
3 4 15 1105920.000000 0.00000000208911 3 -15.7500000000
3 4 16 1179648.000000 0.00000000055077 3 -16.7500000000
3 5 0 0.000000 0.34882557392120 0 -4.0000000000
3 5 1 73728.000000 0.15632179379463 0 -4.0000000000
3 5 2 147456.000000 0.03114412352443 4 -4.7500000000
3 5 3 221184.000000 0.01062322966754 5 -5.2500000000
3 5 4 294912.000000 0.00444597424939 4 -6.0000000000
3 5 5 368640.000000 0.00159406010062 4 -6.7500000000
3 5 6 442368.000000 0.00066144095035 5 -7.2500000000
3 5 7 516096.000000 0.00023162314028 5 -7.7500000000
3 5 8 589824.000000 0.00006519710587 3 -8.7500000000
3 5 9 663552.000000 0.00001960677582 4 -9.5000000000
3 5 10 737280.000000 0.00000500688293 3 -10.5000000000
3 5 11 811008.000000 0.00000129152670 3 -11.5000000000
3 5 12 884736.000000 0.00000031557676 3 -12.5000000000
3 5 13 958464.000000 0.00000007364852 3 -13.5000000000
3 5 14 1032192.000000 0.00000001732431 3 -14.5000000000
3 5 15 1105920.000000 0.00000000450275 3 -15.5000000000
3 5 16 1179648.000000 0.00000000110328 3 -16.5000000000
3 6 0 0.000000 0.00262684724294 0 -5.0000000000
3 6 1 73728.000000 0.00146697403397 0 -5.0000000000
3 6 2 147456.000000 0.00039228636888 3 -6.0000000000
3 6 3 221184.000000 0.00014326491510 4 -6.7500000000
3 6 4 294912.000000 0.00006011207006 5 -7.2500000000
3 6 5 368640.000000 0.00002388220128 4 -8.0000000000
3 6 6 442368.000000 0.00000967101278 5 -8.5000000000
3 6 7 516096.000000 0.00000437710605 3 -9.5000000000
3 6 8 589824.000000 0.00000129175066 6 -9.7500000000
3 6 9 663552.000000 0.00000034354105 3 -10.7500000000
3 6 10 737280.000000 0.00000010675974 4 -11.5000000000
3 6 11 811008.000000 0.00000002598865 3 -12.5000000000
3 6 12 884736.000000 0.00000000671482 3 -13.5000000000
3 6 13 958464.000000 0.00000000170490 3 -14.5000000000
3 6 14 1032192.000000 0.00000000043849 3 -15.5000000000
3 6 15 1105920.000000 0.00000000011150 3 -16.5000000000
3 6 16 1179648.000000 0.00000000002617 3 -17.5000000000
3 7 0 0.000000 0.05280499160290 0 -4.0000000000
3 7 1 73728.000000 0.03265861421824 0 -4.0000000000
3 7 2 147456.000000 0.00624154554680 2 -5.2500000000
3 7 3 221184.000000 0.00226866523735 4 -6.0000000000
3 7 4 294912.000000 0.00079975900007 5 -6.5000000000
3 7 5 368640.000000 0.00034333599615 4 -7.2500000000
3 7 6 442368.000000 0.00011602252926 4 -8.0000000000
3 7 7 516096.000000 0.00003611568900 4 -8.7500000000
3 7 8 589824.000000 0.00000880117204 4 -9.5000000000
3 7 9 663552.000000 0.00000232559569 3 -10.5000000000
3 7 10 737280.000000 0.00000049635855 3 -11.5000000000
3 7 11 811008.000000 0.00000014994254 3 -12.5000000000
3 7 12 884736.000000 0.00000003211756 3 -13.5000000000
3 7 13 958464.000000 0.00000000941580 3 -14.5000000000
3 7 14 1032192.000000 0.00000000270997 3 -15.5000000000
3 7 15 1105920.000000 0.00000000080972 4 -16.2500000000
3 7 16 1179648.000000 0.00000000019457 3 -17.2500000000
3 8 0 0.000000 4.41962766647339 0 -4.0000000000
3 8 1 73728.000000 4.06455039978027 3 -3.2500000000
3 8 2 147456.000000 0.39291831851006 2 -4.5000000000
3 8 3 221184.000000 0.10871942341328 5 -5.0000000000
3 8 4 294912.000000 0.05697628483176 3 -6.0000000000
3 8 5 368640.000000 0.02184879593551 6 -6.2500000000
3 8 6 442368.000000 0.00901455711573 5 -6.7500000000
3 8 7 516096.000000 0.00284899631515 3 -7.7500000000
3 8 8 589824.000000 0.00083530443953 4 -8.5000000000
3 8 9 663552.000000 0.00025763123995 4 -9.2500000000
3 8 10 737280.000000 0.00006466673221 3 -10.2500000000
3 8 11 811008.000000 0.00001289979082 3 -11.2500000000
3 8 12 884736.000000 0.00000417768342 3 -12.2500000000
3 8 13 958464.000000 0.00000081882439 3 -13.2500000000
3 8 14 1032192.000000 0.00000022175445 3 -14.2500000000
3 8 15 1105920.000000 0.00000006383053 3 -15.2500000000
3 8 16 1179648.000000 0.00000001373315 3 -16.2500000000
