0 0 0 0.000000 0.00000181384553 0 -7.0000000000
0 0 0 0.000000 0.00000181384553 0 -7.0000000000
0 0 1 288.000000 0.00000048275177 0 -7.0000000000
0 0 2 576.000000 0.00000007113786 0 -8.7500000000
0 0 3 864.000000 0.00000002251477 4 -9.5000000000
0 0 4 1152.000000 0.00000000594058 3 -10.2500000000
0 0 5 1440.000000 0.00000000191404 3 -11.2500000000
0 0 6 1728.000000 0.00000000046039 3 -12.0000000000
0 0 7 2016.000000 0.00000000014271 3 -13.0000000000
0 0 8 2304.000000 0.00000000003510 3 -14.0000000000
0 0 9 2592.000000 0.00000000000641 3 -15.0000000000
0 0 10 2880.000000 0.00000000000485 3 -16.0000000000
0 1 0 0.000000 0.00000323240511 0 -6.0000000000
0 1 1 288.000000 0.00000117815694 0 -6.0000000000
0 1 2 576.000000 0.00000051039871 2 -7.2500000000
0 1 3 864.000000 0.00000023523909 5 -7.7500000000
0 1 4 1152.000000 0.00000007110310 4 -8.5000000000
0 1 5 1440.000000 0.00000002406631 4 -9.2500000000
0 1 6 1728.000000 0.00000000519657 3 -10.2500000000
0 1 7 2016.000000 0.00000000128536 3 -11.2500000000
0 1 8 2304.000000 0.00000000039076 3 -12.2500000000
0 1 9 2592.000000 0.00000000008278 3 -13.2500000000
0 1 10 2880.000000 0.00000000002684 3 -14.2500000000
0 2 0 0.000000 0.00000436379469 0 -6.0000000000
0 2 1 288.000000 0.00000139588474 0 -6.0000000000
0 2 2 576.000000 0.00000084514045 3 -7.0000000000
0 2 3 864.000000 0.00000028334438 5 -7.5000000000
0 2 4 1152.000000 0.00000008927229 4 -8.2500000000
0 2 5 1440.000000 0.00000001823176 3 -9.2500000000
0 2 6 1728.000000 0.00000000675457 4 -10.0000000000
0 2 7 2016.000000 0.00000000158473 3 -11.0000000000
0 2 8 2304.000000 0.00000000052266 3 -12.0000000000
0 2 9 2592.000000 0.00000000013704 3 -13.0000000000
0 2 10 2880.000000 0.00000000003299 3 -14.0000000000
0 3 0 0.000000 0.00000256522117 0 -7.0000000000
0 3 1 288.000000 0.00000064235024 0 -7.0000000000
0 3 2 576.000000 0.00000027463295 4 -7.7500000000
0 3 3 864.000000 0.00000012159205 4 -8.5000000000
0 3 4 1152.000000 0.00000003063132 5 -9.0000000000
0 3 5 1440.000000 0.00000000963378 4 -9.7500000000
0 3 6 1728.000000 0.00000000202907 3 -10.7500000000
0 3 7 2016.000000 0.00000000078083 4 -11.5000000000
0 3 8 2304.000000 0.00000000022076 3 -12.5000000000
0 3 9 2592.000000 0.00000000004970 3 -13.5000000000
0 3 10 2880.000000 0.00000000001395 3 -14.5000000000
0 4 0 0.000000 0.00000180724066 0 -7.0000000000
0 4 1 288.000000 0.00000047812489 0 -7.0000000000
0 4 2 576.000000 0.00000023070970 3 -8.0000000000
0 4 3 864.000000 0.00000011463004 4 -8.7500000000
0 4 4 1152.000000 0.00000003763566 7 -8.7500000000
0 4 5 1440.000000 0.00000001459123 3 -9.7500000000
0 4 6 1728.000000 0.00000000449497 4 -10.5000000000
0 4 7 2016.000000 0.00000000099855 3 -11.5000000000
0 4 8 2304.000000 0.00000000018855 3 -12.5000000000
0 4 9 2592.000000 0.00000000005045 3 -13.5000000000
0 4 10 2880.000000 0.00000000001592 3 -14.5000000000
0 5 0 0.000000 0.00000474959825 0 -6.0000000000
0 5 1 288.000000 0.00000213162116 0 -6.0000000000
0 5 2 576.000000 0.00000113843930 1 -7.5000000000
0 5 3 864.000000 0.00000037307396 7 -7.5000000000
0 5 4 1152.000000 0.00000012571772 5 -8.0000000000
0 5 5 1440.000000 0.00000004252390 3 -9.0000000000
0 5 6 1728.000000 0.00000000904755 3 -10.0000000000
0 5 7 2016.000000 0.00000000263404 3 -11.0000000000
0 5 8 2304.000000 0.00000000049884 3 -12.0000000000
0 5 9 2592.000000 0.00000000014726 3 -13.0000000000
0 5 10 2880.000000 0.00000000004284 3 -14.0000000000
0 6 0 0.000000 0.00000339588723 0 -6.0000000000
0 6 1 288.000000 0.00000168450697 0 -6.0000000000
0 6 2 576.000000 0.00000073622880 2 -7.2500000000
0 6 3 864.000000 0.00000040546388 6 -7.5000000000
0 6 4 1152.000000 0.00000016897563 4 -8.2500000000
0 6 5 1440.000000 0.00000004700413 4 -9.0000000000
0 6 6 1728.000000 0.00000001346582 4 -9.7500000000
0 6 7 2016.000000 0.00000000284789 3 -10.7500000000
0 6 8 2304.000000 0.00000000105521 3 -11.7500000000
0 6 9 2592.000000 0.00000000019156 3 -12.7500000000
0 6 10 2880.000000 0.00000000004629 3 -13.7500000000
0 7 0 0.000000 0.00003258748620 0 -5.0000000000
0 7 1 288.000000 0.00001152145342 1 -4.7500000000
0 7 2 576.000000 0.00000556496661 1 -6.2500000000
0 7 3 864.000000 0.00000296969506 4 -7.0000000000
0 7 4 1152.000000 0.00000117918296 7 -7.0000000000
0 7 5 1440.000000 0.00000029245808 4 -7.7500000000
0 7 6 1728.000000 0.00000010259662 3 -8.7500000000
0 7 7 2016.000000 0.00000002020976 3 -9.7500000000
0 7 8 2304.000000 0.00000000714594 3 -10.7500000000
0 7 9 2592.000000 0.00000000125248 3 -11.7500000000
0 7 10 2880.000000 0.00000000046156 3 -12.7500000000
0 8 0 0.000000 0.00002087621942 0 -5.0000000000
0 8 1 288.000000 0.00001197468737 0 -5.0000000000
0 8 2 576.000000 0.00000427376517 4 -5.7500000000
0 8 3 864.000000 0.00000169865905 4 -6.5000000000
0 8 4 1152.000000 0.00000079346842 4 -7.2500000000
0 8 5 1440.000000 0.00000023262966 4 -8.0000000000
0 8 6 1728.000000 0.00000008579780 3 -9.0000000000
0 8 7 2016.000000 0.00000002004745 4 -9.7500000000
0 8 8 2304.000000 0.00000000449898 3 -10.7500000000
0 8 9 2592.000000 0.00000000133389 3 -11.7500000000
0 8 10 2880.000000 0.00000000022562 3 -12.7500000000
0 9 0 0.000000 0.00002149663487 0 -5.0000000000
0 9 1 288.000000 0.00000823388473 0 -5.0000000000
0 9 2 576.000000 0.00000326909480 2 -6.2500000000
0 9 3 864.000000 0.00000146407638 5 -6.7500000000
0 9 4 1152.000000 0.00000041081182 4 -7.5000000000
0 9 5 1440.000000 0.00000014132644 3 -8.5000000000
0 9 6 1728.000000 0.00000003911438 4 -9.2500000000
0 9 7 2016.000000 0.00000000850027 3 -10.2500000000
0 9 8 2304.000000 0.00000000231770 3 -11.2500000000
0 9 9 2592.000000 0.00000000051206 3 -12.2500000000
0 9 10 2880.000000 0.00000000012893 3 -13.2500000000
0 10 0 0.000000 0.00001988481199 0 -5.0000000000
0 10 1 288.000000 0.00000386947568 0 -5.0000000000
0 10 2 576.000000 0.00000215436989 4 -5.7500000000
0 10 3 864.000000 0.00000102474223 4 -6.5000000000
0 10 4 1152.000000 0.00000025748651 3 -7.5000000000
0 10 5 1440.000000 0.00000008535487 3 -8.5000000000
0 10 6 1728.000000 0.00000002115255 4 -9.2500000000
0 10 7 2016.000000 0.00000000684011 3 -10.2500000000
0 10 8 2304.000000 0.00000000189559 3 -11.2500000000
0 10 9 2592.000000 0.00000000040368 3 -12.2500000000
0 10 10 2880.000000 0.00000000012029 3 -13.2500000000
0 11 0 0.000000 0.00001886294922 0 -5.0000000000
0 11 1 288.000000 0.00000330678381 1 -4.7500000000
0 11 2 576.000000 0.00000320233130 1 -6.2500000000
0 11 3 864.000000 0.00000141255543 6 -6.5000000000
0 11 4 1152.000000 0.00000044713269 3 -7.5000000000
0 11 5 1440.000000 0.00000013467506 4 -8.2500000000
0 11 6 1728.000000 0.00000003107094 3 -9.2500000000
0 11 7 2016.000000 0.00000000747600 3 -10.2500000000
0 11 8 2304.000000 0.00000000212902 3 -11.2500000000
0 11 9 2592.000000 0.00000000051346 3 -12.2500000000
0 11 10 2880.000000 0.00000000013939 3 -13.2500000000
0 12 0 0.000000 0.00000558586044 0 -6.0000000000
0 12 1 288.000000 0.00000178655444 3 -5.2500000000
0 12 2 576.000000 0.00000116122226 1 -6.7500000000
0 12 3 864.000000 0.00000057449006 5 -7.2500000000
0 12 4 1152.000000 0.00000019220032 5 -7.7500000000
0 12 5 1440.000000 0.00000006492589 4 -8.5000000000
0 12 6 1728.000000 0.00000001708952 3 -9.5000000000
0 12 7 2016.000000 0.00000000394037 3 -10.5000000000
0 12 8 2304.000000 0.00000000105356 3 -11.5000000000
0 12 9 2592.000000 0.00000000023165 3 -12.5000000000
0 12 10 2880.000000 0.00000000007376 3 -13.5000000000
0 13 0 0.000000 0.00000650017910 0 -6.0000000000
0 13 1 288.000000 0.00000193436676 6 -4.5000000000
0 13 2 576.000000 0.00000109931239 2 -5.7500000000
0 13 3 864.000000 0.00000060097085 4 -6.5000000000
0 13 4 1152.000000 0.00000026230717 3 -7.5000000000
0 13 5 1440.000000 0.00000007643723 4 -8.2500000000
0 13 6 1728.000000 0.00000002271706 4 -9.0000000000
0 13 7 2016.000000 0.00000000749714 3 -10.0000000000
0 13 8 2304.000000 0.00000000190770 3 -11.0000000000
0 13 9 2592.000000 0.00000000049926 4 -11.7500000000
0 13 10 2880.000000 0.00000000012674 2 -13.0000000000
0 14 0 0.000000 0.00000705518505 0 -6.0000000000
0 14 1 288.000000 0.00000226297016 0 -6.0000000000
0 14 2 576.000000 0.00000115746548 5 -6.5000000000
0 14 3 864.000000 0.00000049883835 5 -7.0000000000
0 14 4 1152.000000 0.00000015993639 3 -8.0000000000
0 14 5 1440.000000 0.00000005142913 4 -8.7500000000
0 14 6 1728.000000 0.00000001501837 4 -9.5000000000
0 14 7 2016.000000 0.00000000433302 3 -10.5000000000
0 14 8 2304.000000 0.00000000116666 3 -11.5000000000
0 14 9 2592.000000 0.00000000022282 3 -12.5000000000
0 14 10 2880.000000 0.00000000005818 3 -13.5000000000
0 15 0 0.000000 0.00003153534271 0 -5.0000000000
0 15 1 288.000000 0.00000867750896 1 -4.7500000000
0 15 2 576.000000 0.00000439177256 5 -4.7500000000
0 15 3 864.000000 0.00000178349194 2 -6.0000000000
0 15 4 1152.000000 0.00000059152103 4 -6.7500000000
0 15 5 1440.000000 0.00000019230896 3 -7.7500000000
0 15 6 1728.000000 0.00000006273709 4 -8.5000000000
0 15 7 2016.000000 0.00000001251170 3 -9.5000000000
0 15 8 2304.000000 0.00000000330233 3 -10.5000000000
0 15 9 2592.000000 0.00000000109068 3 -11.5000000000
0 15 10 2880.000000 0.00000000029216 3 -12.5000000000
0 16 0 0.000000 0.00000797513985 0 -6.0000000000
0 16 1 288.000000 0.00000285521469 2 -5.5000000000
0 16 2 576.000000 0.00000168333634 6 -5.7500000000
0 16 3 864.000000 0.00000073990776 4 -6.5000000000
0 16 4 1152.000000 0.00000027868671 3 -7.5000000000
0 16 5 1440.000000 0.00000007820908 4 -8.2500000000
0 16 6 1728.000000 0.00000001876770 3 -9.2500000000
0 16 7 2016.000000 0.00000000522135 3 -10.2500000000
0 16 8 2304.000000 0.00000000151693 3 -11.2500000000
0 16 9 2592.000000 0.00000000030647 3 -12.2500000000
0 16 10 2880.000000 0.00000000010327 3 -13.2500000000
0 17 0 0.000000 0.00001804789463 0 -5.0000000000
0 17 1 288.000000 0.00000671617909 0 -5.0000000000
0 17 2 576.000000 0.00000341178270 2 -6.2500000000
0 17 3 864.000000 0.00000115506498 5 -6.7500000000
0 17 4 1152.000000 0.00000034335147 4 -7.5000000000
0 17 5 1440.000000 0.00000009310254 3 -8.5000000000
0 17 6 1728.000000 0.00000002760696 3 -9.5000000000
0 17 7 2016.000000 0.00000000697272 4 -10.2500000000
0 17 8 2304.000000 0.00000000164025 3 -11.2500000000
0 17 9 2592.000000 0.00000000049306 3 -12.2500000000
0 17 10 2880.000000 0.00000000013414 3 -13.2500000000
0 18 0 0.000000 0.00001252867787 0 -5.0000000000
0 18 1 288.000000 0.00000492794743 0 -5.0000000000
0 18 2 576.000000 0.00000241428893 3 -6.0000000000
0 18 3 864.000000 0.00000145131548 4 -6.7500000000
0 18 4 1152.000000 0.00000051946586 5 -7.2500000000
0 18 5 1440.000000 0.00000016512661 4 -8.0000000000
0 18 6 1728.000000 0.00000005313831 4 -8.7500000000
0 18 7 2016.000000 0.00000001258022 3 -9.7500000000
0 18 8 2304.000000 0.00000000362463 3 -10.7500000000
0 18 9 2592.000000 0.00000000081315 3 -11.7500000000
0 18 10 2880.000000 0.00000000020292 3 -12.7500000000
0 19 0 0.000000 0.00003404643212 0 -5.0000000000
0 19 1 288.000000 0.00000896164238 0 -5.0000000000
0 19 2 576.000000 0.00000571799228 5 -5.5000000000
0 19 3 864.000000 0.00000218372429 4 -6.2500000000
0 19 4 1152.000000 0.00000067751512 3 -7.2500000000
0 19 5 1440.000000 0.00000019631233 4 -8.0000000000
0 19 6 1728.000000 0.00000006498189 3 -9.0000000000
0 19 7 2016.000000 0.00000001861673 4 -9.7500000000
0 19 8 2304.000000 0.00000000471840 3 -10.7500000000
0 19 9 2592.000000 0.00000000108267 3 -11.7500000000
0 19 10 2880.000000 0.00000000030113 3 -12.7500000000
0 20 0 0.000000 0.00002222984949 0 -5.0000000000
0 20 1 288.000000 0.00000826200812 0 -5.0000000000
0 20 2 576.000000 0.00000515640068 3 -5.7500000000
0 20 3 864.000000 0.00000214557986 3 -6.5000000000
0 20 4 1152.000000 0.00000072648970 5 -7.0000000000
0 20 5 1440.000000 0.00000019884554 3 -8.0000000000
0 20 6 1728.000000 0.00000006811266 5 -8.5000000000
0 20 7 2016.000000 0.00000001606907 2 -9.7500000000
0 20 8 2304.000000 0.00000000367047 3 -10.7500000000
0 20 9 2592.000000 0.00000000082976 3 -11.7500000000
0 20 10 2880.000000 0.00000000019888 3 -12.7500000000
0 21 0 0.000000 0.00007376152644 0 -5.0000000000
0 21 1 288.000000 0.00001957880704 1 -4.7500000000
0 21 2 576.000000 0.00001074524516 5 -5.2500000000
0 21 3 864.000000 0.00000340283009 4 -6.0000000000
0 21 4 1152.000000 0.00000096070016 4 -6.7500000000
0 21 5 1440.000000 0.00000050368732 4 -7.5000000000
0 21 6 1728.000000 0.00000011998500 3 -8.5000000000
0 21 7 2016.000000 0.00000002573703 3 -9.5000000000
0 21 8 2304.000000 0.00000000751482 3 -10.5000000000
0 21 9 2592.000000 0.00000000187170 3 -11.5000000000
0 21 10 2880.000000 0.00000000050510 3 -12.5000000000
0 22 0 0.000000 0.00006749775639 0 -5.0000000000
0 22 1 288.000000 0.00001413041809 2 -4.5000000000
0 22 2 576.000000 0.00000712232668 5 -5.0000000000
0 22 3 864.000000 0.00000292537425 3 -6.0000000000
0 22 4 1152.000000 0.00000104630055 3 -7.0000000000
0 22 5 1440.000000 0.00000023672494 4 -7.7500000000
0 22 6 1728.000000 0.00000007504836 3 -8.7500000000
0 22 7 2016.000000 0.00000002081220 4 -9.5000000000
0 22 8 2304.000000 0.00000000728264 3 -10.5000000000
0 22 9 2592.000000 0.00000000129989 3 -11.5000000000
0 22 10 2880.000000 0.00000000040749 3 -12.5000000000
0 23 0 0.000000 0.00006404578744 0 -5.0000000000
0 23 1 288.000000 0.00001641396375 6 -3.5000000000
0 23 2 576.000000 0.00000836200070 2 -4.7500000000
0 23 3 864.000000 0.00000394829794 4 -5.5000000000
0 23 4 1152.000000 0.00000146096920 3 -6.5000000000
0 23 5 1440.000000 0.00000033785551 4 -7.2500000000
0 23 6 1728.000000 0.00000011603426 3 -8.2500000000
0 23 7 2016.000000 0.00000002402508 3 -9.2500000000
0 23 8 2304.000000 0.00000000620131 3 -10.2500000000
0 23 9 2592.000000 0.00000000192969 3 -11.2500000000
0 23 10 2880.000000 0.00000000039432 3 -12.2500000000
0 24 0 0.000000 0.00005371421867 0 -5.0000000000
0 24 1 288.000000 0.00000708508787 3 -4.2500000000
0 24 2 576.000000 0.00000509853589 4 -5.0000000000
0 24 3 864.000000 0.00000219891240 2 -6.2500000000
0 24 4 1152.000000 0.00000058803289 4 -7.0000000000
0 24 5 1440.000000 0.00000027640530 4 -7.7500000000
0 24 6 1728.000000 0.00000006125690 3 -8.7500000000
0 24 7 2016.000000 0.00000001376628 3 -9.7500000000
0 24 8 2304.000000 0.00000000452950 4 -10.5000000000
0 24 9 2592.000000 0.00000000090722 3 -11.5000000000
0 24 10 2880.000000 0.00000000035076 3 -12.5000000000
0 25 0 0.000000 0.00097932631616 0 -4.0000000000
0 25 1 288.000000 0.00063222303288 1 -3.7500000000
0 25 2 576.000000 0.00013700356067 0 -5.5000000000
0 25 3 864.000000 0.00003681005546 6 -5.7500000000
0 25 4 1152.000000 0.00002345581925 4 -6.5000000000
0 25 5 1440.000000 0.00000517176750 2 -7.7500000000
0 25 6 1728.000000 0.00000180821280 3 -8.7500000000
0 25 7 2016.000000 0.00000025565572 4 -9.5000000000
0 25 8 2304.000000 0.00000011060329 3 -10.5000000000
0 25 9 2592.000000 0.00000001599467 3 -11.5000000000
0 25 10 2880.000000 0.00000000542407 3 -12.5000000000
0 26 0 0.000000 0.00021814157662 0 -5.0000000000
0 26 1 288.000000 0.00008541700663 0 -5.0000000000
0 26 2 576.000000 0.00002262180351 5 -5.5000000000
0 26 3 864.000000 0.00001597471601 2 -6.7500000000
0 26 4 1152.000000 0.00000482240330 5 -7.2500000000
0 26 5 1440.000000 0.00000099756244 5 -7.7500000000
0 26 6 1728.000000 0.00000026795308 2 -9.0000000000
0 26 7 2016.000000 0.00000009727361 3 -10.0000000000
0 26 8 2304.000000 0.00000002379216 3 -11.0000000000
0 26 9 2592.000000 0.00000000550069 4 -11.7500000000
0 26 10 2880.000000 0.00000000121152 2 -13.0000000000
0 27 0 0.000000 0.00010137012578 0 -5.0000000000
0 27 1 288.000000 0.00003628277045 0 -5.0000000000
0 27 2 576.000000 0.00000991864999 1 -6.5000000000
0 27 3 864.000000 0.00000542681346 2 -7.2500000000
0 27 4 1152.000000 0.00000201389526 3 -7.5000000000
0 27 5 1440.000000 0.00000077068523 3 -8.2500000000
0 27 6 1728.000000 0.00000017838933 3 -9.0000000000
0 27 7 2016.000000 0.00000008554820 5 -9.5000000000
0 27 8 2304.000000 0.00000002259802 2 -10.7500000000
0 27 9 2592.000000 0.00000000555407 3 -11.7500000000
0 27 10 2880.000000 0.00000000107825 3 -12.7500000000
0 28 0 0.000000 0.00005482964843 0 -5.0000000000
0 28 1 288.000000 0.00003141479465 0 -5.0000000000
0 28 2 576.000000 0.00001090586466 3 -6.0000000000
0 28 3 864.000000 0.00000639359905 6 -6.0000000000
0 28 4 1152.000000 0.00000270985333 3 -7.0000000000
0 28 5 1440.000000 0.00000129980901 3 -7.7500000000
0 28 6 1728.000000 0.00000026529273 3 -8.5000000000
0 28 7 2016.000000 0.00000010483237 3 -9.2500000000
0 28 8 2304.000000 0.00000002451734 3 -10.2500000000
0 28 9 2592.000000 0.00000000650600 3 -11.2500000000
0 28 10 2880.000000 0.00000000126144 3 -12.2500000000
0 29 0 0.000000 0.00003750866745 0 -5.0000000000
0 29 1 288.000000 0.00000859483680 5 -3.7500000000
0 29 2 576.000000 0.00000600009935 3 -4.7500000000
0 29 3 864.000000 0.00000320837717 4 -5.5000000000
0 29 4 1152.000000 0.00000139198994 4 -6.2500000000
0 29 5 1440.000000 0.00000058867914 3 -7.2500000000
0 29 6 1728.000000 0.00000014223242 4 -8.0000000000
0 29 7 2016.000000 0.00000003623110 3 -9.0000000000
0 29 8 2304.000000 0.00000001052220 3 -10.0000000000
0 29 9 2592.000000 0.00000000201993 3 -11.0000000000
0 29 10 2880.000000 0.00000000063307 3 -12.0000000000
0 30 0 0.000000 0.00012025352771 0 -5.0000000000
0 30 1 288.000000 0.00004065404573 0 -5.0000000000
0 30 2 576.000000 0.00001836654337 5 -5.5000000000
0 30 3 864.000000 0.00000843564976 6 -5.5000000000
0 30 4 1152.000000 0.00000191667709 2 -6.7500000000
0 30 5 1440.000000 0.00000071509754 4 -7.5000000000
0 30 6 1728.000000 0.00000025011514 3 -8.5000000000
0 30 7 2016.000000 0.00000009100663 3 -9.5000000000
0 30 8 2304.000000 0.00000001405372 3 -10.5000000000
0 30 9 2592.000000 0.00000000312623 3 -11.5000000000
0 30 10 2880.000000 0.00000000099389 3 -12.5000000000
0 31 0 0.000000 0.00008398775390 0 -5.0000000000
0 31 1 288.000000 0.00001833479837 5 -3.7500000000
0 31 2 576.000000 0.00001290379532 1 -5.2500000000
0 31 3 864.000000 0.00000674600824 4 -6.0000000000
0 31 4 1152.000000 0.00000186546390 4 -6.7500000000
0 31 5 1440.000000 0.00000069794686 3 -7.7500000000
0 31 6 1728.000000 0.00000020467088 4 -8.5000000000
0 31 7 2016.000000 0.00000004396706 3 -9.5000000000
0 31 8 2304.000000 0.00000001047511 3 -10.5000000000
0 31 9 2592.000000 0.00000000262440 3 -11.5000000000
0 31 10 2880.000000 0.00000000078171 3 -12.5000000000
0 32 0 0.000000 0.00004565899872 0 -4.0000000000
0 32 1 288.000000 0.00001000051725 1 -3.7500000000
0 32 2 576.000000 0.00000690530442 4 -4.5000000000
0 32 3 864.000000 0.00000353175824 4 -5.2500000000
0 32 4 1152.000000 0.00000160228910 3 -6.2500000000
0 32 5 1440.000000 0.00000048838740 3 -7.2500000000
0 32 6 1728.000000 0.00000015548798 4 -8.0000000000
0 32 7 2016.000000 0.00000003648654 3 -9.0000000000
0 32 8 2304.000000 0.00000000832093 3 -10.0000000000
0 32 9 2592.000000 0.00000000230087 3 -11.0000000000
0 32 10 2880.000000 0.00000000054882 3 -12.0000000000
0 33 0 0.000000 0.00009547797526 0 -5.0000000000
0 33 1 288.000000 0.00002054794641 6 -3.5000000000
0 33 2 576.000000 0.00001037421680 3 -4.5000000000
0 33 3 864.000000 0.00000571409873 4 -5.2500000000
0 33 4 1152.000000 0.00000249423829 3 -6.2500000000
0 33 5 1440.000000 0.00000087527457 3 -7.2500000000
0 33 6 1728.000000 0.00000019873045 3 -8.2500000000
0 33 7 2016.000000 0.00000005540500 3 -9.2500000000
0 33 8 2304.000000 0.00000001602984 4 -10.0000000000
0 33 9 2592.000000 0.00000000293870 2 -11.2500000000
0 33 10 2880.000000 0.00000000084196 3 -12.2500000000
0 34 0 0.000000 0.00003036949420 0 -5.0000000000
0 34 1 288.000000 0.00000587928844 5 -3.7500000000
0 34 2 576.000000 0.00000474451735 2 -5.0000000000
0 34 3 864.000000 0.00000204796811 4 -5.5000000000
0 34 4 1152.000000 0.00000111873442 3 -6.5000000000
0 34 5 1440.000000 0.00000035070329 4 -7.2500000000
0 34 6 1728.000000 0.00000010168149 3 -8.2500000000
0 34 7 2016.000000 0.00000002738518 3 -9.2500000000
0 34 8 2304.000000 0.00000000846782 4 -10.0000000000
0 34 9 2592.000000 0.00000000214264 3 -11.0000000000
0 34 10 2880.000000 0.00000000052611 3 -12.0000000000
0 35 0 0.000000 0.00001524249637 0 -5.0000000000
0 35 1 288.000000 0.00000448673472 0 -5.0000000000
0 35 2 576.000000 0.00000285077181 5 -5.5000000000
0 35 3 864.000000 0.00000150468099 5 -6.0000000000
0 35 4 1152.000000 0.00000071148105 3 -7.0000000000
0 35 5 1440.000000 0.00000019854106 4 -7.7500000000
0 35 6 1728.000000 0.00000005738997 4 -8.5000000000
0 35 7 2016.000000 0.00000001891497 3 -9.5000000000
0 35 8 2304.000000 0.00000000449429 3 -10.5000000000
0 35 9 2592.000000 0.00000000098047 3 -11.5000000000
0 35 10 2880.000000 0.00000000028111 3 -12.5000000000
0 36 0 0.000000 0.00003422968803 0 -5.0000000000
0 36 1 288.000000 0.00000927294514 6 -3.5000000000
0 36 2 576.000000 0.00000762667605 2 -4.7500000000
0 36 3 864.000000 0.00000294402116 7 -4.7500000000
0 36 4 1152.000000 0.00000160692127 4 -5.5000000000
0 36 5 1440.000000 0.00000069653987 2 -6.7500000000
0 36 6 1728.000000 0.00000020049585 3 -7.7500000000
0 36 7 2016.000000 0.00000005917561 4 -8.5000000000
0 36 8 2304.000000 0.00000001797206 3 -9.5000000000
0 36 9 2592.000000 0.00000000382607 3 -10.5000000000
0 36 10 2880.000000 0.00000000095359 3 -11.5000000000
0 37 0 0.000000 0.00003207979535 0 -5.0000000000
0 37 1 288.000000 0.00001432450881 1 -4.7500000000
0 37 2 576.000000 0.00000927972360 4 -5.5000000000
0 37 3 864.000000 0.00000454681503 6 -5.7500000000
0 37 4 1152.000000 0.00000176014646 4 -6.5000000000
0 37 5 1440.000000 0.00000050897660 3 -7.5000000000
0 37 6 1728.000000 0.00000016300196 3 -8.5000000000
0 37 7 2016.000000 0.00000004704562 4 -9.2500000000
0 37 8 2304.000000 0.00000001038370 3 -10.2500000000
0 37 9 2592.000000 0.00000000256020 3 -11.2500000000
0 37 10 2880.000000 0.00000000059630 3 -12.2500000000
0 38 0 0.000000 0.00003388538971 0 -5.0000000000
0 38 1 288.000000 0.00001561969475 3 -4.2500000000
0 38 2 576.000000 0.00000940101108 4 -5.0000000000
0 38 3 864.000000 0.00000459856074 4 -5.7500000000
0 38 4 1152.000000 0.00000191949380 4 -6.5000000000
0 38 5 1440.000000 0.00000063397727 3 -7.5000000000
0 38 6 1728.000000 0.00000012987131 4 -8.2500000000
0 38 7 2016.000000 0.00000003987959 3 -9.2500000000
0 38 8 2304.000000 0.00000000996602 3 -10.2500000000
0 38 9 2592.000000 0.00000000203269 3 -11.2500000000
0 38 10 2880.000000 0.00000000067771 3 -12.2500000000
0 39 0 0.000000 0.00005647643411 0 -5.0000000000
0 39 1 288.000000 0.00002096810022 1 -4.7500000000
0 39 2 576.000000 0.00000710283439 7 -4.7500000000
0 39 3 864.000000 0.00000385970134 3 -5.7500000000
0 39 4 1152.000000 0.00000125111933 4 -6.5000000000
0 39 5 1440.000000 0.00000049394163 3 -7.5000000000
0 39 6 1728.000000 0.00000013494075 4 -8.2500000000
0 39 7 2016.000000 0.00000004054900 3 -9.2500000000
0 39 8 2304.000000 0.00000000673145 3 -10.2500000000
0 39 9 2592.000000 0.00000000202919 3 -11.2500000000
0 39 10 2880.000000 0.00000000069475 3 -12.2500000000
0 40 0 0.000000 0.00015266140690 0 -4.0000000000
0 40 1 288.000000 0.00003893907706 0 -4.0000000000
0 40 2 576.000000 0.00002111521280 5 -4.5000000000
0 40 3 864.000000 0.00001177638296 2 -5.7500000000
0 40 4 1152.000000 0.00000412564987 5 -6.2500000000
0 40 5 1440.000000 0.00000117758941 3 -7.2500000000
0 40 6 1728.000000 0.00000027149051 4 -8.0000000000
0 40 7 2016.000000 0.00000008565301 3 -9.0000000000
0 40 8 2304.000000 0.00000002007384 3 -10.0000000000
0 40 9 2592.000000 0.00000000488409 3 -11.0000000000
0 40 10 2880.000000 0.00000000123967 3 -12.0000000000
0 41 0 0.000000 0.00019990358851 0 -4.0000000000
0 41 1 288.000000 0.00004687908950 1 -3.7500000000
0 41 2 576.000000 0.00003099315290 3 -4.7500000000
0 41 3 864.000000 0.00001561575482 4 -5.5000000000
0 41 4 1152.000000 0.00000400192403 4 -6.2500000000
0 41 5 1440.000000 0.00000126803468 3 -7.2500000000
0 41 6 1728.000000 0.00000041132790 4 -8.0000000000
0 41 7 2016.000000 0.00000008524958 3 -9.0000000000
0 41 8 2304.000000 0.00000002579302 3 -10.0000000000
0 41 9 2592.000000 0.00000000570214 3 -11.0000000000
0 41 10 2880.000000 0.00000000145568 4 -11.7500000000
0 42 0 0.000000 0.00110596197192 0 -4.0000000000
0 42 1 288.000000 0.00066817726474 0 -4.0000000000
0 42 2 576.000000 0.00033560287557 5 -4.0000000000
0 42 3 864.000000 0.00017385956016 4 -4.7500000000
0 42 4 1152.000000 0.00004879171320 3 -5.7500000000
0 42 5 1440.000000 0.00002021154614 4 -6.5000000000
0 42 6 1728.000000 0.00000393575010 3 -7.5000000000
0 42 7 2016.000000 0.00000109125506 4 -8.2500000000
0 42 8 2304.000000 0.00000035512682 3 -9.2500000000
0 42 9 2592.000000 0.00000012151561 2 -10.5000000000
0 42 10 2880.000000 0.00000001575464 3 -11.5000000000
0 43 0 0.000000 0.00032710324740 0 -4.0000000000
0 43 1 288.000000 0.00010521354852 3 -3.2500000000
0 43 2 576.000000 0.00003817239849 5 -3.7500000000
0 43 3 864.000000 0.00001911994696 3 -4.7500000000
0 43 4 1152.000000 0.00000833787999 3 -5.5000000000
0 43 5 1440.000000 0.00000330018929 3 -6.5000000000
0 43 6 1728.000000 0.00000080989702 4 -7.2500000000
0 43 7 2016.000000 0.00000016464787 3 -8.2500000000
0 43 8 2304.000000 0.00000004087366 3 -9.2500000000
0 43 9 2592.000000 0.00000001079649 3 -10.2500000000
0 43 10 2880.000000 0.00000000343708 3 -11.2500000000
0 44 0 0.000000 0.00088942603907 0 -4.0000000000
0 44 1 288.000000 0.00026677447022 1 -3.7500000000
0 44 2 576.000000 0.00008328328840 1 -5.2500000000
0 44 3 864.000000 0.00006708993897 4 -6.0000000000
0 44 4 1152.000000 0.00001846613304 5 -6.5000000000
0 44 5 1440.000000 0.00000424672862 4 -7.2500000000
0 44 6 1728.000000 0.00000109510756 3 -8.2500000000
0 44 7 2016.000000 0.00000038374580 3 -9.2500000000
0 44 8 2304.000000 0.00000010350044 3 -10.2500000000
0 44 9 2592.000000 0.00000002458970 4 -11.0000000000
0 44 10 2880.000000 0.00000000542074 2 -12.2500000000
0 45 0 0.000000 0.00025136180921 0 -4.0000000000
0 45 1 288.000000 0.00010932904843 1 -3.7500000000
0 45 2 576.000000 0.00006560888141 1 -5.2500000000
0 45 3 864.000000 0.00002247266457 5 -5.5000000000
0 45 4 1152.000000 0.00000908772381 4 -6.2500000000
0 45 5 1440.000000 0.00000278856101 5 -6.7500000000
0 45 6 1728.000000 0.00000101381931 3 -7.7500000000
0 45 7 2016.000000 0.00000018275213 3 -8.7500000000
0 45 8 2304.000000 0.00000005309634 3 -9.7500000000
0 45 9 2592.000000 0.00000001342130 3 -10.7500000000
0 45 10 2880.000000 0.00000000332488 3 -11.7500000000
0 46 0 0.000000 0.00009923736798 0 -4.0000000000
0 46 1 288.000000 0.00002697146010 0 -4.0000000000
0 46 2 576.000000 0.00001540921585 6 -4.2500000000
0 46 3 864.000000 0.00001092439743 2 -5.5000000000
0 46 4 1152.000000 0.00000445305932 5 -6.0000000000
0 46 5 1440.000000 0.00000133533149 4 -6.7500000000
0 46 6 1728.000000 0.00000034080654 3 -7.7500000000
0 46 7 2016.000000 0.00000008151149 3 -8.7500000000
0 46 8 2304.000000 0.00000001864465 3 -9.7500000000
0 46 9 2592.000000 0.00000000468484 3 -10.7500000000
0 46 10 2880.000000 0.00000000147805 3 -11.7500000000
0 47 0 0.000000 0.00014809347340 0 -4.0000000000
0 47 1 288.000000 0.00008069597970 0 -4.0000000000
0 47 2 576.000000 0.00004348100265 4 -4.7500000000
0 47 3 864.000000 0.00002935779958 1 -6.0000000000
0 47 4 1152.000000 0.00001199960207 6 -5.7500000000
0 47 5 1440.000000 0.00000248241054 3 -6.7500000000
0 47 6 1728.000000 0.00000079465406 3 -7.7500000000
0 47 7 2016.000000 0.00000024626777 3 -8.7500000000
0 47 8 2304.000000 0.00000004875611 3 -9.7500000000
0 47 9 2592.000000 0.00000000947538 3 -10.7500000000
0 47 10 2880.000000 0.00000000233113 3 -11.7500000000
0 48 0 0.000000 0.00077027711086 0 -4.0000000000
0 48 1 288.000000 0.00032232317608 0 -4.0000000000
0 48 2 576.000000 0.00016683872673 2 -5.2500000000
0 48 3 864.000000 0.00009237430640 6 -5.2500000000
0 48 4 1152.000000 0.00002726495040 3 -6.2500000000
0 48 5 1440.000000 0.00000905956131 4 -7.0000000000
0 48 6 1728.000000 0.00000218230775 4 -7.7500000000
0 48 7 2016.000000 0.00000069001572 2 -9.0000000000
0 48 8 2304.000000 0.00000014124623 4 -9.7500000000
0 48 9 2592.000000 0.00000003416900 2 -11.0000000000
0 48 10 2880.000000 0.00000001238082 3 -12.0000000000
0 49 0 0.000000 0.00014750905393 0 -4.0000000000
0 49 1 288.000000 0.00005897313531 0 -4.0000000000
0 49 2 576.000000 0.00003521451799 5 -4.5000000000
0 49 3 864.000000 0.00001421164779 3 -5.5000000000
0 49 4 1152.000000 0.00000517964600 4 -6.2500000000
0 49 5 1440.000000 0.00000162236927 4 -6.7500000000
0 49 6 1728.000000 0.00000061230185 3 -7.7500000000
0 49 7 2016.000000 0.00000011766991 3 -8.7500000000
0 49 8 2304.000000 0.00000002458847 3 -9.7500000000
0 49 9 2592.000000 0.00000000748266 3 -10.7500000000
0 49 10 2880.000000 0.00000000188491 3 -11.7500000000
0 50 0 0.000000 0.00116957107093 0 -4.0000000000
0 50 1 288.000000 0.00029633488157 0 -4.0000000000
0 50 2 576.000000 0.00008043245180 2 -5.2500000000
0 50 3 864.000000 0.00003969515456 5 -5.7500000000
0 50 4 1152.000000 0.00001736775994 5 -6.2500000000
0 50 5 1440.000000 0.00000523529297 4 -7.0000000000
0 50 6 1728.000000 0.00000121750634 3 -8.0000000000
0 50 7 2016.000000 0.00000027090445 3 -9.0000000000
0 50 8 2304.000000 0.00000008511165 3 -10.0000000000
0 50 9 2592.000000 0.00000001395902 4 -10.7500000000
0 50 10 2880.000000 0.00000000400026 2 -12.0000000000
0 51 0 0.000000 0.00042273558211 0 -4.0000000000
0 51 1 288.000000 0.00010785107588 4 -3.0000000000
0 51 2 576.000000 0.00004488181730 5 -3.5000000000
0 51 3 864.000000 0.00002134715032 3 -4.5000000000
0 51 4 1152.000000 0.00001080817492 5 -5.0000000000
0 51 5 1440.000000 0.00000378477966 3 -6.0000000000
0 51 6 1728.000000 0.00000075280531 3 -7.0000000000
0 51 7 2016.000000 0.00000020072639 3 -8.0000000000
0 51 8 2304.000000 0.00000005366413 3 -9.0000000000
0 51 9 2592.000000 0.00000001728186 3 -10.0000000000
0 51 10 2880.000000 0.00000000340434 3 -11.0000000000
0 52 0 0.000000 0.00864416174591 0 -4.0000000000
0 52 1 288.000000 0.00273502292112 1 -3.7500000000
0 52 2 576.000000 0.00140077865217 1 -5.2500000000
0 52 3 864.000000 0.00062543421518 3 -5.5000000000
0 52 4 1152.000000 0.00015117521980 3 -6.0000000000
0 52 5 1440.000000 0.00005051875632 2 -7.0000000000
0 52 6 1728.000000 0.00001445805356 1 -7.7500000000
0 52 7 2016.000000 0.00000555657516 3 -8.5000000000
0 52 8 2304.000000 0.00000175492448 4 -9.0000000000
0 52 9 2592.000000 0.00000070094126 2 -10.2500000000
0 52 10 2880.000000 0.00000015463935 3 -11.2500000000
0 53 0 0.000000 0.00018469036149 0 -4.0000000000
0 53 1 288.000000 0.00003200660649 2 -3.5000000000
0 53 2 576.000000 0.00002330635289 3 -4.5000000000
0 53 3 864.000000 0.00000914493285 5 -5.0000000000
0 53 4 1152.000000 0.00000442535202 4 -5.7500000000
0 53 5 1440.000000 0.00000145903721 4 -6.5000000000
0 53 6 1728.000000 0.00000034849108 3 -7.5000000000
0 53 7 2016.000000 0.00000010051716 3 -8.5000000000
0 53 8 2304.000000 0.00000002740653 3 -9.5000000000
0 53 9 2592.000000 0.00000000671337 3 -10.5000000000
0 53 10 2880.000000 0.00000000151143 3 -11.5000000000
0 54 0 0.000000 0.00012877909467 0 -4.0000000000
0 54 1 288.000000 0.00003753426790 3 -3.2500000000
0 54 2 576.000000 0.00002499800394 2 -4.5000000000
0 54 3 864.000000 0.00001146305112 3 -5.0000000000
0 54 4 1152.000000 0.00000484961720 4 -5.7500000000
0 54 5 1440.000000 0.00000125261511 3 -6.7500000000
0 54 6 1728.000000 0.00000044333629 3 -7.7500000000
0 54 7 2016.000000 0.00000010675485 3 -8.7500000000
0 54 8 2304.000000 0.00000002234650 3 -9.7500000000
0 54 9 2592.000000 0.00000000886967 3 -10.7500000000
0 54 10 2880.000000 0.00000000245312 4 -11.5000000000
0 55 0 0.000000 0.00023410134600 0 -4.0000000000
0 55 1 288.000000 0.00007199404354 4 -3.0000000000
0 55 2 576.000000 0.00003573650247 3 -4.0000000000
0 55 3 864.000000 0.00001609301762 4 -4.5000000000
0 55 4 1152.000000 0.00000883547909 2 -5.7500000000
0 55 5 1440.000000 0.00000245082424 4 -6.5000000000
0 55 6 1728.000000 0.00000075343740 4 -7.2500000000
0 55 7 2016.000000 0.00000016871202 3 -8.2500000000
0 55 8 2304.000000 0.00000005337725 3 -9.2500000000
0 55 9 2592.000000 0.00000001055592 3 -10.2500000000
0 55 10 2880.000000 0.00000000367097 4 -11.0000000000
0 56 0 0.000000 0.01239846274257 0 -4.0000000000
0 56 1 288.000000 0.00180010893382 0 -4.0000000000
0 56 2 576.000000 0.00100568740163 6 -4.2500000000
0 56 3 864.000000 0.00039809584268 2 -5.5000000000
0 56 4 1152.000000 0.00017634741380 1 -6.7500000000
0 56 5 1440.000000 0.00006665999535 2 -7.0000000000
0 56 6 1728.000000 0.00001714767131 2 -7.7500000000
0 56 7 2016.000000 0.00000639054815 2 -8.7500000000
0 56 8 2304.000000 0.00000225906342 2 -9.5000000000
0 56 9 2592.000000 0.00000062477915 2 -10.5000000000
0 56 10 2880.000000 0.00000009778623 3 -11.2500000000
0 57 0 0.000000 0.00018235939206 0 -4.0000000000
0 57 1 288.000000 0.00005230456372 1 -3.7500000000
0 57 2 576.000000 0.00003477479549 2 -5.0000000000
0 57 3 864.000000 0.00001610392428 5 -5.5000000000
0 57 4 1152.000000 0.00000506371043 3 -6.5000000000
0 57 5 1440.000000 0.00000171088038 4 -7.2500000000
0 57 6 1728.000000 0.00000051734020 4 -7.7500000000
0 57 7 2016.000000 0.00000012276108 3 -8.7500000000
0 57 8 2304.000000 0.00000002371351 2 -10.0000000000
0 57 9 2592.000000 0.00000000794905 3 -11.0000000000
0 57 10 2880.000000 0.00000000208587 3 -12.0000000000
0 58 0 0.000000 0.00016398254957 0 -4.0000000000
0 58 1 288.000000 0.00004929121860 1 -3.7500000000
0 58 2 576.000000 0.00002056291851 3 -4.7500000000
0 58 3 864.000000 0.00000874564194 4 -5.5000000000
0 58 4 1152.000000 0.00000355647899 4 -6.2500000000
0 58 5 1440.000000 0.00000121925245 4 -7.0000000000
0 58 6 1728.000000 0.00000035242971 3 -8.0000000000
0 58 7 2016.000000 0.00000006561747 3 -9.0000000000
0 58 8 2304.000000 0.00000001904997 3 -10.0000000000
0 58 9 2592.000000 0.00000000501443 3 -11.0000000000
0 58 10 2880.000000 0.00000000113363 3 -12.0000000000
0 59 0 0.000000 0.00129033951089 0 -4.0000000000
0 59 1 288.000000 0.00042241052142 1 -3.7500000000
0 59 2 576.000000 0.00019629496092 1 -5.2500000000
0 59 3 864.000000 0.00010839822062 3 -6.0000000000
0 59 4 1152.000000 0.00004713155431 2 -6.7500000000
0 59 5 1440.000000 0.00002010614116 2 -7.0000000000
0 59 6 1728.000000 0.00000449603522 3 -7.5000000000
0 59 7 2016.000000 0.00000214588204 4 -8.2500000000
0 59 8 2304.000000 0.00000054977642 3 -9.2500000000
0 59 9 2592.000000 0.00000013399642 3 -10.2500000000
0 59 10 2880.000000 0.00000005178370 4 -11.0000000000
0 60 0 0.000000 0.00025680655381 0 -4.0000000000
0 60 1 288.000000 0.00010726177425 0 -4.0000000000
0 60 2 576.000000 0.00005703745410 7 -4.0000000000
0 60 3 864.000000 0.00002739382217 5 -4.5000000000
0 60 4 1152.000000 0.00001142405472 4 -5.2500000000
0 60 5 1440.000000 0.00000290668640 3 -6.2500000000
0 60 6 1728.000000 0.00000100004638 3 -7.2500000000
0 60 7 2016.000000 0.00000021998146 3 -8.2500000000
0 60 8 2304.000000 0.00000005799978 3 -9.2500000000
0 60 9 2592.000000 0.00000001727330 3 -10.2500000000
0 60 10 2880.000000 0.00000000418695 4 -11.0000000000
0 61 0 0.000000 0.00234320596792 0 -4.0000000000
0 61 1 288.000000 0.00084292603424 0 -4.0000000000
0 61 2 576.000000 0.00032013331656 2 -5.2500000000
0 61 3 864.000000 0.00006092881085 4 -6.0000000000
0 61 4 1152.000000 0.00005058850365 4 -6.7500000000
0 61 5 1440.000000 0.00001288644035 3 -7.7500000000
0 61 6 1728.000000 0.00000182282736 3 -8.7500000000
0 61 7 2016.000000 0.00000072713971 3 -9.7500000000
0 61 8 2304.000000 0.00000014636659 4 -10.5000000000
0 61 9 2592.000000 0.00000003866187 2 -11.7500000000
0 61 10 2880.000000 0.00000001295379 2 -12.7500000000
0 62 0 0.000000 0.00029375505983 0 -4.0000000000
0 62 1 288.000000 0.00010576960631 0 -4.0000000000
0 62 2 576.000000 0.00005714944928 7 -4.0000000000
0 62 3 864.000000 0.00003063577606 4 -4.7500000000
0 62 4 1152.000000 0.00001217428962 4 -5.5000000000
0 62 5 1440.000000 0.00000308621497 3 -6.5000000000
0 62 6 1728.000000 0.00000088066713 3 -7.5000000000
0 62 7 2016.000000 0.00000023637023 4 -8.2500000000
0 62 8 2304.000000 0.00000006962942 4 -9.0000000000
0 62 9 2592.000000 0.00000001611392 2 -10.2500000000
0 62 10 2880.000000 0.00000000332500 3 -11.2500000000
0 63 0 0.000000 0.00040755100781 0 -4.0000000000
0 63 1 288.000000 0.00010888093675 2 -3.5000000000
0 63 2 576.000000 0.00005557530312 5 -4.0000000000
0 63 3 864.000000 0.00002876029976 3 -5.0000000000
0 63 4 1152.000000 0.00000922680647 4 -5.7500000000
0 63 5 1440.000000 0.00000244826447 3 -6.7500000000
0 63 6 1728.000000 0.00000065135032 3 -7.7500000000
0 63 7 2016.000000 0.00000016547732 3 -8.7500000000
0 63 8 2304.000000 0.00000005088375 3 -9.7500000000
0 63 9 2592.000000 0.00000001530779 4 -10.5000000000
0 63 10 2880.000000 0.00000000347076 3 -11.5000000000
0 64 0 0.000000 0.00029706931673 0 -4.0000000000
0 64 1 288.000000 0.00005446321666 3 -3.2500000000
0 64 2 576.000000 0.00003852939699 4 -4.0000000000
0 64 3 864.000000 0.00001822180457 4 -4.7500000000
0 64 4 1152.000000 0.00000772379190 5 -5.2500000000
0 64 5 1440.000000 0.00000291490710 3 -6.2500000000
0 64 6 1728.000000 0.00000069548389 3 -7.2500000000
0 64 7 2016.000000 0.00000020942625 3 -8.2500000000
0 64 8 2304.000000 0.00000005121471 3 -9.2500000000
0 64 9 2592.000000 0.00000001740415 3 -10.2500000000
0 64 10 2880.000000 0.00000000362569 4 -11.0000000000
0 65 0 0.000000 0.00025069550611 0 -4.0000000000
0 65 1 288.000000 0.00008432964387 4 -3.0000000000
0 65 2 576.000000 0.00004883152360 7 -3.0000000000
0 65 3 864.000000 0.00002729701555 3 -4.0000000000
0 65 4 1152.000000 0.00001307119055 4 -4.7500000000
0 65 5 1440.000000 0.00000538776521 3 -5.7500000000
0 65 6 1728.000000 0.00000170261876 4 -6.5000000000
0 65 7 2016.000000 0.00000055245727 3 -7.5000000000
0 65 8 2304.000000 0.00000010575540 3 -8.5000000000
0 65 9 2592.000000 0.00000002531688 3 -9.5000000000
0 65 10 2880.000000 0.00000000779238 3 -10.5000000000
0 66 0 0.000000 0.00055834226077 0 -3.0000000000
0 66 1 288.000000 0.00007411515980 1 -2.7500000000
0 66 2 576.000000 0.00004704214007 2 -4.0000000000
0 66 3 864.000000 0.00002001106077 4 -4.7500000000
0 66 4 1152.000000 0.00000691361174 4 -5.5000000000
0 66 5 1440.000000 0.00000194916720 3 -6.5000000000
0 66 6 1728.000000 0.00000061048223 3 -7.5000000000
0 66 7 2016.000000 0.00000021424236 3 -8.5000000000
0 66 8 2304.000000 0.00000005109922 4 -9.2500000000
0 66 9 2592.000000 0.00000001249225 3 -10.2500000000
0 66 10 2880.000000 0.00000000325981 3 -11.2500000000
0 67 0 0.000000 0.00075646699406 0 -3.0000000000
0 67 1 288.000000 0.00014593721426 0 -3.0000000000
0 67 2 576.000000 0.00008651689859 4 -3.7500000000
0 67 3 864.000000 0.00003931301399 3 -4.7500000000
0 67 4 1152.000000 0.00001396247717 3 -5.7500000000
0 67 5 1440.000000 0.00000354456165 4 -6.5000000000
0 67 6 1728.000000 0.00000102727529 3 -7.5000000000
0 67 7 2016.000000 0.00000026716469 3 -8.5000000000
0 67 8 2304.000000 0.00000006101700 3 -9.5000000000
0 67 9 2592.000000 0.00000001565908 3 -10.5000000000
0 67 10 2880.000000 0.00000000426157 3 -11.5000000000
0 68 0 0.000000 0.00115613767412 0 -4.0000000000
0 68 1 288.000000 0.00052868807688 1 -3.7500000000
0 68 2 576.000000 0.00025745265884 6 -4.0000000000
0 68 3 864.000000 0.00009706878336 4 -4.7500000000
0 68 4 1152.000000 0.00003790467963 4 -5.2500000000
0 68 5 1440.000000 0.00001808927846 4 -6.0000000000
0 68 6 1728.000000 0.00000372957925 3 -7.0000000000
0 68 7 2016.000000 0.00000182120402 3 -8.0000000000
0 68 8 2304.000000 0.00000052847997 2 -8.7500000000
0 68 9 2592.000000 0.00000013467614 3 -9.7500000000
0 68 10 2880.000000 0.00000003137379 3 -10.7500000000
0 69 0 0.000000 0.00040239948430 0 -4.0000000000
0 69 1 288.000000 0.00009731011232 2 -3.5000000000
0 69 2 576.000000 0.00006280186062 2 -4.5000000000
0 69 3 864.000000 0.00002207873877 4 -4.7500000000
0 69 4 1152.000000 0.00000927302062 4 -5.5000000000
0 69 5 1440.000000 0.00000214506235 3 -6.5000000000
0 69 6 1728.000000 0.00000090462186 3 -7.5000000000
0 69 7 2016.000000 0.00000017710452 3 -8.5000000000
0 69 8 2304.000000 0.00000004093872 3 -9.5000000000
0 69 9 2592.000000 0.00000001030202 3 -10.5000000000
0 69 10 2880.000000 0.00000000279007 3 -11.5000000000
0 70 0 0.000000 0.00163815217093 0 -3.0000000000
0 70 1 288.000000 0.00089999666670 0 -3.0000000000
0 70 2 576.000000 0.00019397812139 0 -4.7500000000
0 70 3 864.000000 0.00007735885447 4 -5.5000000000
0 70 4 1152.000000 0.00003643846139 5 -6.0000000000
0 70 5 1440.000000 0.00000946890941 4 -6.7500000000
0 70 6 1728.000000 0.00000191623531 3 -7.7500000000
0 70 7 2016.000000 0.00000052575120 3 -8.7500000000
0 70 8 2304.000000 0.00000016511196 3 -9.7500000000
0 70 9 2592.000000 0.00000003808418 3 -10.7500000000
0 70 10 2880.000000 0.00000001090675 3 -11.7500000000
0 71 0 0.000000 0.00164019246586 0 -3.0000000000
0 71 1 288.000000 0.00063751352718 0 -3.0000000000
0 71 2 576.000000 0.00031553432927 4 -3.7500000000
0 71 3 864.000000 0.00016099312052 4 -4.5000000000
0 71 4 1152.000000 0.00006059843872 5 -5.0000000000
0 71 5 1440.000000 0.00001776962745 3 -6.0000000000
0 71 6 1728.000000 0.00000573437592 5 -6.5000000000
0 71 7 2016.000000 0.00000137343125 2 -7.7500000000
0 71 8 2304.000000 0.00000035825215 3 -8.7500000000
0 71 9 2592.000000 0.00000007604596 3 -9.7500000000
0 71 10 2880.000000 0.00000002082295 3 -10.7500000000
0 72 0 0.000000 0.00967402756214 0 -3.0000000000
0 72 1 288.000000 0.00656622601673 0 -3.0000000000
0 72 2 576.000000 0.00141900463495 1 -4.5000000000
0 72 3 864.000000 0.00041583634447 3 -5.2500000000
0 72 4 1152.000000 0.00014307053061 4 -5.7500000000
0 72 5 1440.000000 0.00003596662282 4 -6.5000000000
0 72 6 1728.000000 0.00002202244286 3 -7.5000000000
0 72 7 2016.000000 0.00000664010395 4 -8.2500000000
0 72 8 2304.000000 0.00000104689047 3 -9.2500000000
0 72 9 2592.000000 0.00000037311986 3 -10.2500000000
0 72 10 2880.000000 0.00000009177123 3 -11.2500000000
0 73 0 0.000000 0.00411557452753 0 -3.0000000000
0 73 1 288.000000 0.00114544306416 0 -3.0000000000
0 73 2 576.000000 0.00045022423728 2 -4.2500000000
0 73 3 864.000000 0.00014063056733 4 -5.0000000000
0 73 4 1152.000000 0.00003979987014 5 -5.5000000000
0 73 5 1440.000000 0.00001194248671 3 -6.5000000000
0 73 6 1728.000000 0.00000292329310 3 -7.5000000000
0 73 7 2016.000000 0.00000105655420 4 -8.2500000000
0 73 8 2304.000000 0.00000026287137 3 -9.2500000000
0 73 9 2592.000000 0.00000007703085 3 -10.2500000000
0 73 10 2880.000000 0.00000002511886 3 -11.2500000000
0 74 0 0.000000 0.00436156848446 0 -3.0000000000
0 74 1 288.000000 0.00338942511007 1 -2.7500000000
0 74 2 576.000000 0.00118950579781 0 -4.5000000000
0 74 3 864.000000 0.00062712357612 3 -5.0000000000
0 74 4 1152.000000 0.00030798764783 4 -5.0000000000
0 74 5 1440.000000 0.00012809313193 3 -5.7500000000
0 74 6 1728.000000 0.00002958644836 3 -6.7500000000
0 74 7 2016.000000 0.00000951391667 2 -7.5000000000
0 74 8 2304.000000 0.00000284754356 4 -8.2500000000
0 74 9 2592.000000 0.00000057731916 3 -9.2500000000
0 74 10 2880.000000 0.00000017728154 2 -10.5000000000
0 75 0 0.000000 0.00509697012603 0 -4.0000000000
0 75 1 288.000000 0.00160899851471 0 -4.0000000000
0 75 2 576.000000 0.00075513694901 5 -4.5000000000
0 75 3 864.000000 0.00031316117384 4 -5.2500000000
0 75 4 1152.000000 0.00014929879399 4 -6.0000000000
0 75 5 1440.000000 0.00004023634028 1 -7.0000000000
0 75 6 1728.000000 0.00001506945955 2 -7.5000000000
0 75 7 2016.000000 0.00000524591724 2 -8.5000000000
0 75 8 2304.000000 0.00000114144837 2 -9.2500000000
0 75 9 2592.000000 0.00000050970510 3 -10.2500000000
0 75 10 2880.000000 0.00000007590958 4 -11.0000000000
0 76 0 0.000000 0.00090172677301 0 -3.0000000000
0 76 1 288.000000 0.00047935100156 0 -3.0000000000
0 76 2 576.000000 0.00025126739638 2 -4.2500000000
0 76 3 864.000000 0.00016751674411 4 -5.0000000000
0 76 4 1152.000000 0.00003758202729 7 -5.0000000000
0 76 5 1440.000000 0.00001128558597 3 -6.0000000000
0 76 6 1728.000000 0.00000312873271 3 -7.0000000000
0 76 7 2016.000000 0.00000092560185 3 -8.0000000000
0 76 8 2304.000000 0.00000026147251 3 -9.0000000000
0 76 9 2592.000000 0.00000004880337 3 -10.0000000000
0 76 10 2880.000000 0.00000001270453 3 -11.0000000000
0 77 0 0.000000 0.00281997560523 0 -3.0000000000
0 77 1 288.000000 0.00122965523042 1 -2.7500000000
0 77 2 576.000000 0.00050485040992 1 -4.2500000000
0 77 3 864.000000 0.00025726750027 5 -4.5000000000
0 77 4 1152.000000 0.00009714872431 3 -5.5000000000
0 77 5 1440.000000 0.00003104044299 5 -6.0000000000
0 77 6 1728.000000 0.00000577591527 3 -7.0000000000
0 77 7 2016.000000 0.00000253283133 3 -8.0000000000
0 77 8 2304.000000 0.00000059413998 4 -8.7500000000
0 77 9 2592.000000 0.00000013653109 3 -9.7500000000
0 77 10 2880.000000 0.00000005707690 3 -10.7500000000
0 78 0 0.000000 0.13645677268505 0 -3.0000000000
0 78 1 288.000000 0.02934285812080 0 -3.0000000000
0 78 2 576.000000 0.00769317802042 3 -4.0000000000
0 78 3 864.000000 0.00348293455318 3 -5.0000000000
0 78 4 1152.000000 0.00151608826127 3 -5.7500000000
0 78 5 1440.000000 0.00039421391557 4 -6.0000000000
0 78 6 1728.000000 0.00015293607430 2 -7.2500000000
0 78 7 2016.000000 0.00003688225843 4 -8.0000000000
0 78 8 2304.000000 0.00000543375563 3 -9.0000000000
0 78 9 2592.000000 0.00000144600165 2 -10.2500000000
0 78 10 2880.000000 0.00000078232648 4 -11.0000000000
0 79 0 0.000000 0.00101677502971 0 -3.0000000000
0 79 1 288.000000 0.00027487947955 0 -3.0000000000
0 79 2 576.000000 0.00012788610184 3 -4.0000000000
0 79 3 864.000000 0.00005193327888 4 -4.5000000000
0 79 4 1152.000000 0.00002446830513 3 -5.5000000000
0 79 5 1440.000000 0.00000585256930 3 -6.2500000000
0 79 6 1728.000000 0.00000182240581 4 -7.0000000000
0 79 7 2016.000000 0.00000045236536 3 -8.0000000000
0 79 8 2304.000000 0.00000015746784 3 -9.0000000000
0 79 9 2592.000000 0.00000003608368 3 -10.0000000000
0 79 10 2880.000000 0.00000000784699 3 -11.0000000000
0 80 0 0.000000 0.03912920877337 0 -3.0000000000
0 80 1 288.000000 0.01061392482370 0 -3.0000000000
0 80 2 576.000000 0.00242454372346 0 -4.7500000000
0 80 3 864.000000 0.00155712477863 3 -4.7500000000
0 80 4 1152.000000 0.00070795242209 2 -5.7500000000
0 80 5 1440.000000 0.00021963279869 2 -6.5000000000
0 80 6 1728.000000 0.00004244478259 3 -7.2500000000
0 80 7 2016.000000 0.00002241900256 3 -8.0000000000
0 80 8 2304.000000 0.00000632774163 3 -9.0000000000
0 80 9 2592.000000 0.00000206720620 4 -9.7500000000
0 80 10 2880.000000 0.00000037860349 2 -11.0000000000
0 81 0 0.000000 0.00166739849374 0 -3.0000000000
0 81 1 288.000000 0.00019784946926 4 -2.0000000000
0 81 2 576.000000 0.00011887786968 3 -3.0000000000
0 81 3 864.000000 0.00005330790009 4 -3.7500000000
0 81 4 1152.000000 0.00002517081703 4 -4.5000000000
0 81 5 1440.000000 0.00000841531255 3 -5.5000000000
0 81 6 1728.000000 0.00000224190217 3 -6.5000000000
0 81 7 2016.000000 0.00000066205973 3 -7.5000000000
0 81 8 2304.000000 0.00000014260904 3 -8.5000000000
0 81 9 2592.000000 0.00000004220297 3 -9.5000000000
0 81 10 2880.000000 0.00000000945196 3 -10.5000000000
0 82 0 0.000000 0.00223822030239 0 -3.0000000000
0 82 1 288.000000 0.00048444926506 1 -2.7500000000
0 82 2 576.000000 0.00018320381059 6 -3.0000000000
0 82 3 864.000000 0.00012657184561 3 -4.0000000000
0 82 4 1152.000000 0.00005761135981 3 -5.0000000000
0 82 5 1440.000000 0.00001864725164 3 -6.0000000000
0 82 6 1728.000000 0.00000586193664 4 -6.7500000000
0 82 7 2016.000000 0.00000097157147 3 -7.7500000000
0 82 8 2304.000000 0.00000026807390 3 -8.7500000000
0 82 9 2592.000000 0.00000007657493 3 -9.7500000000
0 82 10 2880.000000 0.00000002212659 3 -10.7500000000
0 83 0 0.000000 0.00116561085451 0 -3.0000000000
0 83 1 288.000000 0.00022186829301 0 -3.0000000000
0 83 2 576.000000 0.00010932065197 4 -3.7500000000
0 83 3 864.000000 0.00003684496915 3 -4.7500000000
0 83 4 1152.000000 0.00001556968164 4 -5.5000000000
0 83 5 1440.000000 0.00000452659651 3 -6.5000000000
0 83 6 1728.000000 0.00000140851932 3 -7.5000000000
0 83 7 2016.000000 0.00000030545982 3 -8.5000000000
0 83 8 2304.000000 0.00000006504379 3 -9.5000000000
0 83 9 2592.000000 0.00000001396371 3 -10.5000000000
0 83 10 2880.000000 0.00000000455798 3 -11.5000000000
0 84 0 0.000000 0.00138075440191 0 -3.0000000000
0 84 1 288.000000 0.00022542293300 1 -2.7500000000
0 84 2 576.000000 0.00010892678984 4 -3.5000000000
0 84 3 864.000000 0.00005925435471 4 -4.2500000000
0 84 4 1152.000000 0.00002478136958 4 -5.0000000000
0 84 5 1440.000000 0.00000685074519 3 -6.0000000000
0 84 6 1728.000000 0.00000210902817 3 -7.0000000000
0 84 7 2016.000000 0.00000068551577 3 -8.0000000000
0 84 8 2304.000000 0.00000016333971 4 -8.7500000000
0 84 9 2592.000000 0.00000004070215 3 -9.7500000000
0 84 10 2880.000000 0.00000001064138 3 -10.7500000000
0 85 0 0.000000 0.00141831173096 0 -3.0000000000
0 85 1 288.000000 0.00036934079253 1 -2.7500000000
0 85 2 576.000000 0.00024548650254 3 -3.7500000000
0 85 3 864.000000 0.00012764176063 5 -3.7500000000
0 85 4 1152.000000 0.00007064161764 4 -4.5000000000
0 85 5 1440.000000 0.00001519785383 4 -5.2500000000
0 85 6 1728.000000 0.00000533026468 3 -6.2500000000
0 85 7 2016.000000 0.00000135096252 3 -7.2500000000
0 85 8 2304.000000 0.00000032893743 3 -8.2500000000
0 85 9 2592.000000 0.00000007378989 3 -9.2500000000
0 85 10 2880.000000 0.00000001723477 3 -10.2500000000
0 86 0 0.000000 0.00109963468276 0 -3.0000000000
0 86 1 288.000000 0.00026560673723 1 -2.7500000000
0 86 2 576.000000 0.00008377543418 1 -4.2500000000
0 86 3 864.000000 0.00003769527029 3 -5.0000000000
0 86 4 1152.000000 0.00001796404285 2 -5.7500000000
0 86 5 1440.000000 0.00000556732675 5 -6.2500000000
0 86 6 1728.000000 0.00000190928017 3 -7.2500000000
0 86 7 2016.000000 0.00000038365729 3 -8.2500000000
0 86 8 2304.000000 0.00000008830882 3 -9.2500000000
0 86 9 2592.000000 0.00000002414612 3 -10.2500000000
0 86 10 2880.000000 0.00000000819362 4 -11.0000000000
0 87 0 0.000000 0.01217363774776 0 -3.0000000000
0 87 1 288.000000 0.00568493967876 1 -2.7500000000
0 87 2 576.000000 0.00117098202463 2 -4.0000000000
0 87 3 864.000000 0.00069338968024 4 -4.5000000000
0 87 4 1152.000000 0.00021799032402 3 -5.5000000000
0 87 5 1440.000000 0.00006324316928 3 -6.2500000000
0 87 6 1728.000000 0.00002325271817 2 -7.0000000000
0 87 7 2016.000000 0.00000586704073 3 -8.0000000000
0 87 8 2304.000000 0.00000152889834 3 -9.0000000000
0 87 9 2592.000000 0.00000065801748 3 -9.7500000000
0 87 10 2880.000000 0.00000015645729 3 -10.7500000000
0 88 0 0.000000 0.01176606304944 0 -3.0000000000
0 88 1 288.000000 0.00236204848625 1 -2.7500000000
0 88 2 576.000000 0.00196891697124 5 -3.2500000000
0 88 3 864.000000 0.00071914965520 2 -4.5000000000
0 88 4 1152.000000 0.00023936133948 4 -5.0000000000
0 88 5 1440.000000 0.00004594766142 2 -6.2500000000
0 88 6 1728.000000 0.00001322275148 4 -7.0000000000
0 88 7 2016.000000 0.00000440106805 4 -7.7500000000
0 88 8 2304.000000 0.00000132427533 2 -9.0000000000
0 88 9 2592.000000 0.00000025633756 4 -9.7500000000
0 88 10 2880.000000 0.00000013400674 3 -10.7500000000
0 89 0 0.000000 0.00181710312609 0 -3.0000000000
0 89 1 288.000000 0.00055538531160 0 -3.0000000000
0 89 2 576.000000 0.00027950431104 6 -3.2500000000
0 89 3 864.000000 0.00015366131265 5 -3.7500000000
0 89 4 1152.000000 0.00005282254278 4 -4.5000000000
0 89 5 1440.000000 0.00001967799653 4 -5.2500000000
0 89 6 1728.000000 0.00000616277021 3 -6.2500000000
0 89 7 2016.000000 0.00000117104719 3 -7.2500000000
0 89 8 2304.000000 0.00000030285105 3 -8.2500000000
0 89 9 2592.000000 0.00000007972474 3 -9.2500000000
0 89 10 2880.000000 0.00000002056125 3 -10.2500000000
0 90 0 0.000000 0.00939137861133 0 -3.0000000000
0 90 1 288.000000 0.00286559294909 0 -3.0000000000
0 90 2 576.000000 0.00100510928314 6 -3.2500000000
0 90 3 864.000000 0.00091119948775 5 -3.7500000000
0 90 4 1152.000000 0.00020077507361 4 -4.5000000000
0 90 5 1440.000000 0.00006904909242 4 -5.2500000000
0 90 6 1728.000000 0.00001626065205 2 -6.5000000000
0 90 7 2016.000000 0.00000588396915 4 -7.2500000000
0 90 8 2304.000000 0.00000088591167 3 -8.2500000000
0 90 9 2592.000000 0.00000042274405 3 -9.2500000000
0 90 10 2880.000000 0.00000007309825 2 -10.5000000000
0 91 0 0.000000 0.01123992819339 0 -3.0000000000
0 91 1 288.000000 0.00179013598245 2 -2.5000000000
0 91 2 576.000000 0.00091562612215 3 -3.5000000000
0 91 3 864.000000 0.00036751801963 4 -4.2500000000
0 91 4 1152.000000 0.00013616029173 5 -4.7500000000
0 91 5 1440.000000 0.00005567620610 3 -5.7500000000
0 91 6 1728.000000 0.00001507972229 3 -6.7500000000
0 91 7 2016.000000 0.00000424917107 3 -7.5000000000
0 91 8 2304.000000 0.00000111777899 3 -8.5000000000
0 91 9 2592.000000 0.00000020783993 3 -9.5000000000
0 91 10 2880.000000 0.00000005217499 3 -10.5000000000
0 92 0 0.000000 0.02752186357975 0 -2.0000000000
0 92 1 288.000000 0.01442358549684 1 -1.7500000000
0 92 2 576.000000 0.00642521725968 1 -3.2500000000
0 92 3 864.000000 0.00367220211774 5 -3.7500000000
0 92 4 1152.000000 0.00160456332378 6 -4.0000000000
0 92 5 1440.000000 0.00038407431566 4 -4.7500000000
0 92 6 1728.000000 0.00011236184946 3 -5.7500000000
0 92 7 2016.000000 0.00002512324318 3 -6.7500000000
0 92 8 2304.000000 0.00001167659138 4 -7.5000000000
0 92 9 2592.000000 0.00000256419116 3 -8.5000000000
0 92 10 2880.000000 0.00000050842613 3 -9.5000000000
0 93 0 0.000000 0.00620796065778 0 -3.0000000000
0 93 1 288.000000 0.00218999828212 0 -3.0000000000
0 93 2 576.000000 0.00109000795055 6 -3.2500000000
0 93 3 864.000000 0.00044333096594 4 -4.0000000000
0 93 4 1152.000000 0.00016383388720 4 -4.7500000000
0 93 5 1440.000000 0.00004814247950 3 -5.7500000000
0 93 6 1728.000000 0.00001137050003 3 -6.7500000000
0 93 7 2016.000000 0.00000297586826 3 -7.7500000000
0 93 8 2304.000000 0.00000092188003 4 -8.5000000000
0 93 9 2592.000000 0.00000025743029 3 -9.5000000000
0 93 10 2880.000000 0.00000006133203 3 -10.5000000000
0 94 0 0.000000 0.01704601943493 0 -2.0000000000
0 94 1 288.000000 0.00723505066708 0 -2.0000000000
0 94 2 576.000000 0.00206999364309 1 -3.5000000000
0 94 3 864.000000 0.00132446317002 5 -4.0000000000
0 94 4 1152.000000 0.00047252728837 5 -4.5000000000
0 94 5 1440.000000 0.00012581642659 3 -5.5000000000
0 94 6 1728.000000 0.00002977586519 3 -6.5000000000
0 94 7 2016.000000 0.00000870550411 3 -7.5000000000
0 94 8 2304.000000 0.00000214932334 3 -8.5000000000
0 94 9 2592.000000 0.00000050860757 3 -9.5000000000
0 94 10 2880.000000 0.00000013036690 3 -10.5000000000
0 95 0 0.000000 0.01443771086633 0 -2.0000000000
0 95 1 288.000000 0.00828716997057 0 -2.0000000000
0 95 2 576.000000 0.00290311500430 1 -3.5000000000
0 95 3 864.000000 0.00145216099918 5 -4.0000000000
0 95 4 1152.000000 0.00054410274606 5 -4.5000000000
0 95 5 1440.000000 0.00018217838078 4 -5.2500000000
0 95 6 1728.000000 0.00006418733392 3 -6.2500000000
0 95 7 2016.000000 0.00001947599594 4 -7.0000000000
0 95 8 2304.000000 0.00000485261580 3 -8.0000000000
0 95 9 2592.000000 0.00000109325777 3 -9.0000000000
0 95 10 2880.000000 0.00000024976461 3 -10.0000000000
0 96 0 0.000000 0.02618518285453 0 -2.0000000000
0 96 1 288.000000 0.00847107637674 0 -2.0000000000
0 96 2 576.000000 0.00375239434652 2 -3.2500000000
0 96 3 864.000000 0.00207247259095 4 -4.0000000000
0 96 4 1152.000000 0.00077727256576 4 -4.7500000000
0 96 5 1440.000000 0.00028002267936 4 -5.2500000000
0 96 6 1728.000000 0.00007595857460 3 -6.0000000000
0 96 7 2016.000000 0.00002318715633 3 -7.0000000000
0 96 8 2304.000000 0.00000531274281 3 -7.7500000000
0 96 9 2592.000000 0.00000213037606 3 -8.7500000000
0 96 10 2880.000000 0.00000044064066 4 -9.5000000000
0 97 0 0.000000 0.02051114290953 0 -2.0000000000
0 97 1 288.000000 0.00424417294562 0 -2.0000000000
0 97 2 576.000000 0.00141532940324 1 -3.5000000000
0 97 3 864.000000 0.00057756114984 5 -3.7500000000
0 97 4 1152.000000 0.00023935388890 3 -4.7500000000
0 97 5 1440.000000 0.00008177237760 3 -5.2500000000
0 97 6 1728.000000 0.00001970991434 3 -6.2500000000
0 97 7 2016.000000 0.00000491643641 3 -7.2500000000
0 97 8 2304.000000 0.00000117172169 3 -8.2500000000
0 97 9 2592.000000 0.00000045354801 3 -9.2500000000
0 97 10 2880.000000 0.00000008267951 3 -10.2500000000
0 98 0 0.000000 0.19725309312344 0 -2.0000000000
0 98 1 288.000000 0.10372350364923 0 -2.0000000000
0 98 2 576.000000 0.02820454165339 3 -3.0000000000
0 98 3 864.000000 0.01058657839894 2 -4.2500000000
0 98 4 1152.000000 0.00356798921712 5 -4.2500000000
0 98 5 1440.000000 0.00139886164106 2 -5.5000000000
0 98 6 1728.000000 0.00032072217437 3 -6.5000000000
0 98 7 2016.000000 0.00006005907562 3 -7.5000000000
0 98 8 2304.000000 0.00003348671817 4 -8.2500000000
0 98 9 2592.000000 0.00000525493260 3 -9.2500000000
0 98 10 2880.000000 0.00000158366856 3 -10.2500000000
0 99 0 0.000000 0.00558436196297 0 -3.0000000000
0 99 1 288.000000 0.00065394683043 1 -2.7500000000
0 99 2 576.000000 0.00017895574274 5 -3.0000000000
0 99 3 864.000000 0.00005526903624 4 -3.7500000000
0 99 4 1152.000000 0.00002224144373 3 -4.7500000000
0 99 5 1440.000000 0.00000709120968 4 -5.5000000000
0 99 6 1728.000000 0.00000221773053 3 -6.5000000000
0 99 7 2016.000000 0.00000066113614 3 -7.5000000000
0 99 8 2304.000000 0.00000020036595 4 -8.2500000000
0 99 9 2592.000000 0.00000004757375 3 -9.2500000000
0 99 10 2880.000000 0.00000001207505 3 -10.2500000000
0 100 0 0.000000 0.08856145292521 0 -2.0000000000
0 100 1 288.000000 0.01818584650755 0 -2.0000000000
0 100 2 576.000000 0.00840148515999 4 -2.7500000000
0 100 3 864.000000 0.00312895327806 5 -3.2500000000
0 100 4 1152.000000 0.00107790017501 4 -4.0000000000
0 100 5 1440.000000 0.00062702840660 3 -5.0000000000
0 100 6 1728.000000 0.00015427317703 3 -6.0000000000
0 100 7 2016.000000 0.00002564808528 3 -7.0000000000
0 100 8 2304.000000 0.00001032335422 3 -8.0000000000
0 100 9 2592.000000 0.00000207714902 4 -8.7500000000
0 100 10 2880.000000 0.00000051928339 2 -10.0000000000
0 101 0 0.000000 0.00492638954893 0 -3.0000000000
0 101 1 288.000000 0.00095492333639 0 -3.0000000000
0 101 2 576.000000 0.00045371585293 6 -3.2500000000
0 101 3 864.000000 0.00019888060342 4 -4.0000000000
0 101 4 1152.000000 0.00008143500600 4 -4.7500000000
0 101 5 1440.000000 0.00002584232971 4 -5.5000000000
0 101 6 1728.000000 0.00000577444098 3 -6.5000000000
0 101 7 2016.000000 0.00000215484761 3 -7.5000000000
0 101 8 2304.000000 0.00000038034491 3 -8.5000000000
0 101 9 2592.000000 0.00000009276659 3 -9.5000000000
0 101 10 2880.000000 0.00000002258014 3 -10.5000000000
0 102 0 0.000000 0.00606117444113 0 -3.0000000000
0 102 1 288.000000 0.00104597071186 1 -2.7500000000
0 102 2 576.000000 0.00056443683570 4 -3.5000000000
0 102 3 864.000000 0.00026595982490 4 -4.2500000000
0 102 4 1152.000000 0.00009189637785 4 -5.0000000000
0 102 5 1440.000000 0.00003632202061 4 -5.7500000000
0 102 6 1728.000000 0.00000786821147 3 -6.5000000000
0 102 7 2016.000000 0.00000210778921 3 -7.5000000000
0 102 8 2304.000000 0.00000052369870 3 -8.5000000000
0 102 9 2592.000000 0.00000012665913 3 -9.5000000000
0 102 10 2880.000000 0.00000003601816 3 -10.5000000000
0 103 0 0.000000 1.30946230888367 0 -2.0000000000
0 103 1 288.000000 0.61741405725479 0 -2.0000000000
0 103 2 576.000000 0.13097199797630 1 -3.5000000000
0 103 3 864.000000 0.06074277311563 3 -4.2500000000
0 103 4 1152.000000 0.01412527915090 4 -4.5000000000
0 103 5 1440.000000 0.00601804675534 3 -5.5000000000
0 103 6 1728.000000 0.00124173413496 4 -6.2500000000
0 103 7 2016.000000 0.00043468567310 3 -7.2500000000
0 103 8 2304.000000 0.00012065772171 3 -8.2500000000
0 103 9 2592.000000 0.00004956612975 3 -9.2500000000
0 103 10 2880.000000 0.00000821844242 3 -10.2500000000
0 104 0 0.000000 0.48257485032082 0 -2.0000000000
0 104 1 288.000000 0.30815503001213 1 -1.7500000000
0 104 2 576.000000 0.06118626520038 0 -3.5000000000
0 104 3 864.000000 0.01239744480699 4 -4.2500000000
0 104 4 1152.000000 0.00673437910154 5 -4.7500000000
0 104 5 1440.000000 0.00129432254471 2 -6.0000000000
0 104 6 1728.000000 0.00062037544558 2 -6.7500000000
0 104 7 2016.000000 0.00021268856653 3 -7.5000000000
0 104 8 2304.000000 0.00005324080485 3 -8.5000000000
0 104 9 2592.000000 0.00001680508103 2 -9.5000000000
0 104 10 2880.000000 0.00000352875259 2 -10.2500000000
0 105 0 0.000000 0.04555644094944 0 -2.0000000000
0 105 1 288.000000 0.00521902972832 1 -1.7500000000
0 105 2 576.000000 0.00296352780424 4 -2.2500000000
0 105 3 864.000000 0.00105148053262 4 -3.0000000000
0 105 4 1152.000000 0.00042628651136 4 -3.7500000000
0 105 5 1440.000000 0.00013753186795 3 -4.7500000000
0 105 6 1728.000000 0.00003732909317 4 -5.5000000000
0 105 7 2016.000000 0.00001023561708 3 -6.5000000000
0 105 8 2304.000000 0.00000204031903 3 -7.5000000000
0 105 9 2592.000000 0.00000059516447 3 -8.5000000000
0 105 10 2880.000000 0.00000016043502 3 -9.5000000000
0 106 0 0.000000 0.04571807011962 0 -2.0000000000
0 106 1 288.000000 0.00521100405604 3 -1.2500000000
0 106 2 576.000000 0.00471930298954 2 -2.5000000000
0 106 3 864.000000 0.00117830105592 6 -2.7500000000
0 106 4 1152.000000 0.00052191870054 3 -3.7500000000
0 106 5 1440.000000 0.00021707802080 4 -4.5000000000
0 106 6 1728.000000 0.00005078749018 3 -5.5000000000
0 106 7 2016.000000 0.00001433696161 3 -6.5000000000
0 106 8 2304.000000 0.00000491170749 4 -7.2500000000
0 106 9 2592.000000 0.00000084449152 2 -8.5000000000
0 106 10 2880.000000 0.00000023658848 3 -9.5000000000
0 107 0 0.000000 0.10436732321978 0 -2.0000000000
0 107 1 288.000000 0.01635161228478 4 -1.0000000000
0 107 2 576.000000 0.00860911794007 3 -2.0000000000
0 107 3 864.000000 0.00194544834085 3 -3.0000000000
0 107 4 1152.000000 0.00093956087949 3 -4.0000000000
0 107 5 1440.000000 0.00032379955519 2 -4.7500000000
0 107 6 1728.000000 0.00008864324627 3 -5.7500000000
0 107 7 2016.000000 0.00002140728975 3 -6.7500000000
0 107 8 2304.000000 0.00000912520863 4 -7.5000000000
0 107 9 2592.000000 0.00000182081965 3 -8.5000000000
0 107 10 2880.000000 0.00000049464455 3 -9.5000000000
0 108 0 0.000000 0.65520793199539 0 -2.0000000000
0 108 1 288.000000 0.17276957631111 0 -2.0000000000
0 108 2 576.000000 0.07269075512886 3 -2.2500000000
0 108 3 864.000000 0.02791536599398 2 -3.2500000000
0 108 4 1152.000000 0.00926449801773 0 -4.0000000000
0 108 5 1440.000000 0.00388565799221 2 -4.7500000000
0 108 6 1728.000000 0.00146147736814 1 -5.7500000000
0 108 7 2016.000000 0.00052065739874 2 -6.2500000000
0 108 8 2304.000000 0.00011714406719 4 -7.0000000000
0 108 9 2592.000000 0.00003619600830 3 -8.0000000000
0 108 10 2880.000000 0.00000644299325 3 -9.0000000000
0 109 0 0.000000 0.17503592371941 0 -2.0000000000
0 109 1 288.000000 0.02493328601122 4 -1.0000000000
0 109 2 576.000000 0.01846790872514 2 -2.2500000000
0 109 3 864.000000 0.00645348522812 4 -3.0000000000
0 109 4 1152.000000 0.00305900210515 3 -4.0000000000
0 109 5 1440.000000 0.00092341064010 4 -4.5000000000
0 109 6 1728.000000 0.00037363785668 3 -5.5000000000
0 109 7 2016.000000 0.00012969555974 3 -6.5000000000
0 109 8 2304.000000 0.00002497687638 5 -7.0000000000
0 109 9 2592.000000 0.00000476331161 2 -8.2500000000
0 109 10 2880.000000 0.00000168620613 3 -9.2500000000
0 110 0 0.000000 0.04320145025849 0 -2.0000000000
0 110 1 288.000000 0.00731020094827 0 -2.0000000000
0 110 2 576.000000 0.00390259828418 4 -2.5000000000
0 110 3 864.000000 0.00178943248466 5 -2.7500000000
0 110 4 1152.000000 0.00063830259023 3 -3.7500000000
0 110 5 1440.000000 0.00018841556448 4 -4.5000000000
0 110 6 1728.000000 0.00007660262781 3 -5.5000000000
0 110 7 2016.000000 0.00001477692513 3 -6.5000000000
0 110 8 2304.000000 0.00000357373665 3 -7.5000000000
0 110 9 2592.000000 0.00000103162756 3 -8.5000000000
0 110 10 2880.000000 0.00000022781981 3 -9.5000000000
0 111 0 0.000000 0.08336544036865 0 -2.0000000000
0 111 1 288.000000 0.02701317891479 0 -2.0000000000
0 111 2 576.000000 0.00641329167411 3 -3.0000000000
0 111 3 864.000000 0.00311846332625 5 -3.5000000000
0 111 4 1152.000000 0.00102677033283 4 -4.2500000000
0 111 5 1440.000000 0.00022480329790 4 -5.0000000000
0 111 6 1728.000000 0.00006560175098 4 -5.7500000000
0 111 7 2016.000000 0.00002024179230 3 -6.7500000000
0 111 8 2304.000000 0.00000593499180 3 -7.7500000000
0 111 9 2592.000000 0.00000115758439 3 -8.7500000000
0 111 10 2880.000000 0.00000040258976 3 -9.7500000000
0 112 0 0.000000 0.10401389747858 0 -2.0000000000
0 112 1 288.000000 0.02690387889743 0 -2.0000000000
0 112 2 576.000000 0.00988486595452 3 -3.0000000000
0 112 3 864.000000 0.00446155387908 6 -3.2500000000
0 112 4 1152.000000 0.00231493799947 3 -4.2500000000
0 112 5 1440.000000 0.00077672774205 3 -4.7500000000
0 112 6 1728.000000 0.00017262225447 3 -5.5000000000
0 112 7 2016.000000 0.00005597229028 3 -6.5000000000
0 112 8 2304.000000 0.00001145489114 3 -7.5000000000
0 112 9 2592.000000 0.00000451336609 4 -8.2500000000
0 112 10 2880.000000 0.00000108254255 3 -9.2500000000
0 113 0 0.000000 0.14421439170837 0 -1.0000000000
0 113 1 288.000000 0.10327109694481 0 -1.0000000000
0 113 2 576.000000 0.01832503452897 0 -2.7500000000
0 113 3 864.000000 0.00576782086864 4 -3.5000000000
0 113 4 1152.000000 0.00232539512217 4 -4.0000000000
0 113 5 1440.000000 0.00062924087979 4 -4.7500000000
0 113 6 1728.000000 0.00018379212997 3 -5.7500000000
0 113 7 2016.000000 0.00004072691445 3 -6.7500000000
0 113 8 2304.000000 0.00001798463200 4 -7.5000000000
0 113 9 2592.000000 0.00000395630104 3 -8.5000000000
0 113 10 2880.000000 0.00000092921204 3 -9.5000000000
0 114 0 0.000000 0.28172674775124 0 -1.0000000000
0 114 1 288.000000 0.18741373717785 1 -0.7500000000
0 114 2 576.000000 0.05971024930477 0 -2.5000000000
0 114 3 864.000000 0.01963745243847 3 -3.5000000000
0 114 4 1152.000000 0.00550259742886 4 -3.7500000000
0 114 5 1440.000000 0.00307836965658 3 -4.7500000000
0 114 6 1728.000000 0.00065483024810 4 -5.5000000000
0 114 7 2016.000000 0.00013443081116 3 -6.5000000000
0 114 8 2304.000000 0.00004672585419 3 -7.5000000000
0 114 9 2592.000000 0.00001145923852 4 -8.2500000000
0 114 10 2880.000000 0.00000218728565 2 -9.5000000000
0 115 0 0.000000 1.08320868015289 0 -2.0000000000
0 115 1 288.000000 0.41822609305382 0 -2.0000000000
0 115 2 576.000000 0.26479560136795 3 -3.0000000000
0 115 3 864.000000 0.11624872684479 3 -3.7500000000
0 115 4 1152.000000 0.06078427657485 3 -4.0000000000
0 115 5 1440.000000 0.01225032564253 1 -5.2500000000
0 115 6 1728.000000 0.00351702701300 1 -6.0000000000
0 115 7 2016.000000 0.00146532466169 1 -7.0000000000
0 115 8 2304.000000 0.00045431227772 2 -7.7500000000
0 115 9 2592.000000 0.00012732419418 3 -8.5000000000
0 115 10 2880.000000 0.00002533572842 3 -9.5000000000
0 116 0 0.000000 0.64134883880615 0 -2.0000000000
0 116 1 288.000000 0.33605968952179 2 -1.5000000000
0 116 2 576.000000 0.13213069736958 1 -3.0000000000
0 116 3 864.000000 0.06267475336790 5 -3.0000000000
0 116 4 1152.000000 0.03378633409739 2 -4.2500000000
0 116 5 1440.000000 0.00975480675697 5 -4.5000000000
0 116 6 1728.000000 0.00308315455914 3 -5.5000000000
0 116 7 2016.000000 0.00067234021844 3 -6.5000000000
0 116 8 2304.000000 0.00021613859280 4 -7.2500000000
0 116 9 2592.000000 0.00003170218770 2 -8.5000000000
0 116 10 2880.000000 0.00000972547514 3 -9.5000000000
0 117 0 0.000000 0.39520812034607 0 -1.0000000000
0 117 1 288.000000 0.07471480220556 1 -0.7500000000
0 117 2 576.000000 0.03040872514248 1 -2.2500000000
0 117 3 864.000000 0.00874367263168 5 -2.5000000000
0 117 4 1152.000000 0.00320963328704 4 -3.2500000000
0 117 5 1440.000000 0.00089863082394 3 -4.2500000000
0 117 6 1728.000000 0.00030342102400 4 -5.0000000000
0 117 7 2016.000000 0.00005281735866 3 -6.0000000000
0 117 8 2304.000000 0.00001411740686 3 -7.0000000000
0 117 9 2592.000000 0.00000503745832 3 -8.0000000000
0 117 10 2880.000000 0.00000078518980 3 -9.0000000000
0 118 0 0.000000 1.38835060596466 0 -1.0000000000
0 118 1 288.000000 0.40114554762840 1 -0.7500000000
0 118 2 576.000000 0.21539549529552 0 -2.5000000000
0 118 3 864.000000 0.07011788338423 5 -2.5000000000
0 118 4 1152.000000 0.02542631141841 4 -3.2500000000
0 118 5 1440.000000 0.00613827584311 4 -4.0000000000
0 118 6 1728.000000 0.00131716032047 3 -5.0000000000
0 118 7 2016.000000 0.00038349881652 3 -6.0000000000
0 118 8 2304.000000 0.00013842368207 4 -6.7500000000
0 118 9 2592.000000 0.00003202810331 3 -7.7500000000
0 118 10 2880.000000 0.00000731453474 3 -8.7500000000
0 119 0 0.000000 1.32445955276489 0 -1.0000000000
0 119 1 288.000000 0.23695977032185 0 -1.0000000000
0 119 2 576.000000 0.11181589215994 2 -2.2500000000
0 119 3 864.000000 0.02840467542410 4 -3.0000000000
0 119 4 1152.000000 0.01318038534373 2 -3.7500000000
0 119 5 1440.000000 0.00317595875822 3 -4.2500000000
0 119 6 1728.000000 0.00084767822409 3 -5.2500000000
0 119 7 2016.000000 0.00023145617160 3 -6.2500000000
0 119 8 2304.000000 0.00003906961865 3 -7.2500000000
0 119 9 2592.000000 0.00001363120555 3 -8.2500000000
0 119 10 2880.000000 0.00000361916727 3 -9.2500000000
0 120 0 0.000000 3.71254754066467 0 -1.0000000000
0 120 1 288.000000 2.25994253158569 0 -1.0000000000
0 120 2 576.000000 1.85877597332001 5 -1.5000000000
0 120 3 864.000000 0.95869421958923 0 -3.2500000000
0 120 4 1152.000000 0.38296535611153 4 -3.2500000000
0 120 5 1440.000000 0.12865211069584 3 -4.2500000000
0 120 6 1728.000000 0.04030659794807 3 -5.2500000000
0 120 7 2016.000000 0.01280345302075 2 -6.0000000000
0 120 8 2304.000000 0.00227871700190 3 -7.0000000000
0 120 9 2592.000000 0.00096339528682 4 -7.7500000000
0 120 10 2880.000000 0.00019945815438 3 -8.7500000000
