2 0 0 0.000000 0.00639689201489 0 -6.0000000000
2 0 1 98304.000000 0.00347902672365 1 -5.7500000000
2 0 2 196608.000000 0.00047263631132 5 -6.2500000000
2 0 3 294912.000000 0.00011867011199 5 -6.7500000000
2 0 4 393216.000000 0.00005046011574 4 -7.5000000000
2 0 5 491520.000000 0.00002041297921 4 -8.2500000000
2 0 6 589824.000000 0.00000792342325 4 -9.0000000000
2 0 7 688128.000000 0.00000207646826 5 -9.5000000000
2 0 8 786432.000000 0.00000059018953 3 -10.5000000000
2 0 9 884736.000000 0.00000018829148 4 -11.2500000000
2 0 10 983040.000000 0.00000006761290 3 -12.2500000000
2 0 11 1081344.000000 0.00000001237568 3 -13.2500000000
2 0 12 1179648.000000 0.00000000251864 3 -14.2500000000
2 0 13 1277952.000000 0.00000000074093 3 -15.2500000000
2 0 14 1376256.000000 0.00000000017753 3 -16.2500000000
2 0 15 1474560.000000 0.00000000004907 3 -17.2500000000
2 0 16 1572864.000000 0.00000000001031 3 -18.2500000000
2 1 0 0.000000 0.07168794423342 0 -5.0000000000
2 1 1 98304.000000 0.02575093507767 0 -5.0000000000
2 1 2 196608.000000 0.00545328063890 5 -5.5000000000
2 1 3 294912.000000 0.00212393957190 5 -6.0000000000
2 1 4 393216.000000 0.00075246655615 5 -6.5000000000
2 1 5 491520.000000 0.00027887878241 5 -7.0000000000
2 1 6 589824.000000 0.00011225311027 4 -7.7500000000
2 1 7 688128.000000 0.00004339860971 4 -8.5000000000
2 1 8 786432.000000 0.00001398663608 4 -9.2500000000
2 1 9 884736.000000 0.00000324387702 3 -10.2500000000
2 1 10 983040.000000 0.00000078887484 3 -11.2500000000
2 1 11 1081344.000000 0.00000026525379 4 -12.0000000000
2 1 12 1179648.000000 0.00000006621367 3 -13.0000000000
2 1 13 1277952.000000 0.00000001752415 3 -14.0000000000
2 1 14 1376256.000000 0.00000000477746 3 -15.0000000000
2 1 15 1474560.000000 0.00000000099560 3 -16.0000000000
2 1 16 1572864.000000 0.00000000024373 3 -17.0000000000
2 2 0 0.000000 0.51296514272690 0 -4.0000000000
2 2 1 98304.000000 0.21509724855423 0 -4.0000000000
2 2 2 196608.000000 0.03294550627470 5 -4.5000000000
2 2 3 294912.000000 0.00959980208427 4 -5.2500000000
2 2 4 393216.000000 0.00389858800918 5 -5.7500000000
2 2 5 491520.000000 0.00129414303228 4 -6.5000000000
2 2 6 589824.000000 0.00048663554480 4 -7.2500000000
2 2 7 688128.000000 0.00018885843747 4 -8.0000000000
2 2 8 786432.000000 0.00005754207086 4 -8.7500000000
2 2 9 884736.000000 0.00001649849582 4 -9.5000000000
2 2 10 983040.000000 0.00000406633535 3 -10.5000000000
2 2 11 1081344.000000 0.00000115611897 3 -11.5000000000
2 2 12 1179648.000000 0.00000025768381 3 -12.5000000000
2 2 13 1277952.000000 0.00000006986948 3 -13.5000000000
2 2 14 1376256.000000 0.00000001606366 3 -14.5000000000
2 2 15 1474560.000000 0.00000000420984 3 -15.5000000000
2 2 16 1572864.000000 0.00000000098478 3 -16.5000000000
2 3 0 0.000000 0.00374627206475 0 -5.0000000000
2 3 1 98304.000000 0.00205701775849 0 -5.0000000000
2 3 2 196608.000000 0.00037278688978 3 -6.0000000000
2 3 3 294912.000000 0.00014158152044 5 -6.5000000000
2 3 4 393216.000000 0.00004695180905 4 -7.2500000000
2 3 5 491520.000000 0.00001682811671 3 -8.2500000000
2 3 6 589824.000000 0.00000573810439 5 -8.7500000000
2 3 7 688128.000000 0.00000187600722 4 -9.5000000000
2 3 8 786432.000000 0.00000054335470 4 -10.2500000000
2 3 9 884736.000000 0.00000014140755 3 -11.2500000000
2 3 10 983040.000000 0.00000004459329 3 -12.2500000000
2 3 11 1081344.000000 0.00000001136140 4 -13.0000000000
2 3 12 1179648.000000 0.00000000317412 3 -14.0000000000
2 3 13 1277952.000000 0.00000000077496 3 -15.0000000000
2 3 14 1376256.000000 0.00000000020967 3 -16.0000000000
2 3 15 1474560.000000 0.00000000004923 3 -17.0000000000
2 3 16 1572864.000000 0.00000000001238 3 -18.0000000000
2 4 0 0.000000 0.54714208841324 0 -5.0000000000
2 4 1 98304.000000 0.22419941425323 2 -4.5000000000
2 4 2 196608.000000 0.03870087489486 7 -4.5000000000
2 4 3 294912.000000 0.01569058001041 3 -5.5000000000
2 4 4 393216.000000 0.00511688645929 6 -5.7500000000
2 4 5 491520.000000 0.00224536797032 5 -6.2500000000
2 4 6 589824.000000 0.00064566259971 4 -7.0000000000
2 4 7 688128.000000 0.00020595050592 3 -8.0000000000
2 4 8 786432.000000 0.00005542738290 4 -8.7500000000
2 4 9 884736.000000 0.00001538885226 3 -9.7500000000
2 4 10 983040.000000 0.00000390768810 3 -10.7500000000
2 4 11 1081344.000000 0.00000085924125 3 -11.7500000000
2 4 12 1179648.000000 0.00000017738283 3 -12.7500000000
2 4 13 1277952.000000 0.00000004878805 3 -13.7500000000
2 4 14 1376256.000000 0.00000001122165 3 -14.7500000000
2 4 15 1474560.000000 0.00000000354471 3 -15.7500000000
2 4 16 1572864.000000 0.00000000097854 3 -16.7500000000
2 5 0 0.000000 0.48336464166641 0 -4.0000000000
2 5 1 98304.000000 0.19984932243824 0 -4.0000000000
2 5 2 196608.000000 0.03357767686248 4 -4.7500000000
2 5 3 294912.000000 0.01007948257029 5 -5.2500000000
2 5 4 393216.000000 0.00431338185444 5 -5.7500000000
2 5 5 491520.000000 0.00146902713459 4 -6.5000000000
2 5 6 589824.000000 0.00063370622229 5 -7.0000000000
2 5 7 688128.000000 0.00020455768390 4 -7.7500000000
2 5 8 786432.000000 0.00006791226042 3 -8.7500000000
2 5 9 884736.000000 0.00001698244523 4 -9.5000000000
2 5 10 983040.000000 0.00000446518288 3 -10.5000000000
2 5 11 1081344.000000 0.00000098878229 3 -11.5000000000
2 5 12 1179648.000000 0.00000026180567 3 -12.5000000000
2 5 13 1277952.000000 0.00000007154321 3 -13.5000000000
2 5 14 1376256.000000 0.00000001622907 3 -14.5000000000
2 5 15 1474560.000000 0.00000000435642 3 -15.5000000000
2 5 16 1572864.000000 0.00000000108845 3 -16.5000000000
2 6 0 0.000000 0.00344792334363 0 -5.0000000000
2 6 1 98304.000000 0.00178355898242 0 -5.0000000000
2 6 2 196608.000000 0.00036072800867 3 -6.0000000000
2 6 3 294912.000000 0.00010476790339 4 -6.7500000000
2 6 4 393216.000000 0.00004548153083 4 -7.5000000000
2 6 5 491520.000000 0.00001399670327 4 -8.2500000000
2 6 6 589824.000000 0.00000568350970 5 -8.7500000000
2 6 7 688128.000000 0.00000175181776 4 -9.5000000000
2 6 8 786432.000000 0.00000052656941 3 -10.5000000000
2 6 9 884736.000000 0.00000014059022 4 -11.2500000000
2 6 10 983040.000000 0.00000003551525 3 -12.2500000000
2 6 11 1081344.000000 0.00000000823566 3 -13.2500000000
2 6 12 1179648.000000 0.00000000221956 3 -14.2500000000
2 6 13 1277952.000000 0.00000000054517 3 -15.2500000000
2 6 14 1376256.000000 0.00000000015356 3 -16.2500000000
2 6 15 1474560.000000 0.00000000003524 3 -17.2500000000
2 6 16 1572864.000000 0.00000000000889 3 -18.2500000000
2 7 0 0.000000 0.16304925084114 0 -5.0000000000
2 7 1 98304.000000 0.05521800369024 2 -4.5000000000
2 7 2 196608.000000 0.01390959229320 5 -5.0000000000
2 7 3 294912.000000 0.00578901544213 4 -5.7500000000
2 7 4 393216.000000 0.00197634869255 6 -6.0000000000
2 7 5 491520.000000 0.00075623445446 3 -7.0000000000
2 7 6 589824.000000 0.00026853810414 4 -7.7500000000
2 7 7 688128.000000 0.00009104495257 4 -8.5000000000
2 7 8 786432.000000 0.00002733761357 5 -9.0000000000
2 7 9 884736.000000 0.00000640652843 3 -10.0000000000
2 7 10 983040.000000 0.00000202877550 3 -11.0000000000
2 7 11 1081344.000000 0.00000053514293 4 -11.7500000000
2 7 12 1179648.000000 0.00000016283165 3 -12.7500000000
2 7 13 1277952.000000 0.00000003778377 3 -13.7500000000
2 7 14 1376256.000000 0.00000000808770 3 -14.7500000000
2 7 15 1474560.000000 0.00000000225072 3 -15.7500000000
2 7 16 1572864.000000 0.00000000049349 3 -16.7500000000
2 8 0 0.000000 5.53253507614136 0 -4.0000000000
2 8 1 98304.000000 4.51118898391724 3 -3.2500000000
2 8 2 196608.000000 0.85801666975021 3 -4.2500000000
2 8 3 294912.000000 0.30069246888161 5 -4.7500000000
2 8 4 393216.000000 0.11607792973518 5 -5.2500000000
2 8 5 491520.000000 0.03885849937797 4 -6.0000000000
2 8 6 589824.000000 0.01452322397381 4 -6.7500000000
2 8 7 688128.000000 0.00417922716588 4 -7.5000000000
2 8 8 786432.000000 0.00138824339956 4 -8.2500000000
2 8 9 884736.000000 0.00033326633275 3 -9.2500000000
2 8 10 983040.000000 0.00012172870629 4 -10.0000000000
2 8 11 1081344.000000 0.00003466424823 3 -11.0000000000
2 8 12 1179648.000000 0.00000763028675 3 -12.0000000000
2 8 13 1277952.000000 0.00000184802639 3 -13.0000000000
2 8 14 1376256.000000 0.00000041024828 3 -14.0000000000
2 8 15 1474560.000000 0.00000011059937 3 -15.0000000000
2 8 16 1572864.000000 0.00000003017333 3 -16.0000000000
